outputs_txt/Data_file_200k_ky_topographic__elevation.txt
ncols 100
nrows 50
xllcorner 0.0
yllcorner 0.0
cellsize 200.0
nodata_value -32768
[rows 0 to 16 of 50, columns 0 to 36 of 100]
9.874532219066205815e-04 5.718918811503370930e-04 4.520784009026830304e-04 2.663739926806254501e-04 8.998557452858089480e-04 4.075436276320867218e-04 1.116400819032432564e-04 5.606197584192192931e-04 2.816056686356872753e-04 7.091616999463187148e-04 7.245636159569824762e-04 5.339336087628366884e-04 5.950305903997469680e-04 1.397689280539791187e-04 8.215453368302902447e-04 2.528158093828495180e-04 7.970142070871965353e-04 8.642758191005334547e-04 4.830458824078315175e-04 8.730280106633262101e-04 2.714517779312907017e-04 2.633363353131360635e-04 7.093182723154872315e-04 7.428075296972025279e-05 8.886431293432063344e-04 5.050753760661985523e-05 6.061805164144701058e-04 7.380139494006113330e-04 8.832425602419924035e-05 3.194536543900955297e-04 2.057928980883798656e-04 9.120941820935017479e-04 7.310433960690260061e-04 3.644372503474211321e-04 2.236992022624065854e-04 7.729792488491861848e-04 8.939526697441438742e-04
8.892593105697957833e-04 1.855353822361110971e+01 1.620459813331583732e+01 1.854907363037668944e+01 1.823561913871685292e+01 1.593206515688490121e+01 1.679595201088709544e+01 1.922785954475025250e+01 1.842738095211119997e+01 1.671639300120646965e+01 1.636105032634818812e+01 1.570649312180242774e+01 1.515615753455756121e+01 1.467364247434421642e+01 1.388613895601087123e+01 1.184225902876248782e+01 1.284870344877200665e+01 1.401781875196167526e+01 1.548381992389174933e+01 1.784942297285124368e+01 1.797168856761444289e+01 1.628574629981125099e+01 1.603053310735766246e+01 1.449585440549420845e+01 1.284637002612024936e+01 1.494638998691768528e+01 1.631055664305644370e+01 1.747258104514792265e+01 1.661426421331645642e+01 1.531788924489855397e+01 1.601677904207137360e+01 1.690183596077199013e+01 1.821907690437233995e+01 1.825659898440314777e+01 1.593560951849703322e+01 1.554719044987348475e+01 1.623247642116369960e+01
6.395313700243740289e-04 1.688865988746776026e+01 1.471726110800589638e+01 1.620232698095361457e+01 1.660353415108551900e+01 1.445322050129368208e+01 1.529696457399138332e+01 1.750566624854969078e+01 1.601030641945795807e+01 1.453959545021382382e+01 1.419554805448360391e+01 1.358338103791913376e+01 1.306042123453380555e+01 1.259726375870303450e+01 1.277617765971712593e+01 1.102095366289478662e+01 1.244480415240056992e+01 1.451637582197542820e+01 1.479066523624347873e+01 1.703957761879174271e+01 1.558943609166583855e+01 1.412285829832253548e+01 1.386446296009747137e+01 1.242410449962775587e+01 1.140836702370813072e+01 1.345905991117017741e+01 1.411356280130977758e+01 1.514391837528390639e+01 1.436411593391156671e+01 1.316824296649220827e+01 1.382064250203094602e+01 1.461002443020044161e+01 1.568800868815004712e+01 1.661402436223721324e+01 1.448434131965579930e+01 1.346878964072571527e+01 1.409221508562431247e+01
2.826028614054564209e-04 1.599785373356331597e+01 1.387500979881806806e+01 1.599601351045451203e+01 1.552566735553145350e+01 1.342432378115895730e+01 1.426239079839741208e+01 1.639815373532165310e+01 1.562823190481975288e+01 1.352636101443125227e+01 1.276221483749663221e+01 1.215400576799790322e+01 1.163382050905293319e+01 1.117207429975522359e+01 1.075271617868402174e+01 1.035071642177937967e+01 1.177341690301419597e+01 1.382446446805957763e+01 1.334431335990522172e+01 1.544732235242809182e+01 1.519931785954639736e+01 1.310764463625824483e+01 1.419588145370877008e+01 1.212475722056426974e+01 1.068827838413051801e+01 1.272809977021874950e+01 1.266999508546077458e+01 1.368432946754479751e+01 1.289785301630781511e+01 1.171116589120555318e+01 1.236069296132297346e+01 1.313858564379230387e+01 1.417372239443674609e+01 1.619433936620394832e+01 1.407572500243729507e+01 1.263553934353632258e+01 1.264942143937918217e+01
4.487353167990030113e-04 1.528710949676051101e+01 1.319163573526361688e+01 1.528656013184416018e+01 1.491655098382597622e+01 1.283503083342717765e+01 1.401651146880524657e+01 1.548870965168604208e+01 1.774602479852352488e+01 1.562760120176044865e+01 1.482831532616785886e+01 1.420248066764836814e+01 1.367113682705916133e+01 1.320056569105998356e+01 1.203731630980805711e+01 1.002087191762830365e+01 1.203625075716809611e+01 1.286653682003848509e+01 1.233418804793193679e+01 1.439211367230168115e+01 1.434270424353957196e+01 1.227854294121310907e+01 1.359676786872183918e+01 1.153748345229540284e+01 1.009977207618216077e+01 1.077849191353531921e+01 1.149780202212062186e+01 1.251391305127063269e+01 1.326681172690444654e+01 1.119751797228750689e+01 1.264991527678495231e+01 1.476830371432893330e+01 1.640184000814430121e+01 1.537720175288873925e+01 1.339207819240708908e+01 1.195294200265115059e+01 1.146844908054232093e+01
3.884479341613774738e-04 1.467961294019388596e+01 1.260293227191714216e+01 1.467922015849675255e+01 1.440985859614093378e+01 1.234214132398809127e+01 1.351932270711596829e+01 1.498293103463186249e+01 1.720176663388427585e+01 1.690296653500317348e+01 1.531586807461654409e+01 1.426282173329525982e+01 1.342100607007774293e+01 1.269849302582113459e+01 1.171720665778062020e+01 9.703191298326698799e+00 1.026011208133967934e+01 1.084071062804021501e+01 1.151181825852080998e+01 1.355165321785070454e+01 1.360915165756483347e+01 1.155958220453228869e+01 1.317500689978406747e+01 1.112249807953880065e+01 9.683804313290792720e+00 1.085808189264694690e+01 1.229570895133821118e+01 1.437943012012990529e+01 1.280579570697230984e+01 1.073780898984690069e+01 1.192341264022717517e+01 1.338219818838412145e+01 1.554813830978803857e+01 1.606894137109672016e+01 1.396448683852584161e+01 1.278832906130969960e+01 1.264975070766581489e+01
9.883819239636547002e-04 1.414116734975968370e+01 1.207862249425158652e+01 1.414091565264051198e+01 1.396739589270586634e+01 1.191034783761229932e+01 1.308373285322018909e+01 1.454089360745145854e+01 1.672402740696631795e+01 1.466452984613911070e+01 1.321720309892696577e+01 1.220718556443708280e+01 1.138469213086837151e+01 1.067344024197411656e+01 1.003791209307637722e+01 9.432687097242460794e+00 1.144406552831775947e+01 1.286458718788036215e+01 1.354985033940679884e+01 1.443071787795282468e+01 1.235293405253808174e+01 1.091566443746678061e+01 1.295520343855818091e+01 1.134934317638438017e+01 9.311587153949218987e+00 1.134746127330439514e+01 1.293205549328425263e+01 1.441024674590801880e+01 1.239128686889512210e+01 1.032671710181473834e+01 1.238689807941582366e+01 1.351324511708335585e+01 1.381785730986918104e+01 1.600347763317184402e+01 1.606827725970938658e+01 1.423041856850695552e+01 1.409416718276963998e+01
3.319618847482213296e-04 1.365300618220868856e+01 1.160160140949576046e+01 1.365288423421433528e+01 1.357004281121967892e+01 1.152159116317995924e+01 1.269202316333015013e+01 1.414470679612910686e+01 1.630280406796124026e+01 1.500357362648354176e+01 1.394870459492791248e+01 1.316910472256397568e+01 1.252288499568456714e+01 1.195864547385779098e+01 1.119751626464745442e+01 9.189505911624973322e+00 1.034761930766173244e+01 1.177114077258314317e+01 1.383089509725073540e+01 1.387516804738560694e+01 1.180824176137888060e+01 1.037098442831178779e+01 1.147862442588685461e+01 1.099057784529087556e+01 8.956075865480578102e+00 9.867148121811922579e+00 1.088556148872931040e+01 1.232391295416548793e+01 1.199721934910930621e+01 9.937854985104134897e+00 1.066391206368268030e+01 1.144040955011751670e+01 1.235915977273178079e+01 1.381898021996728332e+01 1.600931493989373777e+01 1.636490251245835026e+01 1.623207535561358483e+01
9.010359987070598771e-04 1.320351326584182061e+01 1.116110546613980326e+01 1.320351178731780806e+01 1.320655350685557927e+01 1.116521595842246306e+01 1.259813807171942024e+01 1.466641028459024199e+01 1.500512547418829179e+01 1.290948755064497711e+01 1.189889034586651562e+01 1.113729207592021986e+01 1.050101496869796058e+01 9.943521228237315768e+00 9.441315551259409133e+00 8.954652878892535028e+00 1.011173543198165703e+01 1.153332043425494113e+01 1.358577673825941901e+01 1.337737895458581150e+01 1.131705650954876852e+01 9.876774625958043785e+00 9.442091573795110548e+00 9.033730246484710236e+00 8.633204007097321053e+00 9.808461432197900010e+00 1.124632601155039779e+01 1.330536073764309890e+01 1.166374884952224811e+01 9.604298278755344143e+00 1.052176926751458907e+01 1.154728270989563299e+01 1.273191079066612197e+01 1.419611990733946527e+01 1.643982966388294642e+01 1.660014664827486897e+01 1.440244734352873834e+01
6.917431691057290746e-04 1.278490578109446041e+01 1.074986017881125910e+01 1.278501106978330348e+01 1.286502084817203695e+01 1.082965654036724246e+01 1.226074794879600027e+01 1.433655302510125473e+01 1.571596006136209134e+01 1.500422456373436475e+01 1.395168514038596008e+01 1.317028932503265537e+01 1.252319717431496571e+01 1.195775816840320793e+01 1.075456535922665502e+01 8.748096639013446918e+00 9.749711135602314727e+00 1.090873842598322341e+01 1.233558571881447641e+01 1.441841481774349454e+01 1.337233056006220622e+01 1.131520536569455437e+01 1.147559306180516359e+01 1.042305002667075797e+01 8.389351581256278223e+00 9.565055675204400032e+00 1.100376132508283789e+01 1.306065781786113256e+01 1.135595365182599004e+01 9.297625607931683689e+00 1.021541966206753749e+01 1.124126456741979929e+01 1.242605729247920898e+01 1.388765843460840266e+01 1.610506386295872971e+01 1.619889851866176045e+01 1.402324516152007661e+01
2.923482951924798352e-04 1.239166916972519772e+01 1.036269133062446812e+01 1.239187048199230823e+01 1.254194134242001546e+01 1.051172100689288769e+01 1.254095587651030108e+01 1.363971428246468776e+01 1.359783253476274112e+01 1.571643994058706539e+01 1.516395789282075768e+01 1.303894219377470165e+01 1.160797063201592749e+01 1.044719034186687168e+01 9.443724237542911126e+00 8.547554403152084035e+00 9.549604983714917950e+00 1.070889959226199828e+01 1.213401559148252851e+01 1.421268589511595692e+01 1.386901068203511578e+01 1.178782902549748712e+01 1.034973551133226266e+01 9.173389615069135417e+00 8.153260292644576523e+00 9.329455394004771307e+00 1.076845466505631066e+01 1.282202736278172139e+01 1.106980288032262649e+01 9.012220175425056823e+00 9.930330111667945658e+00 1.095644950088507308e+01 1.214143811544200879e+01 1.360180637886549881e+01 1.579283067365729032e+01 1.451591337114182068e+01 1.414912800438155038e+01
4.742756502509650742e-04 1.201973027585127696e+01 9.995773536534406034e+00 1.202001433877333447e+01 1.223102605672014143e+01 1.020511284320392598e+01 1.087514517669767145e+01 1.158895788720919917e+01 1.241735210262462985e+01 1.449487428740391159e+01 1.495570957868423356e+01 1.284274818158337617e+01 1.141367547187941689e+01 1.025407983864639405e+01 9.251826824040868757e+00 8.356643463177711340e+00 1.036193747176195856e+01 1.176144139182250292e+01 1.217679735831561771e+01 1.425126469928215300e+01 1.384905187931983939e+01 1.177254065387570492e+01 1.135061362779073590e+01 9.964021892309487427e+00 7.928972934894609637e+00 9.105548292284840528e+00 1.054485633694262958e+01 1.259567939099284395e+01 1.080128287692446420e+01 8.744169468662805755e+00 9.770876012661284804e+00 1.095580578441887276e+01 1.240969057040952883e+01 1.452985503832729997e+01 1.406222473756279534e+01 1.237681983174737255e+01 1.179662956469653068e+01
4.560305638975598952e-04 1.166598257715951092e+01 9.646190939834459854e+00 1.166636988695418964e+01 1.195431560968339824e+01 9.932040694107747925e+00 1.135548358626202159e+01 1.340623835754730386e+01 1.448920464737115665e+01 1.565106726210256127e+01 1.349214953450361598e+01 1.205346337918441790e+01 1.089052479000014451e+01 9.886142408738976428e+00 8.989086828445444155e+00 8.171309764031027711e+00 8.928485054309462043e+00 9.747681322066872767e+00 1.075278009653885292e+01 1.278574823152266937e+01 1.238270225757660725e+01 1.033490050942396188e+01 9.315581093117506484e+00 8.482519196953351326e+00 7.710759012456595229e+00 8.887886522620288332e+00 1.032753752145558046e+01 1.237603572569935295e+01 1.054551217400560681e+01 8.488671214753923167e+00 9.674227018149826662e+00 1.112541374477872402e+01 1.320571661455793766e+01 1.406074941334318673e+01 1.194510723622082971e+01 1.089654401031718578e+01 1.023750346344903228e+01
1.868929910681809174e-04 1.132799553466026943e+01 9.311664650167672974e+00 1.132810717614642471e+01 1.168704173960613524e+01 9.668511078470551467e+00 1.109181535244939099e+01 1.313809070812960123e+01 1.340562409851925096e+01 1.552892546100792082e+01 1.454388880402173001e+01 1.306159321951964714e+01 1.203954244634708459e+01 1.121137111710763001e+01 9.999573118709550457e+00 7.996505662659584956e+00 8.997027656419350095e+00 1.015407408935167766e+01 1.157590295510529721e+01 1.363504048794460211e+01 1.320654084046533150e+01 1.114019695032659207e+01 9.701966084863716588e+00 8.525663656471822449e+00 7.505169329791929300e+00 8.682741374532223944e+00 1.012274168690832710e+01 1.216931877422506680e+01 1.029907911092018757e+01 8.242335166280199132e+00 9.269674637611675649e+00 1.045495892283998174e+01 1.190791111234695876e+01 1.401147441050279596e+01 1.405951768441969385e+01 1.210511952277876802e+01 1.144225305445447383e+01
1.986744819930234037e-04 1.100382253913498865e+01 8.990358244680543010e+00 1.072743687070484953e+01 1.095038433465070504e+01 9.413720418740753715e+00 1.142912804919875747e+01 1.230704119227795168e+01 1.196162778319844300e+01 1.402337814292413221e+01 1.245625621662174787e+01 1.102703885609731316e+01 1.002129822640655910e+01 9.201701363698383318e+00 8.492759258536425548e+00 7.825283461797132745e+00 8.825873768740816416e+00 9.983112172126306305e+00 1.140528514961537887e+01 1.346172885095412397e+01 1.324762772100832464e+01 1.117883393111003265e+01 1.075517126980540006e+01 9.341742485371652194e+00 7.307349591850595516e+00 8.485308000045163723e+00 9.925674427593923710e+00 1.197063493343038409e+01 1.006262204797016402e+01 8.005876669288634062e+00 8.925136277954809572e+00 9.952030218796986460e+00 1.113698877327406933e+01 1.259208669842942285e+01 1.472564370564076874e+01 1.360490144478592534e+01 1.293867387188157103e+01
2.732476074710214102e-04 1.068817130415103911e+01 8.677024708707140377e+00 8.717352518844991849e+00 8.938900449976326712e+00 9.162922935660478885e+00 9.699389532590528162e+00 1.027955065117262023e+01 1.095054114607975393e+01 1.299480755095221873e+01 1.422138440370024703e+01 1.214277005949123556e+01 1.071782294471720576e+01 9.558747725281456553e+00 8.557103927166336277e+00 7.662451565246978014e+00 8.662848427064563595e+00 9.819849867917536557e+00 1.124149638152618813e+01 1.329209154229732981e+01 1.178843850301507601e+01 9.740490517920164848e+00 8.720322647204323374e+00 7.886380646287378227e+00 7.113669250887586948e+00 8.292144997065653556e+00 9.732902023201232211e+00 1.177650969542177251e+01 9.836375680787272202e+00 7.779572490775302107e+00 8.698973429197858209e+00 9.725826013157254479e+00 1.091031761492603280e+01 1.236335455642064751e+01 1.449230998138768811e+01 1.592070899375682913e+01 1.519971835507561586e+01
7.423273965994747065e-04 1.038065089546112674e+01 8.371539165375027736e+00 8.498789543805358448e+00 1.050579279225950913e+01 1.117653359555290393e+01 1.172000257960266723e+01 1.230881115717948759e+01 1.211954507116483271e+01 1.418291537771894362e+01 1.272378965459490452e+01 1.239809963223735423e+01 1.210212524942080137e+01 1.007819155293995728e+01 8.660485904626685993e+00 7.504765623479382697e+00 8.504770761171243976e+00 9.661333722256610912e+00 1.108223438144723438e+01 1.313014556604369965e+01 1.262224832563087773e+01 1.056517629738123709e+01 9.126446739539932906e+00 7.949967975042359747e+00 6.929033842707209345e+00 8.108096298168227634e+00 9.550042363617363250e+00 1.159178871720870241e+01 9.618310678053710205e+00 7.562191313826038375e+00 8.402246585209070417e+00 9.324642964325843053e+00 1.036621799867862670e+01 1.160359596731506215e+01 1.326640914753049572e+01 1.587553344961722779e+01 1.540769935011618763e+01
