outputs_txt/Data_file_100k_ky_topographic__elevation.txt
ncols 100
nrows 50
xllcorner 0.0
yllcorner 0.0
cellsize 200.0
nodata_value -32768
[rows 0 to 16 of 50, columns 37 to 73 of 100]
6.947976736072460817e-04 6.386602907874911871e-04 1.810812704536676092e-04 8.098349891882554484e-04 6.746447888343604224e-04 1.384939423039011173e-04 8.765660047547614271e-04 7.823681927607051582e-05 4.557793758318652100e-04 8.973866288408838959e-04 9.416114913450181331e-04 1.027713555442471020e-04 7.578026571359140632e-04 3.873577730922315196e-04 7.580131564379465623e-04 8.025249264743811433e-04 6.373552330328000190e-04 4.484515580836175605e-04 8.808812493152050078e-04 5.503775342879505851e-04 7.621130708039890005e-04 9.412128562948549829e-04 2.473391358999958039e-04 3.155297017653323623e-04 9.260077148839073737e-05 5.991370364065260346e-04 1.445992429256416276e-04 8.506696321823598158e-04 7.907730606909621702e-04 6.763054386588956491e-04 4.148064561724596009e-05 4.254548389511150362e-04 2.468426429805756759e-04 3.235993605498266377e-04 6.527743775483008451e-04 5.508121973309252793e-04 2.621210211913616129e-05
2.309513351813794912e+01 2.186586676893625025e+01 2.078971102985019925e+01 1.983892799114569172e+01 1.898348758500881672e+01 1.619059232172832452e+01 1.728232472211816884e+01 1.616514266330856842e+01 1.790393291606234527e+01 1.658392509303281770e+01 2.039811800099620243e+01 2.611466431589945358e+01 3.529883046930039825e+01 2.952977714175165858e+01 3.903906919302095702e+01 3.158368213338199482e+01 2.285173157122953569e+01 2.156630978681822342e+01 1.890987479718327435e+01 2.177614986173730927e+01 2.738515547975692499e+01 2.424177457885505049e+01 2.843295157588804400e+01 3.492608622879877345e+01 2.977080030398607136e+01 2.374371639000079881e+01 2.009398741577673775e+01 1.761652783356656471e+01 2.009398538858645722e+01 2.374369366762937616e+01 2.976381533421039549e+01 3.198249078730014361e+01 2.561152571061738570e+01 2.156399345841535720e+01 1.868284839012422793e+01 1.655165062821270894e+01 1.772812827936386526e+01
1.616808730094381730e+01 1.534897088124300524e+01 1.465602468870032382e+01 1.406003550371766053e+01 1.353640422930895504e+01 1.182390536992836694e+01 1.245890597586966564e+01 1.173242001907856569e+01 1.267902499455831844e+01 1.406437000088327061e+01 1.801364110013661701e+01 2.573172953711413413e+01 3.229171320966327841e+01 2.336186132939949545e+01 3.229650286165686168e+01 2.541856411300041785e+01 1.776438233154494029e+01 1.505320932449404658e+01 1.342034014512586637e+01 1.524133878355969607e+01 1.944910288813244037e+01 1.680690082564011689e+01 2.005668689901889223e+01 2.574340868791854575e+01 2.127045274392032681e+01 1.647075668251329716e+01 1.402603436854553820e+01 1.260079634121923142e+01 1.402603303398178625e+01 1.647074949561604384e+01 2.126766620883491044e+01 2.298261569482053801e+01 1.754510779051376801e+01 1.452897434834098966e+01 1.265895675978025992e+01 1.143059869646380911e+01 1.226571715298478438e+01
1.289611447152146440e+01 1.237446475024455594e+01 1.193037087146205266e+01 1.154150166409402978e+01 1.119197740975059219e+01 1.001902320778623867e+01 1.048791272994936108e+01 1.101963951860655833e+01 1.237064011400191887e+01 1.463050841590862028e+01 1.867517168684981144e+01 2.641133547277489058e+01 2.828412254482852717e+01 2.000568385763555312e+01 2.828314090472058595e+01 2.578207743970682131e+01 1.824012877750938699e+01 1.441786683544416192e+01 1.235174349479941114e+01 1.320823967551135247e+01 1.741224638298841754e+01 1.474699918906307694e+01 1.887705146097206921e+01 2.679480755240184564e+01 2.482316596512266571e+01 1.746733510009412171e+01 1.382578354689113986e+01 1.189847550176922475e+01 1.382359658390061696e+01 1.746201903704640301e+01 2.481774270672538307e+01 2.710684355842011684e+01 1.894616631970328768e+01 1.449047671219272004e+01 1.192001074072523892e+01 1.056327656959039629e+01 9.999755050771559794e+00
1.119581099455109729e+01 1.081938522495473620e+01 1.047954631517516511e+01 1.016553772462438410e+01 9.870856945937967808e+00 9.588953964544908004e+00 1.052850002223627790e+01 1.177807479122632195e+01 1.377487990475559165e+01 1.737520297708532979e+01 2.456098196658974331e+01 2.895655309750499029e+01 2.535019209975414256e+01 1.776731202215955463e+01 2.534394984878001011e+01 2.437501343221157413e+01 1.723606509241009022e+01 1.561646936954218390e+01 1.164839232455426554e+01 1.191535846698908507e+01 1.259139573623552977e+01 1.346617639277753398e+01 1.693694335028013143e+01 2.416349421314686197e+01 2.275598518529927361e+01 1.878852491728487095e+01 1.530486523694884582e+01 1.139772050712968543e+01 1.309523611199324122e+01 1.634068025386160983e+01 2.322055827067222111e+01 2.688021355461441431e+01 1.873738272438619035e+01 2.022788254945648490e+01 1.736292227218712014e+01 1.492117921876783804e+01 1.385762530154383754e+01
1.349895300749813387e+01 1.443595177444113098e+01 1.383376675272345224e+01 1.330778535231662651e+01 1.210510442595333913e+01 9.363275068989924677e+00 1.029219849989169333e+01 1.149825381254469647e+01 1.339060242833119574e+01 1.681668431763740301e+01 2.376954542791127523e+01 2.092756775867417929e+01 2.282497721272054036e+01 1.618017442618513613e+01 2.304364778082951659e+01 1.933514318797503151e+01 1.374985434888723823e+01 1.213821378543511287e+01 1.106601845205424439e+01 1.141575804667255234e+01 1.304538608025183244e+01 1.615313403175137452e+01 2.282660825286920314e+01 2.276285861195422200e+01 1.592240427474761688e+01 1.332803211405350297e+01 1.194597348224428046e+01 1.097600853808010513e+01 1.251888116930606287e+01 1.544240581078604890e+01 2.186758274714536299e+01 2.111753236700687353e+01 1.430204124995785975e+01 1.384613893754275438e+01 1.434225977936567986e+01 1.328131813304755937e+01 1.242511374557390624e+01
1.909123109377286553e+01 1.999820083019444894e+01 1.424087911777881033e+01 1.164916407366257900e+01 1.019307555203697113e+01 9.146468002923214158e+00 1.019101687343511742e+01 1.164215469863912134e+01 1.422942293166522987e+01 1.999583939669136257e+01 2.325725664089004852e+01 1.657940949588297741e+01 1.688598851929906175e+01 1.502577967717720320e+01 2.115343601881303215e+01 2.032290003148594337e+01 1.452700350285851805e+01 1.199214337617718407e+01 1.060531130184188520e+01 1.098578998480928703e+01 1.220485717239745860e+01 1.419764273055139547e+01 1.785968937055464423e+01 2.514724991657672604e+01 2.123038661474846123e+01 1.728167542316717586e+01 1.256154591868172155e+01 1.063028790613697794e+01 1.393749925507017728e+01 1.570722296121107497e+01 2.221381774885971083e+01 1.771739202321561280e+01 1.210267752578768885e+01 1.098619963611832517e+01 1.025071382796637920e+01 9.667871756505409309e+00 9.168327105854396919e+00
2.077323660315293452e+01 1.763160117504392232e+01 1.554062774510087941e+01 1.401055898431877367e+01 1.052250027562193146e+01 8.940504904211708848e+00 9.977770436756722816e+00 1.138659118289407601e+01 1.385972632743721533e+01 1.941493335348793892e+01 1.991249383910239956e+01 1.442494576813145457e+01 1.345615380295719987e+01 1.414601242318363994e+01 1.958481304273847101e+01 1.952835626330435659e+01 1.403611403801108359e+01 1.166210819850377156e+01 1.032707095412932041e+01 1.143500330352342154e+01 1.312049167978029374e+01 1.622875004550185807e+01 2.280987269638586312e+01 2.125004925598691230e+01 1.497635200292511826e+01 1.268784336424655201e+01 1.129370231404326042e+01 1.030591259194259379e+01 1.129474128171482938e+01 1.268990373039223307e+01 1.762482211168122959e+01 2.278993406342643979e+01 1.560316797954389934e+01 1.571032719453501869e+01 1.434134712733394679e+01 1.328262519008262643e+01 1.242646430945810287e+01
1.449834311856698399e+01 1.253862122004956170e+01 1.137183684938074180e+01 1.366243281489619754e+01 1.030143053867356073e+01 8.741676970976730132e+00 1.127503171891297562e+01 1.162094827512909134e+01 1.420995081356181799e+01 1.994981445226146732e+01 1.767006548979594882e+01 1.315393081085423255e+01 1.289142717291878348e+01 1.544423200666376594e+01 2.141354191978455290e+01 1.882687287083065186e+01 1.360593477342107072e+01 1.136565167385978192e+01 1.006850441237108207e+01 1.115136951580100266e+01 1.274825816975902626e+01 1.567131475906360549e+01 2.198408149584738069e+01 2.226345053415287367e+01 1.579684630823913061e+01 1.276988737840410337e+01 1.112171905593664789e+01 1.002126436734841519e+01 1.112190849183160246e+01 1.277100195695604334e+01 1.580492446474559110e+01 2.227761887386217765e+01 2.165003038893122067e+01 1.768221368205985300e+01 1.519874340630172505e+01 1.579054027615043410e+01 1.468834444431518804e+01
1.386328230699473529e+01 1.181430010532571728e+01 1.055064275833719201e+01 1.333277442912735644e+01 1.008727001072550955e+01 8.546189842958261451e+00 9.309462940955583576e+00 1.016472063582721397e+01 1.210552837559783335e+01 1.665623083818436001e+01 1.606412605586711351e+01 1.228768208588244271e+01 1.241578710947092823e+01 1.628984436534724978e+01 2.121027238312158048e+01 1.819742644724804848e+01 1.322425113896520621e+01 1.109482532930636545e+01 9.825804894861891015e+00 1.089024597429208185e+01 1.241485520355858618e+01 1.517320810336208581e+01 2.122133828340965067e+01 2.144196094544417264e+01 1.525145472769028743e+01 1.240499234894853764e+01 1.083781054336802185e+01 9.759429933419179193e+00 1.104694408111783055e+01 1.323467002325268460e+01 1.833293769490780178e+01 2.165576425728223953e+01 1.479171626992987143e+01 1.213571356901419129e+01 1.069377016735228381e+01 1.112035310281053668e+01 1.047092020822846514e+01
1.382423296128848733e+01 1.134972072913481256e+01 9.969872926909300048e+00 1.299884059851008544e+01 1.053630863632875503e+01 8.359638760235448274e+00 9.555972977452881878e+00 1.133538100453231046e+01 1.535801001988942538e+01 1.814759512234336114e+01 1.351790998799925880e+01 1.160958266052434062e+01 1.198692165085968142e+01 1.324687873937107341e+01 1.531781948733857668e+01 1.761979991881902663e+01 1.288081471031509828e+01 1.084401574187911876e+01 9.596257441288422285e+00 1.064727058899102730e+01 1.211353587060397885e+01 1.472826449542360550e+01 2.053180707210410816e+01 2.195336706844258146e+01 1.543607133677265431e+01 1.490152996302817989e+01 1.116042296024391511e+01 9.513699440018569931e+00 1.077614594249043556e+01 1.285919219244479450e+01 1.770991370746735427e+01 1.906906919440062964e+01 1.305912510210190369e+01 1.091819664099623921e+01 9.752216717383197064e+00 9.173425820763483785e+00 8.683860394799728155e+00
1.316035878669970494e+01 1.233284305541961778e+01 9.490965458647075081e+00 1.126381021184409903e+01 1.057910957115989348e+01 8.176739573332245214e+00 9.368783250731929968e+00 1.111253956724826075e+01 1.500817273901273730e+01 1.743897362161030173e+01 1.310402324842602617e+01 1.129975179384908657e+01 1.310336347079377362e+01 1.744003954187970251e+01 2.120962767824887862e+01 1.711496490561943773e+01 1.256818366228471540e+01 1.060930229468141661e+01 9.377885386267465151e+00 1.041909165471884791e+01 1.183865616126365516e+01 1.433126183226324990e+01 1.989891595074966091e+01 1.734465699085204449e+01 1.238244122268643288e+01 1.348742139400732754e+01 1.192825865085380954e+01 9.278125356195433326e+00 1.032830170941817904e+01 1.177162078673652879e+01 1.432054812268398969e+01 1.999145807936206509e+01 1.905561822200624889e+01 1.558203499263969150e+01 1.349122409870974337e+01 1.247797204886875910e+01 1.047031310167897722e+01
1.002586458914405654e+01 9.515948154752649657e+00 9.040087943307945295e+00 8.718440694587348716e+00 1.035642979848150880e+01 7.997467385253235861e+00 1.036302143428821765e+01 1.253481662544551867e+01 1.475290278202297678e+01 1.681079685168844051e+01 1.273662631951180657e+01 1.100837675688162598e+01 1.392295524673710361e+01 1.716144543428618263e+01 2.125182220903694130e+01 1.664324083744659077e+01 1.228072596893446722e+01 1.038785016292870012e+01 9.169195200411227376e+00 1.038746989316091174e+01 1.227828952748052593e+01 1.662588083097444525e+01 1.870137692796853202e+01 1.328429521635919919e+01 1.096417129155270409e+01 1.021906415333525864e+01 9.616430234954433942e+00 9.051230935991444682e+00 1.009288284361781862e+01 1.149149703019164548e+01 1.391692463357492571e+01 1.934599575183341003e+01 1.562603411784515473e+01 1.467376002484185094e+01 1.475231168751891531e+01 1.053183576757177065e+01 8.669351909529259714e+00
1.316499616207391732e+01 1.237044641922573263e+01 1.086353078205374878e+01 8.404160729026569854e+00 8.110697761907459835e+00 7.819804996093418836e+00 8.642854462669172122e+00 9.568300879383865976e+00 1.093998417437763138e+01 1.475467674072988267e+01 1.351547480408071777e+01 1.072910915356354167e+01 1.166715035176475901e+01 1.290140335713909181e+01 1.547867233879436100e+01 1.619669019899293261e+01 1.201280436196964452e+01 1.017647308568045972e+01 8.967945932170886536e+00 9.995833719096106407e+00 1.134417871519183407e+01 1.362915253459332199e+01 1.878515947933239616e+01 1.855427261391492877e+01 1.325229162776878589e+01 1.260959316640049899e+01 1.065666346440983503e+01 8.846630436318077884e+00 1.006437068713484173e+01 1.192342803599648704e+01 1.616586734579760787e+01 1.561651030894831571e+01 1.099231364407613398e+01 1.046715348069745133e+01 1.085428086187339147e+01 1.017980847918470921e+01 9.521358271101490800e+00
1.799158181416555280e+01 1.297516118924079187e+01 1.075455518453844306e+01 9.427234454676298725e+00 9.973920148660358365e+00 7.671658587573566557e+00 8.850658318437563565e+00 1.050007550290693104e+01 1.404163078967275347e+01 1.573947978978487861e+01 1.208981150441036867e+01 1.046754890226159418e+01 1.171476044953626783e+01 1.375177484576079401e+01 1.847140677920113916e+01 1.579850397185682098e+01 1.176275308283050514e+01 9.974796413568377318e+00 8.774369797275932470e+00 9.797602865345634626e+00 1.111837576902779645e+01 1.331397926979245305e+01 1.828198023486996604e+01 1.827429894466913041e+01 1.323969094985454298e+01 1.101265798077917424e+01 9.677801485137935700e+00 8.646658295732223110e+00 9.856367147395468820e+00 1.166524536507806786e+01 1.574814626171695764e+01 1.295003612940167947e+01 9.430136936703075179e+00 8.670608720341936859e+00 8.101173670771414592e+00 7.606892974818793896e+00 7.162557998744288668e+00
1.819849287913158165e+01 1.312210649260841677e+01 1.083622965657890802e+01 9.466832357560026168e+00 8.427246173630303261e+00 7.524985672421490079e+00 8.702065892924569113e+00 1.033185019279407690e+01 1.379199328080377107e+01 1.528493427983869424e+01 1.180373243170338071e+01 1.021883746025902262e+01 1.281723261552860293e+01 1.563774592601252600e+01 1.917622941376519563e+01 1.542485602378796372e+01 1.152783129818523200e+01 9.781503104178636221e+00 8.587625574403663364e+00 9.607320073303517560e+00 1.090571254957528602e+01 1.302543267195321519e+01 1.781885243171177180e+01 1.779451191773589969e+01 1.293990351362843150e+01 1.079186740540294842e+01 9.481441727946005926e+00 8.454066367294808870e+00 9.657074052466558811e+00 1.142123783685877569e+01 1.535858096902235914e+01 1.561118292782366801e+01 1.099229834763931990e+01 1.046573296533556530e+01 9.760813129663082677e+00 9.190217445431981602e+00 8.701566574062194803e+00
2.078700335200758431e+01 1.561105144767052266e+01 1.148128291641257981e+01 9.621304011135435985e+00 8.391999642483483512e+00 7.381852568403536985e+00 8.557005968553534458e+00 1.016795640377624466e+01 1.354498869100831371e+01 1.486383214905323946e+01 1.153330540700542883e+01 9.977162877483712222e+00 1.088918419076355448e+01 1.200940991527569501e+01 1.418864072756793782e+01 1.506552705080347998e+01 1.130589185422302734e+01 9.595569142086935344e+00 8.407040164285929151e+00 9.423915894645885416e+00 1.070351140010717295e+01 1.275600178560373621e+01 1.738665913189871048e+01 1.734775603193700633e+01 1.266119889994291903e+01 1.058354956637657018e+01 9.292814168570975752e+00 8.267956245072820565e+00 9.292958119332327627e+00 1.058438349329786021e+01 1.266529607806558211e+01 1.734832757651330581e+01 1.561558485361077864e+01 1.466563913855645396e+01 1.349662400652835181e+01 1.258553093901794462e+01 1.184283929130674196e+01
