outputs_txt/Data_file_300k_ky_topographic__elevation.txt
ncols 100
nrows 50
xllcorner 0.0
yllcorner 0.0
cellsize 200.0
nodata_value -32768
[rows 0 to 16 of 50, columns 0 to 36 of 100]
9.874532219066205815e-04 5.718918811503370930e-04 4.520784009026830304e-04 2.663739926806254501e-04 8.998557452858089480e-04 4.075436276320867218e-04 1.116400819032432564e-04 5.606197584192192931e-04 2.816056686356872753e-04 7.091616999463187148e-04 7.245636159569824762e-04 5.339336087628366884e-04 5.950305903997469680e-04 1.397689280539791187e-04 8.215453368302902447e-04 2.528158093828495180e-04 7.970142070871965353e-04 8.642758191005334547e-04 4.830458824078315175e-04 8.730280106633262101e-04 2.714517779312907017e-04 2.633363353131360635e-04 7.093182723154872315e-04 7.428075296972025279e-05 8.886431293432063344e-04 5.050753760661985523e-05 6.061805164144701058e-04 7.380139494006113330e-04 8.832425602419924035e-05 3.194536543900955297e-04 2.057928980883798656e-04 9.120941820935017479e-04 7.310433960690260061e-04 3.644372503474211321e-04 2.236992022624065854e-04 7.729792488491861848e-04 8.939526697441438742e-04
8.892593105697957833e-04 1.806861975379224461e+01 1.606213120738295075e+01 1.806578316717255817e+01 1.781106157567458581e+01 1.580523967822102982e+01 1.662237625720742429e+01 1.863023345251664153e+01 1.792780183233087499e+01 1.650987505038684233e+01 1.616329298942955361e+01 1.555885841578452400e+01 1.504068830582709637e+01 1.458045716598637753e+01 1.383125331876379960e+01 1.183306591366481619e+01 1.283330481982905624e+01 1.398916694981769560e+01 1.540408428938527230e+01 1.740673994222667531e+01 1.742255093446295078e+01 1.598025353624780642e+01 1.571171343178352409e+01 1.426928142445860814e+01 1.265695091823164553e+01 1.469245245686844292e+01 1.596037665522848314e+01 1.697705601056797775e+01 1.613821307911491232e+01 1.495888206592427849e+01 1.560329970726118631e+01 1.638026597104873616e+01 1.740974835909153384e+01 1.770057887812250641e+01 1.562691277030626402e+01 1.519024753488381840e+01 1.582314227980567445e+01
6.395313700243740289e-04 1.664686427761227350e+01 1.464178658993619386e+01 1.606031713772647507e+01 1.639011787173415868e+01 1.438590264878587099e+01 1.520463935390843524e+01 1.720847922812298236e+01 1.592473157539280137e+01 1.450853674655457048e+01 1.416354671402333842e+01 1.355918234911456466e+01 1.304133351028155019e+01 1.258178347016445642e+01 1.274506377510359556e+01 1.101515875504811071e+01 1.243015913037082143e+01 1.442817029826687758e+01 1.474027148730310977e+01 1.673897409542121650e+01 1.538448609165848779e+01 1.394073809989959045e+01 1.367567339578410746e+01 1.223452005294893397e+01 1.121673172064457980e+01 1.325108026481460932e+01 1.392272969553360262e+01 1.493974069362497481e+01 1.409223397217264484e+01 1.291493464106213374e+01 1.355875027387504517e+01 1.433220430349904895e+01 1.535762187934122913e+01 1.623305504679347777e+01 1.415030452916793458e+01 1.309911177727690834e+01 1.373786705575967559e+01
2.826028614054564209e-04 1.582478112766690259e+01 1.382062604323398958e+01 1.582342917866643361e+01 1.538563777136251076e+01 1.338049772510375135e+01 1.420075428205842094e+01 1.620406762212611085e+01 1.550974624537425761e+01 1.350691363210039952e+01 1.274848887985961809e+01 1.214374808173497300e+01 1.162593783613153597e+01 1.116591094486688363e+01 1.074783908796877796e+01 1.034686409775031812e+01 1.176291245738638302e+01 1.376074105255552915e+01 1.332460818799778579e+01 1.532385119514368199e+01 1.495683065046761939e+01 1.292053704951033133e+01 1.396605384388055526e+01 1.193429785184407521e+01 1.049719145070745974e+01 1.252629653702312318e+01 1.248137382806340234e+01 1.349896430967312533e+01 1.264896943266702678e+01 1.147310853155472721e+01 1.211661340017334076e+01 1.288769867171461847e+01 1.391066769352282328e+01 1.580743005166982762e+01 1.372429940721692176e+01 1.223551899038112900e+01 1.224919088003504264e+01
4.487353167990030113e-04 1.515401224174013706e+01 1.314978958919214236e+01 1.515355222345948683e+01 1.480458459565285168e+01 1.279972001206217236e+01 1.395839159842730659e+01 1.537775667922381828e+01 1.737881314026913770e+01 1.550874931727966199e+01 1.474798993388929880e+01 1.414253892365905863e+01 1.362420125832857742e+01 1.316276220297713095e+01 1.201510549245546144e+01 1.001769848257896989e+01 1.201411631733116359e+01 1.283313145999789029e+01 1.232227043715206882e+01 1.432101737599167990e+01 1.412308732335772810e+01 1.208806487150472719e+01 1.337819504047360297e+01 1.134676397420840566e+01 9.910129658940613595e+00 1.058732511387799669e+01 1.130628443250118487e+01 1.232462674172018069e+01 1.299629749586606664e+01 1.096458644320582643e+01 1.240237729396662125e+01 1.444018568065669683e+01 1.595234945528874348e+01 1.511650735727414130e+01 1.302335542514821398e+01 1.152698250399260260e+01 1.102283578769718275e+01
3.884479341613774738e-04 1.457312362902266401e+01 1.256870788036298592e+01 1.457278695603504381e+01 1.431663137553456266e+01 1.231169727337699271e+01 1.347082256697681935e+01 1.489018731755729874e+01 1.689573837159926839e+01 1.661386325695536925e+01 1.519730773753691722e+01 1.419462602891555925e+01 1.337622730227218959e+01 1.266708438159357542e+01 1.169802832452847063e+01 9.700568545025614497e+00 1.025637813509274920e+01 1.083540888316365702e+01 1.150406680566363171e+01 1.350443406862403428e+01 1.340023557712656910e+01 1.136791144098723905e+01 1.296214699337373411e+01 1.093206655810052297e+01 9.495678191603442286e+00 1.066766366155574630e+01 1.210538533660902338e+01 1.413551053306802352e+01 1.254400732926369955e+01 1.050973751733680395e+01 1.168372861412160368e+01 1.312593692286338865e+01 1.516790804819232541e+01 1.569628532078204941e+01 1.361155183118516909e+01 1.239388123278664189e+01 1.224952873162897582e+01
9.883819239636547002e-04 1.405352454076463076e+01 1.204894552309577627e+01 1.405330691659902698e+01 1.388766095574029080e+01 1.188271714651135724e+01 1.304193309480554319e+01 1.446152225345986686e+01 1.646454488010743233e+01 1.461560411169967644e+01 1.319826649694974030e+01 1.219579127579386046e+01 1.137731183775564681e+01 1.066853647957787032e+01 1.003460084769369765e+01 9.430440335823195852e+00 1.142718834122199034e+01 1.283129089946701384e+01 1.350290618405715115e+01 1.419481073839079244e+01 1.216270058602738224e+01 1.072425458626369732e+01 1.275182183459305918e+01 1.115403264048350884e+01 9.125145025954640943e+00 1.115218824631591232e+01 1.272566960825390581e+01 1.416369476795247984e+01 1.213672682818102899e+01 1.010321913036584718e+01 1.213267307648705540e+01 1.323887230153963479e+01 1.355916809715171034e+01 1.560075722288666178e+01 1.569526188503847131e+01 1.388336455395435287e+01 1.373973936515245242e+01
3.319618847482213296e-04 1.357916558659103323e+01 1.157450536144843944e+01 1.357906224693130248e+01 1.350041739911339000e+01 1.149553639740745048e+01 1.265496506912018404e+01 1.407551169532365343e+01 1.607799740732933103e+01 1.489161784135173683e+01 1.388708660169654685e+01 1.312812549952409391e+01 1.249334994535052346e+01 1.193639250915297012e+01 1.118248704313354835e+01 9.187528837630278389e+00 1.034308367663848394e+01 1.175908002069894387e+01 1.375715633141284933e+01 1.365129829521777616e+01 1.161759929848142825e+01 1.018064204582684873e+01 1.128276497199991191e+01 1.079689383127000468e+01 8.771571629556111915e+00 9.678834436274021513e+00 1.069536350443314454e+01 1.213372650208460968e+01 1.174930454435382998e+01 9.718916678668605869e+00 1.043679792833354192e+01 1.120534520042508397e+01 1.211592313382808328e+01 1.356023345698123173e+01 1.560528181562334638e+01 1.596786692915016914e+01 1.582275203422869936e+01
9.010359987070598771e-04 1.313998034312709073e+01 1.113533062476829016e+01 1.313998640889182212e+01 1.314469557270348155e+01 1.113996518848624717e+01 1.255967469481704235e+01 1.456367177611944719e+01 1.489372901096326807e+01 1.289283550824810654e+01 1.188913153409543000e+01 1.113084904436327527e+01 1.049656915127162371e+01 9.940360725416114818e+00 9.438992264047795899e+00 8.952875772292147261e+00 1.010773724129611395e+01 1.152259158412337570e+01 1.351969116379805946e+01 1.316121480159928936e+01 1.112643517754853306e+01 9.687967081597255614e+00 9.255074913517157498e+00 8.848811129651579677e+00 8.450802901227291386e+00 9.620913220482531614e+00 1.105651008027492566e+01 1.308498724390974566e+01 1.142063251204887742e+01 9.389503621949268464e+00 1.029642410640168393e+01 1.131171903718433391e+01 1.248616967561956592e+01 1.392874015366199814e+01 1.597366089049483406e+01 1.618305794268372821e+01 1.411290533432563343e+01
6.917431691057290746e-04 1.272916444330573249e+01 1.072460679955023366e+01 1.272926932412371315e+01 1.280928225248218411e+01 1.080472638958665854e+01 1.222515027637573404e+01 1.423119102987865681e+01 1.554511922235644050e+01 1.489214819475774831e+01 1.388946876517564100e+01 1.312919796648265880e+01 1.249363874826432763e+01 1.193552211008322672e+01 1.074227296469926785e+01 8.746437620350974385e+00 9.746582620311622591e+00 1.090208578048587107e+01 1.231834671088454236e+01 1.431428701562378514e+01 1.315642603335915162e+01 1.112463967254763375e+01 1.127986953651661572e+01 1.023203671420134064e+01 8.208823152482878527e+00 9.378574198670492024e+00 1.081431997817538893e+01 1.284370004960296896e+01 1.111727601808462573e+01 9.086874943080223588e+00 9.993605343979227840e+00 1.100881171384895296e+01 1.218321342026279908e+01 1.362558720809700397e+01 1.567004088019315056e+01 1.579594519015966014e+01 1.372398153667831977e+01
2.923482951924798352e-04 1.234186261013786989e+01 1.033745983684244507e+01 1.234205803917114785e+01 1.249109225478648177e+01 1.048679009189441125e+01 1.249018274779513682e+01 1.356532996068843211e+01 1.354410411384447421e+01 1.554548526592827962e+01 1.501205302414665255e+01 1.301331729724410913e+01 1.159801018852662580e+01 1.044224510334827727e+01 9.441129411028500229e+00 8.545961531921108190e+00 9.546764381373865405e+00 1.070282670047655671e+01 1.211828799222207209e+01 1.411709580147188170e+01 1.363103273309313757e+01 1.159769383443332735e+01 1.016121423829353532e+01 8.988586038776070097e+00 7.974783166933684164e+00 9.144167083991320055e+00 1.057949710564288637e+01 1.260828238532248413e+01 1.083517401849209705e+01 8.805472598120143601e+00 9.711958511712257547e+00 1.072699933891225221e+01 1.190130252066644800e+01 1.334396910839849504e+01 1.538345929120971611e+01 1.406938156829850506e+01 1.340780920153902933e+01
4.742756502509650742e-04 1.197446507325132004e+01 9.970258875872298532e+00 1.197473975246174049e+01 1.218415505931443832e+01 1.017997589288438576e+01 1.084975815798251375e+01 1.156130541705200265e+01 1.238320551281437787e+01 1.439106768917918089e+01 1.481704674435432345e+01 1.281949706987491666e+01 1.140463347373331793e+01 1.024961410171334464e+01 9.249453453299599559e+00 8.355060518008267323e+00 1.035162942751728465e+01 1.173983639270000801e+01 1.216147103752830638e+01 1.415799780741663838e+01 1.361488899351347115e+01 1.158271046192212772e+01 1.115519023867936177e+01 9.775454891977787497e+00 7.752683694968641959e+00 8.921556353489874525e+00 1.035646562579550434e+01 1.238467061539669167e+01 1.057042965011304325e+01 8.541417306048595393e+00 9.554680997194363812e+00 1.072679902264909302e+01 1.216601655164100926e+01 1.420206279226083446e+01 1.363723303606731641e+01 1.197770264934515261e+01 1.130847698661052014e+01
4.560305638975598952e-04 1.162420019729426457e+01 9.620212663046864066e+00 1.162457465036094462e+01 1.191041556741288510e+01 9.906577450882467772e+00 1.132531264759155398e+01 1.332881234510782420e+01 1.438624842865704778e+01 1.545539943672327965e+01 1.345816530672804312e+01 1.204060202217893583e+01 1.088397469015798258e+01 9.882586574463157802e+00 8.986999255445793366e+00 8.169687581268293641e+00 8.926484829154318845e+00 9.744476744953692204e+00 1.074677496069564064e+01 1.274725030577699414e+01 1.217985505252535816e+01 1.014623586405438438e+01 9.130156033925745263e+00 8.301957595261743705e+00 7.536826928831374950e+00 8.705319389458622936e+00 1.013981065520921732e+01 1.216746537670094241e+01 1.031827116681671797e+01 8.289951383195335310e+00 9.459594808601636373e+00 1.089493508910219610e+01 1.292736795814078121e+01 1.363620837967573429e+01 1.154514230751418857e+01 1.048298183501394654e+01 9.807326603411024024e+00
1.868929910681809174e-04 1.128888408776733954e+01 9.285121446016127322e+00 1.128899165550732775e+01 1.164559685344582363e+01 9.642648267494367431e+00 1.106248723616445240e+01 1.306676882783819238e+01 1.335026296837103210e+01 1.535224496659882831e+01 1.443525767482544886e+01 1.301755559102914894e+01 1.201426882367107396e+01 1.119496885614214143e+01 9.990793473924419743e+00 7.994794764683775590e+00 8.994759377395329381e+00 1.014944204232208236e+01 1.156376177068812972e+01 1.356065744551114349e+01 1.298270665950236236e+01 1.095104416457735041e+01 9.515871863493355676e+00 8.345376850986893302e+00 7.333671601640634030e+00 8.501679049380092223e+00 9.935746523028727850e+00 1.196285385707568771e+01 1.007536029238130126e+01 8.047711651288150136e+00 9.060217796740463569e+00 1.023159213292128200e+01 1.166976404547940227e+01 1.370465777727594059e+01 1.363491318229695359e+01 1.170528458872541755e+01 1.103446842661758076e+01
1.986744819930234037e-04 1.096675445672318716e+01 8.963199659099647221e+00 1.069192083982936481e+01 1.091383987295125024e+01 9.387410618835293263e+00 1.138971613494932456e+01 1.225788592409274180e+01 1.192982763686621261e+01 1.393296767243488254e+01 1.243814020763758244e+01 1.101997619689221430e+01 1.001745552696131902e+01 9.199332553725625417e+00 8.490969562206183596e+00 7.823439361249019619e+00 8.823701846949864702e+00 9.978829676778634195e+00 1.139403070987792432e+01 1.339235996079016999e+01 1.301999925694967608e+01 1.098940019839460369e+01 1.056215183070854735e+01 9.159047678187052455e+00 7.138382017920973155e+00 8.305849052179365088e+00 9.739489147884551556e+00 1.176606233742210250e+01 9.842340708025602680e+00 7.815377181518528005e+00 8.720479832634266515e+00 9.734242566629339066e+00 1.090694681109998498e+01 1.234722854257772084e+01 1.438368454667424245e+01 1.318909703160923996e+01 1.252461962663788952e+01
2.732476074710214102e-04 1.065267499729970524e+01 8.649226830569443081e+00 8.689645327322033097e+00 8.911654835377341044e+00 9.136133927917919451e+00 9.673475009131237812e+00 1.025409159662038761e+01 1.092444677759826099e+01 1.293336249128845772e+01 1.411922919761542339e+01 1.212564308398069990e+01 1.071121008890566806e+01 9.555517165196171447e+00 8.555116792701010553e+00 7.660433556690980694e+00 8.660729939949614931e+00 9.815865107380869148e+00 1.123104336008014670e+01 1.322764487410049661e+01 1.158764787506721738e+01 9.554021976583790376e+00 8.538773219579930185e+00 7.711444071907670228e+00 6.947344382257043094e+00 8.114405312725503805e+00 9.547614368310266997e+00 1.157367092837937506e+01 9.619451538399811596e+00 7.593196811486428111e+00 8.497799676733063023e+00 9.510934827807716374e+00 1.068263176986843987e+01 1.212083769633905384e+01 1.415929306307547542e+01 1.526836608631478320e+01 1.461010790396284520e+01
7.423273965994747065e-04 1.034634068115679639e+01 8.343103184198415789e+00 8.470620596092551580e+00 1.047118748785594455e+01 1.113875367318225784e+01 1.167775280827670237e+01 1.225947908843592948e+01 1.208557388585416525e+01 1.408491393690020210e+01 1.268591432759426674e+01 1.236242402037125210e+01 1.206747881154283775e+01 1.007266105865365091e+01 8.658157578125953435e+00 7.502537321236713019e+00 8.502668380417926386e+00 9.657605179446072441e+00 1.107250721935618998e+01 1.306995804422529162e+01 1.240762835179197943e+01 1.037747767322952086e+01 8.943542926803164761e+00 7.775088450799043649e+00 6.765377206009392630e+00 7.932140495238005684e+00 9.365700386753315954e+00 1.139043031643470094e+01 9.404712818762805071e+00 7.379944545079295537e+00 8.205320820789728131e+00 9.111151646275823524e+00 1.012547148636454608e+01 1.129894534933320394e+01 1.274101373262314141e+01 1.479325773716932346e+01 1.434524490094880633e+01
