outputs_txt/Data_file_0_ky_topographic__elevation.txt
ncols 100
nrows 50
xllcorner 0.0
yllcorner 0.0
cellsize 200.0
nodata_value -32768
[rows 0 to 16 of 50, columns 0 to 36 of 100]
9.874532219066205815e-04 5.718918811503370930e-04 4.520784009026830304e-04 2.663739926806254501e-04 8.998557452858089480e-04 4.075436276320867218e-04 1.116400819032432564e-04 5.606197584192192931e-04 2.816056686356872753e-04 7.091616999463187148e-04 7.245636159569824762e-04 5.339336087628366884e-04 5.950305903997469680e-04 1.397689280539791187e-04 8.215453368302902447e-04 2.528158093828495180e-04 7.970142070871965353e-04 8.642758191005334547e-04 4.830458824078315175e-04 8.730280106633262101e-04 2.714517779312907017e-04 2.633363353131360635e-04 7.093182723154872315e-04 7.428075296972025279e-05 8.886431293432063344e-04 5.050753760661985523e-05 6.061805164144701058e-04 7.380139494006113330e-04 8.832425602419924035e-05 3.194536543900955297e-04 2.057928980883798656e-04 9.120941820935017479e-04 7.310433960690260061e-04 3.644372503474211321e-04 2.236992022624065854e-04 7.729792488491861848e-04 8.939526697441438742e-04
8.892593105697957833e-04 7.138815391421154288e+01 6.149599286781067775e+01 7.131884188201831876e+01 6.989057259926862287e+01 5.998907488172698521e+01 6.403435203721960534e+01 7.392588340654955914e+01 7.365057285155380384e+01 6.663744775489749372e+01 6.481374477426099645e+01 6.178273961678134185e+01 5.917121345915148822e+01 5.685330841872094254e+01 5.310423487861553582e+01 4.317844078761401505e+01 4.817381623686296876e+01 5.395982033333252303e+01 6.102897033373613311e+01 7.095282318081886785e+01 7.209014574394034014e+01 6.507849612606558765e+01 6.365521690787441145e+01 5.659069977998130696e+01 4.874449664908055979e+01 5.867554885776419837e+01 6.486164666031076820e+01 6.976883703358605260e+01 6.655419342507492786e+01 6.088152530865069423e+01 6.414637443845158771e+01 6.827727938879725400e+01 7.401078633743405533e+01 7.161171555228729346e+01 6.170346796372071907e+01 5.956766287947259997e+01 6.255913049843434948e+01
6.395313700243740289e-04 6.432405875042927335e+01 5.436973970103000653e+01 6.145235017890647100e+01 6.282871514554710757e+01 5.288832247421580490e+01 5.696924053278077338e+01 6.689892390424650159e+01 6.375581736123329080e+01 5.666825892938593512e+01 5.488415424275997623e+01 5.184304567467025038e+01 4.923230118016937240e+01 4.692538559223172001e+01 4.763391811594573966e+01 3.906871569670202859e+01 4.614558756169545006e+01 5.605950141948817844e+01 5.779335989967671594e+01 6.767255378559443102e+01 6.220437883910074817e+01 5.510682704314309888e+01 5.375368104751153453e+01 4.665899605669729056e+01 4.162680335608401094e+01 5.160520965617447331e+01 5.493267566903912780e+01 5.988218450377831203e+01 5.663236705482827915e+01 5.088892683057235899e+01 5.420390450328570608e+01 5.833023333788295162e+01 6.412437813287868948e+01 6.459400268704402492e+01 5.462988539025847246e+01 4.959910022128224938e+01 5.265250221020976795e+01
2.826028614054564209e-04 6.017697945457026520e+01 5.023617813971694090e+01 6.014458977464367706e+01 5.780221129644294820e+01 4.783809791446886805e+01 5.194469034561979015e+01 6.188545176742208298e+01 6.162556626035931373e+01 5.163693449405180047e+01 4.780705296045366737e+01 4.475834468637695096e+01 4.214815970876557572e+01 3.982917900713307802e+01 3.772154696446779099e+01 3.570089480222318201e+01 4.280400322909665078e+01 5.272006764412159896e+01 5.070392337975917485e+01 6.064868269371081766e+01 6.000209852408936229e+01 5.007375695271593941e+01 5.500682236618799692e+01 4.512657586235498286e+01 3.805021289400392703e+01 4.794924704027430096e+01 4.784200785148827606e+01 5.283470489947415416e+01 4.956008128575805216e+01 4.376524711229676257e+01 4.711696271394158231e+01 5.123986404000755357e+01 5.706540576480999505e+01 6.242363122616897897e+01 5.255243920330678975e+01 4.548068187786685002e+01 4.559103564093958738e+01
4.487353167990030113e-04 5.679873253331564342e+01 4.685988807421213664e+01 5.678662139041181689e+01 5.487334307311700599e+01 4.492210521887503916e+01 5.069504037919726613e+01 5.778585885062787497e+01 6.763269543000802742e+01 6.162038678520615775e+01 5.776224575004481210e+01 5.469892053983623725e+01 5.207828680654475306e+01 4.972852877582701581e+01 4.396925807907390293e+01 3.404633637214980979e+01 4.394657894296761214e+01 4.809143756578703943e+01 4.566009723202014925e+01 5.560445509539249542e+01 5.588877977321565993e+01 4.595107636367580284e+01 5.212163043648904903e+01 4.221810067672945621e+01 3.513124574781056708e+01 3.848543085017563214e+01 4.204572275329088171e+01 4.708762368843424895e+01 5.104942859659037424e+01 4.116142627853517411e+01 4.822310236735287958e+01 5.811997090108210529e+01 6.491078383475679914e+01 5.508678758221636684e+01 4.794068606904784957e+01 4.213097098966849785e+01 3.982116655402681005e+01
3.884479341613774738e-04 5.387440788040416351e+01 4.393646195119944764e+01 5.386533483277365519e+01 5.241939447045316314e+01 4.247219270877325670e+01 4.825055523804343238e+01 5.533568843168316675e+01 6.528468260555830227e+01 6.703640533374334609e+01 6.000232418407909307e+01 5.495772141882626016e+01 5.084166307558029274e+01 4.726623053561867493e+01 4.237059212364623306e+01 3.244511804521035714e+01 3.524399989605572614e+01 3.816766237984859345e+01 4.154412483988117799e+01 5.153922348626026917e+01 5.229499417302898223e+01 4.237880622552570031e+01 5.006731330331181340e+01 4.017228107506991819e+01 3.307569432208911309e+01 3.886019967447904833e+01 4.593936253907992295e+01 5.577933253197750219e+01 4.882350389475861618e+01 3.884247693186902239e+01 4.464047087859647434e+01 5.175375018094963053e+01 6.166327011938403047e+01 6.194608077298186544e+01 5.204350441444236708e+01 4.623417683951728208e+01 4.559866349930614859e+01
9.883819239636547002e-04 5.125934537840319649e+01 4.132190358263638785e+01 5.125313021583669126e+01 5.026263036433302034e+01 4.031882714020335357e+01 4.609689654081487475e+01 5.318144528420579320e+01 6.308332545746908693e+01 5.718896561837570403e+01 5.006763284025525707e+01 4.501724558201664195e+01 4.089426089880284110e+01 3.732283949587201022e+01 3.412736835546531466e+01 3.108579790385707398e+01 4.099686785847463000e+01 4.804785156224945553e+01 5.149508591227431964e+01 5.614041612577652529e+01 4.627813335818139961e+01 3.918095223255225079e+01 4.902927531118689330e+01 4.120263912576321275e+01 3.123543727503204082e+01 4.116055834579985628e+01 4.892125329407819834e+01 5.593917995762556927e+01 4.677487534548737358e+01 3.678102325731794053e+01 4.668608362751647434e+01 5.210155907357542304e+01 5.380489975556280058e+01 6.365845848412197938e+01 6.194832483304517723e+01 5.335297904719866580e+01 5.269479446289352609e+01
3.319618847482213296e-04 4.887239281936135882e+01 3.893526728194904507e+01 4.886892238084258366e+01 4.831589635922345849e+01 3.837515719910071255e+01 4.415305922444769493e+01 5.123760528538032588e+01 6.116805616811971191e+01 6.000292728444450319e+01 5.417745337731131627e+01 5.002843926384061746e+01 4.664552165089742886e+01 4.370891490094935250e+01 3.973584136564444691e+01 2.986336139585408844e+01 3.565589421071368292e+01 4.275751461041226520e+01 5.268417354969207622e+01 5.349723524573843747e+01 4.356339591905466335e+01 3.647890245095485540e+01 4.181589653496597947e+01 3.937598787323236138e+01 2.947259119641562464e+01 3.396505750205077589e+01 3.900820887797107872e+01 4.610481360560439867e+01 4.477911657288551339e+01 3.483205844273248886e+01 3.838449094850943766e+01 4.219047000536907177e+01 4.669464495909509338e+01 5.382900097827761243e+01 6.376130440516431008e+01 6.329593761822603426e+01 6.255496038373843959e+01
9.010359987070598771e-04 4.666265041890159182e+01 3.672573869042996364e+01 4.666180861789434431e+01 4.652774619045913340e+01 3.658984377894294227e+01 4.237243820672257044e+01 4.947487036754989020e+01 5.936041434684455709e+01 5.011401249824802306e+01 4.425681116254362024e+01 4.011910305841428226e+01 3.674281281470565119e+01 3.381947918153411337e+01 3.120477967361549432e+01 2.868100462031576114e+01 3.445649446213339928e+01 4.153179710083988851e+01 5.143797797086018164e+01 5.115189136156644167e+01 4.117232692508963510e+01 3.403443960936304791e+01 3.188341208027482310e+01 2.985827205077533009e+01 2.787665799408444656e+01 3.365116028932766312e+01 4.072169570417128170e+01 5.057712021135799318e+01 4.315750241799670306e+01 3.317394780677695820e+01 3.764444465646300841e+01 4.264065801744303741e+01 4.840722157604505327e+01 5.547710400270216979e+01 6.538990510584078208e+01 6.458488484005584951e+01 5.466333686578330742e+01
6.917431691057290746e-04 4.459571468078473089e+01 3.465895549562581124e+01 4.459739032455149754e+01 4.486468510917337937e+01 3.492964907344583025e+01 4.201959254492167872e+01 5.196220658763230205e+01 5.862754954728688972e+01 5.999650530639826229e+01 5.423203457555558771e+01 5.005340944248692381e+01 4.665191262956390972e+01 4.368808519761611819e+01 3.753392492007903058e+01 2.763898945882727531e+01 3.264313339821310223e+01 3.842914433843885291e+01 4.553439692792294125e+01 5.541115847405434636e+01 5.104716486720116819e+01 4.113033418832543475e+01 4.174917836382143577e+01 3.656474848222443796e+01 2.667581310350319157e+01 3.245324329149179476e+01 3.953688945465218296e+01 4.942503694585631280e+01 4.163852323629736674e+01 3.165263983213666066e+01 3.612568278730327620e+01 4.112844988827738746e+01 4.690706508201413527e+01 5.399129688114958014e+01 6.392049139692710469e+01 6.265056901547732338e+01 5.273839167181370868e+01
2.923482951924798352e-04 4.264704661472092084e+01 3.271040077513340805e+01 4.265101482442855030e+01 4.328377335876913179e+01 3.335138571735266311e+01 4.326287776701442311e+01 4.868135300018989398e+01 4.871978256493716941e+01 5.863085011790892764e+01 5.890995546889044476e+01 4.901062475418042652e+01 4.192720090386799114e+01 3.613581439663052919e+01 3.111285552042761537e+01 2.662423768907597577e+01 3.164185710815281993e+01 3.744197799158467177e+01 4.453087396878347448e+01 5.446794917153049198e+01 5.335893475155007337e+01 4.342982101773234405e+01 3.635726760885812325e+01 3.054251935236599991e+01 2.550947672155029267e+01 3.128731443430175219e+01 3.837113772896211827e+01 4.825821309220913946e+01 4.022690576802578022e+01 3.023960813323434138e+01 3.471410960669461332e+01 3.972094274790251234e+01 4.550899570509659497e+01 5.261640370059440386e+01 6.246199092515309559e+01 5.551580690330934686e+01 5.478765627200849764e+01
4.742756502509650742e-04 4.079841700833949858e+01 3.086185811008100899e+01 4.080439111253631523e+01 4.175616294101147474e+01 3.182467593261719330e+01 3.518004072311878616e+01 3.875846345231727241e+01 4.289638149409325507e+01 5.294984173899786839e+01 5.784847403671528099e+01 4.797644538972704709e+01 4.090528917659523955e+01 3.513265783917596963e+01 3.013279071656232944e+01 2.566099325955710242e+01 3.557199875077634488e+01 4.251215866714697711e+01 4.475876238464265100e+01 5.464260738690640551e+01 5.326643798520390050e+01 4.336368720674516197e+01 4.111869249103155255e+01 3.431486345318889875e+01 2.440467825825001214e+01 3.018209605904538151e+01 3.726577516254673839e+01 4.715130264219784806e+01 3.890310499172845482e+01 2.891463326943260981e+01 3.391714239459314939e+01 3.969838563449634705e+01 4.679213690464623454e+01 5.666286384129860210e+01 5.342000000965986573e+01 4.549539216182623136e+01 4.499556514006270191e+01
4.560305638975598952e-04 3.903584567223754931e+01 2.909935524345429059e+01 3.904425236884375749e+01 4.039309126846363540e+01 3.046516105233823879e+01 3.753158923806742564e+01 4.744022810197699158e+01 5.281878123791847202e+01 6.110230337170416703e+01 5.129061983781655698e+01 4.415731227011529114e+01 3.834777022207350683e+01 3.331992247419871944e+01 2.882305461534872748e+01 2.472374949283025813e+01 2.852154032077818968e+01 3.263696203821143627e+01 3.768717556906690902e+01 4.768284305202672613e+01 4.630319546142535359e+01 3.629069189803737316e+01 3.124070869647540860e+01 2.712554458472419583e+01 2.332782203263479914e+01 2.910575293416395581e+01 3.618958496786024881e+01 4.607417550361904546e+01 3.764238858228648610e+01 2.765291773190632085e+01 3.342469821957071474e+01 4.049026197396442228e+01 5.038585873639851798e+01 5.339924527074202132e+01 4.345691970429494688e+01 3.837901866544935814e+01 3.501260243720248866e+01
1.868929910681809174e-04 3.734833119479002761e+01 2.741189586445727500e+01 3.735014985540286148e+01 3.906032066204110009e+01 2.914940646007712388e+01 3.624475696093012544e+01 4.617445160086519707e+01 4.775961152297774959e+01 5.766367092388449578e+01 5.607300181168675124e+01 4.898171923062906075e+01 4.391567043019757222e+01 3.977357251351448042e+01 3.373959141537591933e+01 2.384276720604727018e+01 2.884052230234719616e+01 3.460843665280522430e+01 4.167073853977566955e+01 5.156962043380852379e+01 5.010999807363806724e+01 4.018190930498614932e+01 3.311161932650063733e+01 2.732145263352197517e+01 2.231680154556940465e+01 2.809455847199499701e+01 3.517826568310645996e+01 4.506142744518911059e+01 3.642792466090575232e+01 2.643711631932801609e+01 3.143958445090581932e+01 3.722078072658570136e+01 4.431453990009642752e+01 5.420016757633104731e+01 5.337443328951628985e+01 4.548215794733889794e+01 4.211093543536114225e+01
1.986744819930234037e-04 3.572693542137928802e+01 2.579056297890106464e+01 3.430140197805945235e+01 3.540717758730278319e+01 2.787612346765698490e+01 3.777722572549701141e+01 4.217359585948151590e+01 4.066122811306385643e+01 5.058376448730516017e+01 4.620121126502318987e+01 3.906310689591848018e+01 3.400843603303636797e+01 2.988943402880228106e+01 2.632670066797938091e+01 2.297687441990521862e+01 2.797895242987743814e+01 3.375730777137455618e+01 4.084112801322002895e+01 5.077914072384023569e+01 5.099305135860514326e+01 4.110601176360513165e+01 3.826870695592277372e+01 2.840408235508608215e+01 2.134365436461177623e+01 2.712123668639657836e+01 3.420488286512495080e+01 4.408677747650497736e+01 3.526356142793665782e+01 2.527152485428797490e+01 2.974592734568365415e+01 3.475266290529518898e+01 4.054063827324305436e+01 4.764832020318569050e+01 5.753938841331671483e+01 5.544048845665580671e+01 5.208972694465151676e+01
2.732476074710214102e-04 3.414716899954218121e+01 2.421025464229857249e+01 2.439208698718704582e+01 2.550228733385355184e+01 2.662195008717596423e+01 2.932602782990680623e+01 3.224957727589089984e+01 3.561931080948481565e+01 4.567554307124289181e+01 5.427835042032992163e+01 4.448894020847532005e+01 3.742491616708241509e+01 3.163496123124494019e+01 2.662983564894892297e+01 2.215616177602674597e+01 2.715810737501420391e+01 3.293640927647319927e+01 4.002006826446086762e+01 4.992087041175108197e+01 4.407638787082827037e+01 3.404011114842917607e+01 2.899190935079612430e+01 2.448835343518957330e+01 2.039518522714401172e+01 2.617302755106934242e+01 3.325683778556245329e+01 4.313784177265156927e+01 3.415010861639068906e+01 2.415718794077652021e+01 2.863156532994197789e+01 3.363824958981634694e+01 3.942609385478169060e+01 4.653436766283943626e+01 5.652245355870599042e+01 6.012199326101663388e+01 5.571369659606361324e+01
7.423273965994747065e-04 3.261244967833530239e+01 2.267560740221012949e+01 2.330079651553204911e+01 3.317325818831142925e+01 3.653266125896718108e+01 3.926889595830711954e+01 4.221149727107966498e+01 4.144561790929918743e+01 5.129716599371809593e+01 4.738172303773954042e+01 4.567964618151042799e+01 4.407505315692396408e+01 3.421898863194804363e+01 2.714879566295376634e+01 2.136097865295593934e+01 2.635809318018266012e+01 3.213103958617378453e+01 3.920827349130346562e+01 4.912439425763304968e+01 4.724679603049168719e+01 3.732280456243773159e+01 3.025739992236966458e+01 2.448697531570113028e+01 1.948798531698868786e+01 2.527049122502509348e+01 3.237231071603705601e+01 4.223740628484205928e+01 3.306373602255827393e+01 2.308760581650901145e+01 2.808756892180685938e+01 3.386122501352240732e+01 4.093391601575085303e+01 5.089510575414360005e+01 6.008589207414500066e+01 5.026493512319716217e+01 4.579602819543870851e+01
