outputs_txt/Data_file_0_ky_topographic__elevation.txt
ncols 100
nrows 50
xllcorner 0.0
yllcorner 0.0
cellsize 200.0
nodata_value -32768
[rows 17 to 33 of 50, columns 37 to 73 of 100]
4.988412234547216428e+01 4.603270262731016516e+01 3.607158228901610642e+01 2.898771543551515606e+01 2.320944333982704677e+01 1.820760802855597404e+01 2.398527716099014384e+01 3.106915428864216366e+01 4.101537813858239190e+01 4.245821326241681959e+01 3.252991885180824028e+01 2.544671852246871779e+01 3.121969138096805807e+01 3.828896546234692977e+01 4.816487431917912687e+01 4.429822465457916536e+01 3.433694195030165730e+01 2.725294541415812688e+01 2.147523209363464503e+01 2.647711058082265012e+01 3.225544901235717532e+01 3.933934442833776757e+01 4.927736130154377747e+01 4.939314537748208522e+01 3.945333689502309227e+01 3.236870332773599301e+01 2.659022570128837870e+01 2.158826855444570469e+01 2.659023326777819207e+01 3.236874617338057902e+01 3.945350393019048596e+01 4.939133787136878340e+01 4.902270235195184256e+01 4.491304232002936914e+01 4.199335081035559369e+01 3.954389880702920124e+01 3.741342521436943969e+01
4.669082602519831937e+01 4.532968047331780070e+01 3.538359546488450036e+01 2.829958417033044782e+01 2.252125631906191927e+01 1.751941043357524208e+01 2.329707692206132208e+01 3.038093941394282282e+01 4.032456692618637106e+01 4.135428466408770731e+01 3.142342231644897765e+01 2.434022785857092686e+01 3.013300626407412963e+01 3.724090039749700765e+01 4.717027958818266598e+01 4.344674687159695026e+01 3.348606107717192515e+01 2.640207540652839313e+01 2.062436963377020049e+01 2.562624930791767497e+01 3.140461613919514150e+01 3.848863877914059373e+01 4.842676098564722054e+01 4.855142271158729272e+01 3.862503165118567239e+01 3.151907182225403403e+01 2.573300364088691339e+01 2.072855252339656218e+01 2.573294710842026234e+01 3.151884921623114622e+01 3.862411002110115277e+01 4.847034541546064190e+01 3.910687463941493291e+01 3.495535518683667675e+01 3.203963543717939899e+01 2.959135033673424076e+01 2.745223024397845535e+01
4.398325223611536217e+01 4.470024844974378198e+01 3.473947524217002325e+01 2.763384561997227351e+01 2.184802754727067153e+01 1.684372701807465234e+01 2.262139091270776703e+01 2.970523966144704531e+01 3.964642720373038998e+01 4.028799591112495904e+01 3.035480212286129031e+01 2.327193133127598657e+01 3.320125890534832536e+01 4.166085149424482381e+01 4.872339370358471200e+01 4.263355891788017971e+01 3.265856256280969916e+01 2.557452338639541978e+01 1.979682415109593308e+01 2.480115482306450758e+01 3.058700593068046913e+01 3.769233203938647847e+01 4.761006267456256325e+01 4.570740262734422998e+01 4.268855308859708231e+01 3.277929879994843532e+01 2.568587316724607561e+01 1.989585144194204247e+01 2.566782240647164315e+01 3.273342068160189910e+01 4.260835264101522313e+01 4.201220119887137372e+01 3.200070529857235613e+01 2.786658333793864273e+01 2.495441870559189823e+01 2.250687605133222036e+01 2.035574937742133983e+01
3.877165042333907508e+01 4.861040943306504403e+01 3.899649691752464520e+01 2.902957453839654178e+01 2.195471235265936372e+01 1.617994580941719107e+01 2.195755328870277268e+01 2.904138154075346279e+01 3.898017789945148337e+01 3.924265352768352955e+01 2.930693167292158918e+01 2.222360075719728911e+01 2.671592023291633922e+01 3.176097637407659491e+01 3.887906340820837414e+01 4.177184580135671155e+01 3.185223761387912589e+01 2.476845908638330229e+01 1.899082459265997969e+01 2.476561785946543992e+01 3.184035540712289603e+01 4.177144769997954654e+01 4.564827305883716235e+01 3.575822959114528743e+01 3.904610603239811439e+01 3.623025088220251178e+01 2.902749455279071711e+01 1.908175872462281930e+01 2.408579642991872660e+01 2.987161109728874209e+01 3.697668496294890872e+01 4.683236416703301330e+01 3.909370953230668988e+01 3.365818446841952039e+01 3.203385506269322747e+01 2.960407183865502034e+01 3.033303832769865238e+01
3.660457313891152609e+01 4.649230883157186867e+01 3.837509707366502454e+01 2.838727176753906534e+01 2.130327921432533600e+01 1.552568170510139645e+01 2.130328873220481967e+01 2.838710765018743842e+01 3.832374799176887592e+01 3.824236854882712322e+01 2.830459662686647704e+01 2.122141468558164590e+01 2.699428351797594416e+01 3.406335294492460974e+01 4.394474224035040777e+01 4.101878515431344852e+01 3.106346274783544459e+01 2.397953214543755251e+01 1.820189988909470102e+01 2.397952141455324337e+01 3.106328856065284327e+01 4.099327947422142415e+01 3.987489783490310202e+01 2.992169276515614840e+01 2.912321708898275574e+01 2.634169854445720560e+01 2.662090641448052608e+01 1.828118840077388896e+01 2.328123811224727646e+01 2.905500261154462294e+01 3.612816995367413142e+01 4.605279726569172993e+01 4.896876956922896085e+01 4.078361998758516194e+01 4.196542534090361443e+01 3.955658745489213857e+01 3.958909486786201626e+01
3.473258248135513782e+01 4.462724023449261779e+01 3.772340735851371818e+01 2.774266454750868505e+01 2.065852990381016241e+01 1.488086957944430821e+01 2.065852921061023650e+01 2.774246145707495970e+01 3.767733308165338713e+01 3.726988612718712091e+01 2.733007665670105979e+01 2.024689300679564852e+01 2.602446155931724903e+01 3.310819353736479798e+01 4.302764723144348835e+01 4.024557527557546166e+01 3.029093995956246133e+01 2.320701601813409809e+01 1.742938731049273926e+01 2.320701524482250733e+01 3.029073382180188645e+01 4.019862231625040039e+01 3.545835407875788547e+01 2.542069414595511390e+01 2.204928480005889924e+01 1.924521084029322893e+01 1.672320397485184884e+01 1.749343299064035762e+01 2.198022950531749231e+01 2.700232585855833278e+01 3.281250994862421777e+01 3.996006444519048983e+01 4.990913082531059786e+01 5.062363032035057842e+01 4.451248991566560420e+01 3.947901669534826397e+01 3.538778474068880087e+01
3.300228228302438538e+01 4.290407532584828942e+01 3.712672962283802747e+01 2.713515811038658399e+01 2.003779341746555076e+01 1.424511438776520222e+01 2.003779275836517115e+01 2.713497572749594156e+01 3.708551899605616597e+01 3.632390552880126933e+01 2.638177971199928251e+01 1.929859432028297661e+01 2.507622677752024742e+01 3.216015991135981267e+01 4.208138712625873268e+01 3.948730134039954009e+01 2.953384528058116132e+01 2.244993043977373404e+01 1.667230496157963771e+01 2.244993046258886338e+01 2.953385211977268554e+01 3.948898960559718319e+01 4.238488379427756314e+01 3.250361855967550895e+01 3.191508848059506320e+01 2.588587994168110029e+01 1.598832055504253979e+01 2.044948643041312764e+01 2.543611365437784855e+01 3.119080532076628387e+01 3.823513218667078206e+01 4.810721705967663553e+01 5.164082423568628144e+01 4.173473168308793646e+01 3.458407638433548215e+01 2.953534480353882685e+01 2.542122406565459158e+01
3.140826965126782255e+01 4.133395827348873297e+01 3.946636252546328905e+01 2.957497628982163107e+01 2.353258836412946309e+01 1.361854481800128980e+01 2.353258674127086181e+01 2.957471146636141768e+01 3.942922537028201901e+01 3.541980871243386275e+01 2.545777658068664806e+01 1.837451356009336934e+01 2.416715098824340657e+01 3.126318897606340030e+01 4.120162160279904384e+01 3.874398699242263433e+01 2.879129445793268260e+01 2.170738624134066797e+01 1.592976368720427871e+01 2.170738642189026280e+01 2.879134493480594870e+01 3.875549976821826448e+01 4.306028468090767092e+01 3.315697214766925782e+01 2.607955807229958012e+01 2.028294102386546527e+01 1.526544447991380338e+01 1.935726483144514987e+01 2.385705562379368416e+01 2.886827095419937095e+01 3.466648708831161940e+01 4.179932374719528809e+01 5.170469416286044151e+01 4.791647557643477029e+01 3.804143536476474452e+01 3.099573534000844077e+01 2.523718130432368412e+01
2.992166795349775654e+01 3.981422217889839033e+01 3.257140349510849120e+01 2.253009178411092961e+01 1.748357388260613021e+01 1.299121085966760702e+01 1.748357358440407339e+01 2.252998627667233222e+01 3.253804590555809284e+01 3.448126197296671336e+01 2.455593176019893065e+01 1.747313228282328623e+01 2.738581731897420113e+01 3.316908618373087592e+01 4.302064740821580813e+01 3.803069418205271290e+01 2.806254862666007099e+01 2.097857670662186891e+01 1.520095656884898538e+01 2.097857665232222502e+01 2.806253258505832093e+01 3.802679713591037824e+01 4.234119341074091381e+01 3.242922183292857596e+01 2.534515204160333468e+01 1.956672067860435860e+01 1.456492020319308445e+01 2.164729693637450936e+01 3.152154616131941012e+01 2.945685835472884406e+01 3.650111966132353558e+01 4.637458987937321808e+01 4.992716790022797113e+01 4.001924814012847520e+01 3.285753510817003331e+01 2.703509855315627775e+01 2.200224078177076237e+01
2.852379090779092508e+01 3.844072168667784695e+01 3.516176523294047485e+01 2.522372800747842803e+01 1.815449562394413263e+01 1.238161994486634576e+01 1.815449514573247924e+01 2.522359472507462996e+01 3.513153186183746612e+01 3.361296643004180140e+01 2.366629000211781175e+01 1.658298323879472136e+01 2.107521180222739687e+01 2.612082033005964377e+01 3.612244851231830012e+01 3.727684091896055207e+01 2.734656952797409701e+01 2.026276578190179478e+01 1.448514865925925221e+01 2.026276628179218164e+01 2.734671958933507696e+01 3.731112508921469129e+01 4.164963136653289411e+01 3.173833709285190352e+01 2.465454036225312962e+01 1.887628501369317036e+01 1.387473100821625671e+01 2.383042601076024170e+01 3.115316424696961306e+01 2.367419732973322155e+01 2.946345136947532595e+01 3.657419053270660214e+01 4.653220883660611662e+01 4.963539477853725401e+01 3.980101837874868664e+01 3.275509021362901763e+01 2.699653878350090253e+01
2.721195072676105653e+01 3.713353919768602651e+01 3.459283179226579819e+01 2.463999193753546635e+01 1.755619558866476027e+01 1.177861300074369844e+01 1.755619515352044857e+01 2.463987086591839670e+01 3.456540644893141234e+01 3.275425128666071117e+01 2.280569262509050432e+01 1.572250783319528189e+01 2.149534018941439939e+01 2.856447403529607243e+01 3.847020647282250394e+01 3.659199165378664986e+01 2.664316505480228159e+01 1.955928349098417840e+01 1.378166830479543137e+01 1.955927339716996016e+01 2.664316883905955891e+01 3.660700653004528249e+01 4.091726822763503435e+01 3.102753717553150992e+01 2.395984966731002430e+01 1.819044104138428608e+01 1.319258457087178549e+01 2.175024139429446279e+01 2.130602607280565053e+01 1.985809861452644753e+01 2.563894770502549747e+01 3.272705042741739589e+01 4.268870857724520107e+01 4.517370207631882550e+01 3.812856925872890912e+01 3.310625526582372657e+01 3.339413597948426116e+01
2.597161212313250189e+01 3.589708294128498522e+01 3.399356307012435252e+01 2.404448815702286524e+01 1.696062561228746901e+01 1.118302692860509318e+01 1.696062521640531173e+01 2.404437800948803172e+01 3.396861207383862791e+01 3.191281820168221017e+01 2.196272606387248416e+01 1.487953693565123281e+01 2.065707261105690762e+01 2.774079258660703573e+01 3.766666466167588823e+01 3.589963180907399476e+01 2.595138985519304242e+01 1.886751293677232511e+01 1.308989959941896686e+01 1.886467098857266222e+01 2.593930025469713030e+01 3.585153950494974140e+01 3.666133152250226601e+01 2.668054714542270034e+01 2.084025722864661390e+01 1.632780330835592864e+01 1.251869366486768165e+01 1.185706318837481987e+01 1.422759487768484377e+01 1.682809169432794860e+01 2.264021484883948432e+01 2.977764279221207744e+01 3.972178228121785537e+01 3.525273924976428930e+01 2.816284408122423244e+01 2.313572669230113732e+01 2.350733670801574604e+01
2.478361791946512582e+01 3.471281468694139960e+01 3.340140247868137635e+01 2.345604170655959209e+01 1.637219623455469275e+01 1.059459845724820326e+01 1.637219587442548985e+01 2.345594150724680915e+01 3.337870514516457376e+01 3.108845861847801118e+01 2.113690173590777022e+01 1.405371053740471510e+01 1.983125971537905130e+01 2.691506425458754492e+01 3.684206297886945691e+01 3.521813079994759477e+01 2.527077518722830263e+01 1.818689610763422237e+01 1.240922988405114324e+01 1.741353216684893823e+01 2.319934941318071608e+01 3.030442263148530913e+01 4.019251665406606833e+01 3.661469697720743000e+01 3.077093299769855150e+01 2.623054341543405954e+01 2.110274140835172929e+01 1.122244455033612454e+01 1.621563227935663321e+01 2.197293187530537040e+01 2.902607648964225007e+01 3.892581532886779883e+01 4.191928624451330876e+01 3.196366774371522368e+01 2.483104194881734017e+01 1.902453797870500907e+01 1.642380361202286920e+01
2.364997379782277420e+01 3.358254745012318665e+01 3.281643974907454009e+01 2.287450176835590199e+01 1.579067246215365827e+01 1.001307559696482485e+01 1.579067213402273850e+01 2.287441047170244346e+01 3.279575898670808698e+01 3.028018442337545224e+01 2.032721953596078990e+01 1.324402612483464559e+01 1.902157208973460811e+01 2.610537694191528146e+01 3.603325163964281330e+01 3.454933076446148021e+01 2.460270222105564741e+01 1.751874504996251503e+01 1.174102807597055964e+01 1.674287072344928262e+01 2.252119465294117617e+01 2.960512911651742485e+01 3.953527881824000190e+01 3.842513698344435369e+01 2.849528159937565519e+01 2.140440136515537262e+01 1.561112229855512368e+01 1.059377746450338975e+01 1.559564594841410567e+01 2.137390007639508482e+01 2.845840233559204080e+01 3.844973863924037261e+01 4.577238360685248608e+01 3.932576604492310679e+01 2.934479962487950999e+01 2.353642766558352761e+01 2.638127089847206008e+01
2.256345820756669340e+01 3.249916860941567620e+01 3.223839716860880600e+01 2.229963110118297465e+01 1.521581679585788471e+01 9.438220790938533611e+00 1.521581649657273516e+01 2.229954783018273190e+01 3.221953434900246549e+01 2.948708879931013982e+01 1.953276845430841391e+01 1.244957269948879564e+01 1.822711575378288629e+01 2.531092220294068085e+01 3.523984360731679288e+01 3.391759412228461912e+01 2.396564934196682728e+01 1.687705456400231085e+01 1.108430083544269174e+01 1.608613298901502375e+01 2.186441878915811188e+01 2.894821611927863714e+01 3.887855028619986797e+01 3.778773520356924820e+01 2.784243419426108090e+01 2.075828146095398807e+01 1.497987702719960623e+01 9.977949045484846735e+00 1.498230156113363165e+01 2.076837261479649044e+01 2.787861317404708927e+01 3.788043187545119395e+01 3.601561545644731410e+01 4.575050401833782132e+01 3.934416375001675448e+01 3.355530404151657820e+01 3.480165901990079647e+01
2.151863936879670547e+01 3.145727408621908339e+01 3.166701803678184390e+01 2.173120531422206270e+01 1.464740498993594997e+01 8.869809797412973040e+00 1.464740471679995970e+01 2.173112931864138275e+01 3.164980323275107210e+01 2.870834697842839489e+01 1.875272004235252865e+01 1.166952184222815880e+01 1.744707957166158963e+01 2.453101198065205324e+01 3.446712429614034079e+01 3.434215304478853170e+01 2.445047881441542970e+01 2.036662757126396883e+01 1.043872605920126873e+01 1.544028516935751050e+01 2.121855452719396595e+01 2.830233315980762043e+01 3.823288570648337270e+01 3.718118472585076262e+01 2.723638000882798593e+01 2.015241296687457861e+01 1.437412513561206140e+01 9.372299170795709955e+00 1.514711257112961995e+01 2.222199147983863554e+01 3.217837902892928525e+01 4.001186108019970789e+01 3.019177153205390951e+01 3.728352584778345857e+01 4.702320002189635773e+01 3.899950123399693069e+01 2.904918244135525285e+01
2.051105760454865745e+01 3.045242909460518632e+01 3.110206393949039239e+01 2.116901233467169519e+01 1.408522509204304107e+01 8.307630667796281898e+00 1.408522484272552333e+01 2.116894296610807658e+01 3.108635028706826375e+01 2.794320606788299699e+01 1.798631826219326513e+01 1.090311788750544864e+01 1.668541875183819911e+01 2.378705332801258265e+01 3.366297289821875438e+01 2.735847438486257133e+01 1.738802073539060089e+01 1.842949172381008083e+01 9.799004105089167638e+00 1.480068404521063563e+01 2.057904752587582209e+01 2.766301330976363815e+01 3.759421149057348543e+01 3.658342472561139402e+01 2.663897068005277191e+01 1.955501924504491740e+01 1.377673355976892999e+01 8.774908232099392080e+00 1.455255127092194556e+01 2.163648002232301337e+01 3.160272233428835165e+01 3.626030618553000551e+01 2.636802655249857352e+01 3.344857535910136903e+01 4.331033146086844710e+01 3.858254196358583243e+01 2.862572157777771409e+01
