outputs_txt/Data_file_300k_ky_topographic__elevation.txt
ncols 100
nrows 50
xllcorner 0.0
yllcorner 0.0
cellsize 200.0
nodata_value -32768
[rows 17 to 33 of 50, columns 37 to 73 of 100]
1.210515045045380056e+01 1.061388069947584434e+01 9.389770841273707092e+00 8.328055442095257277e+00 7.382316908136749234e+00 6.526350564764629603e+00 7.578163433173017438e+00 8.815910304492962979e+00 1.039344297875798162e+01 1.271722111013487222e+01 1.255798209005819288e+01 1.087675309627165987e+01 1.208149093573726240e+01 1.372185682191377865e+01 1.399446050249549955e+01 1.170303491015008213e+01 1.015283743568753394e+01 8.946297844985862113e+00 7.916459257125526783e+00 8.943595639604632552e+00 1.012884206516283569e+01 1.157832378378046023e+01 1.361815728349071186e+01 1.358769462135650485e+01 1.159761392692999493e+01 1.018646061002953829e+01 9.033108968566619268e+00 8.033766133434577128e+00 9.033215105150896207e+00 1.018688053330325261e+01 1.159893857739623790e+01 1.358455768078233028e+01 1.184080678006917609e+01 1.138715470467931645e+01 1.085031612937181400e+01 1.038920734573099480e+01 9.980030159364693176e+00
1.196762148591689190e+01 1.047522772681037395e+01 9.251373751659484057e+00 8.190701187264068039e+00 7.246506550359595344e+00 6.392156579225446222e+00 7.444336592432603261e+00 8.694082136792784965e+00 1.031725419616486050e+01 1.268870876298817585e+01 1.227660992403321849e+01 1.061400502184803507e+01 1.181749380752335910e+01 1.342106960085943967e+01 1.393355915900057518e+01 1.160440371205044485e+01 1.000733375431089733e+01 8.786009032885445436e+00 7.753734830450166093e+00 8.780381079806939937e+00 9.964870526684665109e+00 1.141334601861090015e+01 1.345186958088211604e+01 1.341638259900869024e+01 1.142651635972678648e+01 1.001415381198108534e+01 8.860339617419448643e+00 7.860860440752012401e+00 9.014722485271404295e+00 1.042691464389725731e+01 1.241639243039099583e+01 1.184011249263018684e+01 9.834369749330219790e+00 9.382811449256928782e+00 8.846324292519520682e+00 8.385650378955045170e+00 7.976339404532883037e+00
1.183375271601889622e+01 1.033975043162076446e+01 9.116181276846813120e+00 8.056620387287637186e+00 7.113965541586261487e+00 6.261151546728456196e+00 7.315297170486845246e+00 8.581433184960282290e+00 1.025459904377967213e+01 1.265008777074195478e+01 1.200057027361527062e+01 1.036167776902968640e+01 1.211366649144407681e+01 1.381102911354007823e+01 1.331736264309013507e+01 1.125670163640623933e+01 9.806084767669188906e+00 8.621789392217269921e+00 7.595449260793452950e+00 8.621769371078856992e+00 9.805844584447836354e+00 1.125421088967528860e+01 1.329030082188270612e+01 1.281959499785959089e+01 1.225117592275659817e+01 1.026058417300473735e+01 8.847439762851154299e+00 7.692881516101937933e+00 8.846902030939494566e+00 1.025966341231936774e+01 1.224955002368924184e+01 1.068319475435649224e+01 8.675310341222735033e+00 7.965125224444130403e+00 7.428633443883001952e+00 6.968036502571147928e+00 6.558242198114244914e+00
1.170511687740424733e+01 1.020749562368973962e+01 8.984005996875369604e+00 7.925595512681194776e+00 6.984474452762849062e+00 6.133119565862015676e+00 7.192937218401848298e+00 8.485282128853036454e+00 1.022371170372269233e+01 1.262038889783339357e+01 1.171742256250665726e+01 1.011592641914207213e+01 1.098633585137108781e+01 1.200748998247950539e+01 1.380991839680485889e+01 1.211324022948683776e+01 1.007353740088315952e+01 8.625503174594763678e+00 7.441276035077775575e+00 8.625556525974399591e+00 1.007366266804783095e+01 1.211236108449498872e+01 1.281718237212841593e+01 1.082735052002789722e+01 1.151490245759475961e+01 1.095960105553615271e+01 9.524381542361105346e+00 7.528924238095464183e+00 8.682808791769467405e+00 1.009535852377285892e+01 1.208596583293058302e+01 1.183863351376348838e+01 9.834164875858961707e+00 9.122672433703920447e+00 8.846078202313202965e+00 8.386203327022736076e+00 8.561711393767847511e+00
1.157946041221313038e+01 1.007806144252119473e+01 8.854626990255596297e+00 7.797418684507270825e+00 6.857831904357074571e+00 6.007869977235360537e+00 7.080411437019385801e+00 8.412106713815958869e+00 1.023220783068245510e+01 1.259154758208135583e+01 1.142771948075329291e+01 9.883342256963199901e+00 1.104496394060071118e+01 1.249486719016058522e+01 1.373926035308663174e+01 1.144696976675878020e+01 9.658539897020103737e+00 8.350095551176199393e+00 7.290026914984458095e+00 8.474043210366557943e+00 9.921800272777502983e+00 1.195931987883778369e+01 1.166568011077585254e+01 9.671839836697307291e+00 9.522184359561750355e+00 8.967738006509225812e+00 9.046715933155178746e+00 7.367485533014809462e+00 8.366931274389834527e+00 9.520882507744813594e+00 1.093352065113347038e+01 1.292054857643865873e+01 1.184052032072847283e+01 1.054271786850273784e+01 1.084917971430358818e+01 1.038988543735346859e+01 1.048752177821871712e+01
1.145734783876320861e+01 9.951031291663790412e+00 8.727622602989191236e+00 7.671775574568539646e+00 6.733813335703212388e+00 5.885234182457878660e+00 6.974090387865637730e+00 8.342661982180143099e+00 1.023068405596401931e+01 1.251498397837919541e+01 1.114823028674432592e+01 9.658042239360877801e+00 1.078499544744677152e+01 1.217007531128223441e+01 1.365581288328293041e+01 1.145684218332669424e+01 9.584822653083813648e+00 8.228184108063377522e+00 7.141996615622741018e+00 8.325557327539938157e+00 9.772502323914347144e+00 1.180788493365980862e+01 1.077558313231168974e+01 8.777107515676807026e+00 8.109279651758066976e+00 7.553570067575198443e+00 7.052894015707760644e+00 7.208606186017878947e+00 8.103164068255695796e+00 9.103354763962697049e+00 1.025806958024785942e+01 1.167225974042184689e+01 1.365830946097101872e+01 1.254586755274991106e+01 1.144150848722532210e+01 1.043722728249306542e+01 9.618407152988329045e+00
1.064582585709389129e+01 9.408792316736438011e+00 8.347699951869998358e+00 7.404428247232894833e+00 6.549734632317265159e+00 5.765060271186753127e+00 6.889201714398534904e+00 8.311608497861781686e+00 1.029228160439936701e+01 1.243149094585571746e+01 1.084154217030346601e+01 9.439354677162189233e+00 1.052364025345712228e+01 1.185324887362900981e+01 1.353221338435220211e+01 1.147201992340126964e+01 9.522209660891974181e+00 8.119914776551990343e+00 6.996967071926031068e+00 8.179974795146433664e+00 9.626054289164613920e+00 1.166231634803869710e+01 1.218026476833385630e+01 1.018999618170613530e+01 1.010100677733040087e+01 8.898798370850499850e+00 6.904905818339517332e+00 7.798294055788909773e+00 8.797112525637269087e+00 9.949782576172024662e+00 1.136013159498152447e+01 1.334733591645112405e+01 1.286855895463149579e+01 1.085995395765445259e+01 9.438702492859118109e+00 8.434570029158003024e+00 7.615166038958184558e+00
1.059861537002102416e+01 9.804003479734888060e+00 9.147058947915782667e+00 8.579422409964482910e+00 7.729898052434341693e+00 5.647554550270698748e+00 7.731301204233605340e+00 8.813588603482651607e+00 1.095656502377046770e+01 1.230452918011144092e+01 1.048497772303189279e+01 9.226613323290299817e+00 1.026558021634615159e+01 1.155543301553045055e+01 1.337051375084097415e+01 1.147670509093067537e+01 9.459494530334078277e+00 8.022540420943201411e+00 6.854742496881589098e+00 8.037070528955920778e+00 9.482265141388237950e+00 1.151780463125646214e+01 1.231856672324326496e+01 1.032719440178740555e+01 8.914602604909958927e+00 7.759746927385930526e+00 6.759539825575527239e+00 7.575990974545519840e+00 8.471115425931090570e+00 9.470637082904884707e+00 1.062469447570233072e+01 1.203814748285802771e+01 1.402351123417573042e+01 1.216610065416990949e+01 1.016269207687840392e+01 8.746053064641255759e+00 7.589596313784481296e+00
8.274197383729681832e+00 7.585816743796247152e+00 6.991365842057571278e+00 6.463289764982262042e+00 5.986337439916557202e+00 5.530286064180395478e+00 6.376047216466714573e+00 7.312426529755510884e+00 8.832345574240235919e+00 1.106102958315453932e+01 1.077985585396863932e+01 9.021249888837978403e+00 1.081819179526272912e+01 1.255462568985728744e+01 1.255677969555459939e+01 1.039551004992057237e+01 8.923218096735068272e+00 7.739019137225257694e+00 6.715067652280867883e+00 7.896638226845555941e+00 9.340985102469080203e+00 1.137548835908400058e+01 1.217709374729989769e+01 1.018511279310402351e+01 8.772051922502329901e+00 7.617902425321870119e+00 6.618399018236805986e+00 8.032233855369778297e+00 1.002440353993655009e+01 9.522639347181256042e+00 1.093378018945494112e+01 1.292207185482135223e+01 1.252697426521468671e+01 1.051893561633275276e+01 9.097289363809395013e+00 7.938193729746977567e+00 6.934923979622726442e+00
1.058135951191498236e+01 9.782410420699202191e+00 9.121692365893917298e+00 8.542930880199525845e+00 7.448815371916396977e+00 5.418599346019377094e+00 6.614717026415472212e+00 8.094987795471981329e+00 1.019393354947075636e+01 1.192006955698740533e+01 1.008846761064125808e+01 8.818531039963826146e+00 9.711733555761588477e+00 1.075767120042990932e+01 1.257947636105608957e+01 1.123491701319854030e+01 9.201928181027627218e+00 7.758747735295277614e+00 6.578034504683207828e+00 7.758869017781253596e+00 9.202403698005202415e+00 1.123587432520842277e+01 1.203867338473320636e+01 1.004645393985764734e+01 8.633271535653090467e+00 7.479082275530700485e+00 6.479595478495939531e+00 8.476204440969057785e+00 9.927433367836680844e+00 8.368409411207675674e+00 9.522801342216347109e+00 1.093671870738946694e+01 1.292689588542785373e+01 1.237325222724127372e+01 1.037168378169428529e+01 8.955036640902362066e+00 7.798613952908429958e+00
1.115830602125932280e+01 9.516426326861546769e+00 8.245407299780652011e+00 7.164660687824111029e+00 6.199842310390803135e+00 5.307529800099302975e+00 6.502210438961272487e+00 7.981269232254050827e+00 1.008021406071102710e+01 1.173654211496704924e+01 9.898318329037653740e+00 8.623915453404615405e+00 9.660822095789553643e+00 1.095275383337707353e+01 1.281163563487920065e+01 1.109961593976030692e+01 9.066064681644181888e+00 7.623300020344072614e+00 6.443160071854566517e+00 7.623300013021705901e+00 9.066063689931979752e+00 1.109855176852086345e+01 1.189998832205197843e+01 9.908467533451064568e+00 8.495853803503727875e+00 7.342003231134642149e+00 6.342641328924971234e+00 8.068546530528623251e+00 7.935976272181551217e+00 7.611278286520548164e+00 8.765758912515313028e+00 1.017996798010470449e+01 1.217086280379365526e+01 1.090045722293652375e+01 9.738744961938133216e+00 8.841379521009802289e+00 9.058795785445740378e+00
1.084028782409835046e+01 9.260105490131479655e+00 8.021268543484371349e+00 6.968968023566550762e+00 6.039241793469276587e+00 5.198142445569260417e+00 6.391213147204465095e+00 7.868339454002331479e+00 9.965626867481233830e+00 1.155719138578780125e+01 9.713922957963035287e+00 8.435192933858976616e+00 9.475830246131856427e+00 1.077200202705697230e+01 1.263587820641861370e+01 1.096444948811015863e+01 8.931873255773009390e+00 7.489842242809558570e+00 6.310368610844041548e+00 7.489718749083985827e+00 8.931360091660955902e+00 1.096065066954043310e+01 1.101294324695499505e+01 9.016472965315458055e+00 7.859788904248574681e+00 6.964129396696967511e+00 6.207275609419682816e+00 6.074337341730074336e+00 6.522268947531048688e+00 7.007963970216749772e+00 8.423185341049087782e+00 1.041923935361869447e+01 1.089899375973084616e+01 8.894068016289724099e+00 7.735088153679661183e+00 6.837970030262742860e+00 7.058942597377409811e+00
1.076235920063066764e+01 9.158694140275830620e+00 7.912578960560691321e+00 6.859285184393858259e+00 5.930458494474077469e+00 5.090384663142860866e+00 6.281923155939185932e+00 7.757151294027149646e+00 9.852731737466395856e+00 1.138227779233909942e+01 9.534456356148272249e+00 8.251899770908860177e+00 9.295726921399481313e+00 1.059536788609379698e+01 1.246319304137076145e+01 1.083137758068462020e+01 8.799732008845088771e+00 7.358401488858505424e+00 6.179559069246224112e+00 7.200717188590377127e+00 8.378278992903307909e+00 9.818616882309713745e+00 1.184328321342050749e+01 1.101078372276740147e+01 9.854720346749594739e+00 8.958395496458598117e+00 7.941193443497450488e+00 5.947499417162751989e+00 7.940559233478024836e+00 8.161813446004408945e+00 9.574152687648579629e+00 1.156519503606310906e+01 1.066050140556622239e+01 8.655064534334455217e+00 7.237000118398062121e+00 6.079398707021390180e+00 5.641612685567520380e+00
1.000480205977545722e+01 8.649341514069533332e+00 7.553393532578867031e+00 6.607928812204940883e+00 5.760830762014056639e+00 4.984176883063175190e+00 6.174263945446127444e+00 7.647629740489794159e+00 9.741456428447106575e+00 1.121148642635023940e+01 9.359549112328464204e+00 8.073610994361562376e+00 9.120247402932582403e+00 1.042300546192061894e+01 1.229442749707716054e+01 1.070059336991771559e+01 8.669827777755962472e+00 7.229162014252167978e+00 6.050931690281714737e+00 7.071443542496762547e+00 8.248129460764113574e+00 9.686918846904879032e+00 1.171282795877942462e+01 1.138444492554573273e+01 9.390378089827478902e+00 7.976452076375725397e+00 6.821476688740885308e+00 5.821066660944254068e+00 6.821475829427732229e+00 7.975827696277979939e+00 9.389537105049271304e+00 1.138315486056507453e+01 1.084721433557671233e+01 8.841412783243306706e+00 7.423388199250214647e+00 6.714368240363427276e+00 7.643745298378035180e+00
9.955300322982701289e+00 8.561701060061709612e+00 7.451471518428294694e+00 6.502456007532156690e+00 5.655515988466611077e+00 4.879603079983592551e+00 6.068306055312898017e+00 7.539833926211352733e+00 9.631824097568093990e+00 1.104453933767693918e+01 9.188878618636515228e+00 7.899952074417541326e+00 8.949062811831039355e+00 1.025462257171897207e+01 1.212932838627670762e+01 1.057275340304445876e+01 8.542730006063084858e+00 7.102674556933213701e+00 5.924361690172420758e+00 6.944358516562655126e+00 8.120513777786065646e+00 9.558708238938690371e+00 1.158388025802332244e+01 1.125992781918925623e+01 9.265016469443670744e+00 7.851279840787777076e+00 6.696875592672325794e+00 5.697096883043437643e+00 6.696802838656905621e+00 7.851000663085104136e+00 9.264055511547674371e+00 1.125291321341028983e+01 1.148622685274604649e+01 9.479853078096006413e+00 8.321098320143395455e+00 8.718831402052202861e+00 9.551214799982455261e+00
1.164179332119527643e+01 9.446649794517099963e+00 7.937935477103760462e+00 6.729051720649867008e+00 5.694261748382383637e+00 4.776592787114596561e+00 5.963968008713591118e+00 7.433680214957139043e+00 9.523751352477995979e+00 1.088118977631359385e+01 9.022160178508157102e+00 7.730587009995267600e+00 8.782073190720076639e+00 1.009088716512760797e+01 1.196712838326513761e+01 1.052592276772478108e+01 8.502233829683891742e+00 7.832834718665267815e+00 5.799807363023816720e+00 6.819257396190051779e+00 7.994905581038918463e+00 9.432535537994063191e+00 1.145700854239336586e+01 1.113834694995298236e+01 9.143277279227481458e+00 7.729473592075394528e+00 6.575033189794630140e+00 5.575193054116461155e+00 6.469522778531707097e+00 7.469439068224971834e+00 8.624119883053298352e+00 1.003855956647252334e+01 1.203114918797567867e+01 1.148466767132676836e+01 1.032549421478116081e+01 1.036946801964446685e+01 8.370802789174199177e+00
1.155779036412731564e+01 9.349500077020493904e+00 7.834985123943621232e+00 6.625697294892701983e+00 5.591694812055579611e+00 4.674801277725667781e+00 5.860918647880225762e+00 7.328865262761741661e+00 9.417017907261550747e+00 1.072121620332593928e+01 8.859139373807579432e+00 7.565225282101535775e+00 8.858904560584912602e+00 1.072079768121158772e+01 1.052965369566994625e+01 8.503886584188727227e+00 7.065920945091050953e+00 7.462318017289028660e+00 5.676551747655469882e+00 6.695536321256813750e+00 7.870693150673695015e+00 9.307779661134089721e+00 1.133158361865639208e+01 1.101895204057169231e+01 9.023734399532923334e+00 7.609866853562514244e+00 6.455387791775760498e+00 5.455489202476653254e+00 6.349873848055473502e+00 7.349822771762495321e+00 8.504527807992051436e+00 9.918800585832011407e+00 1.190446834536154874e+01 1.019611565182106183e+01 9.733265098600890397e+00 9.173225268021544920e+00 8.775003815345590041e+00
