outputs_txt/Data_file_100k_ky_topographic__elevation.txt
ncols 100
nrows 50
xllcorner 0.0
yllcorner 0.0
cellsize 200.0
nodata_value -32768
[rows 17 to 33 of 50, columns 37 to 73 of 100]
1.775352281498170015e+01 1.532511509888382761e+01 1.129941879918120407e+01 9.473140887419781109e+00 8.251112801512897832e+00 7.241458697716959492e+00 8.415011796692517976e+00 1.000911503602549324e+01 1.330860954842683874e+01 1.448294097780817857e+01 1.128229203432078265e+01 9.748820447672422063e+00 1.094915247663253233e+01 1.275607424451689909e+01 1.684106682957483514e+01 1.474245133604903657e+01 1.109523161906141375e+01 9.416165025452675863e+00 8.232043902748021225e+00 9.246648933598576647e+00 1.051037155191356831e+01 1.250314620983599667e+01 1.698197927065913504e+01 1.693198414934505180e+01 1.240132673723958412e+01 1.038573838480603762e+01 9.111410204031194837e+00 8.088442785184856376e+00 9.111519565520490360e+00 1.038619838320474464e+01 1.240297635572040136e+01 1.692998791262068892e+01 1.516485899632731460e+01 1.385126221109926448e+01 1.273981872159271767e+01 1.190334707245573931e+01 1.123169226555006084e+01
1.648283947131181648e+01 1.504697662216676335e+01 1.112272345433767384e+01 9.328280318863464871e+00 8.112882796146729802e+00 7.103663333649757661e+00 8.275886571574488926e+00 9.854899240542840388e+00 1.308201945327235727e+01 1.413030836474615271e+01 1.104398709244497390e+01 9.528868314426368613e+00 1.072197774649437285e+01 1.248091282095557375e+01 1.640724925687464619e+01 1.443312283575537691e+01 1.089441014769713334e+01 9.242608174141889066e+00 8.062149097582825163e+00 9.074906738601253409e+00 1.032515915895361402e+01 1.226477073556651121e+01 1.660192996727590398e+01 1.654675738776403904e+01 1.216127503243169095e+01 1.019768927971282935e+01 8.936520493530494491e+00 7.914835701104229848e+00 9.096875554549784582e+00 1.067121058307257186e+01 1.360511534032087511e+01 1.512806515777468164e+01 1.047780338898071761e+01 9.901008947329350107e+00 9.230794154535491458e+00 8.697027764533663330e+00 8.243124651544043502e+00
1.555755089636353894e+01 1.478999144527964127e+01 1.095474515370669977e+01 9.187224882573262974e+00 7.977271549237729076e+00 6.968324549958267333e+00 8.139445764917768500e+00 9.704919473675570174e+00 1.286443247795287448e+01 1.380192842206493786e+01 1.081660452785989435e+01 9.316564463478419711e+00 1.168556728792590071e+01 1.415195495932486125e+01 1.713531773107395395e+01 1.414340581259624408e+01 1.070226431538003098e+01 9.074329175919174872e+00 7.896934043170548811e+00 8.908302114731204924e+00 1.014763260230215103e+01 1.204260081648499359e+01 1.624569504474499837e+01 1.502501117881677928e+01 1.404891449101524792e+01 1.057895114784158253e+01 8.934920855891720137e+00 7.745960714228704802e+00 8.933922525450014973e+00 1.057555793851362047e+01 1.403872235023083270e+01 1.234162724363469543e+01 8.917732488514813483e+00 8.155960223106120566e+00 7.604034115013562634e+00 7.134190786717605981e+00 6.717340728115785531e+00
1.426095448304839053e+01 1.657178704328804386e+01 1.158821117358194996e+01 9.194642862226345414e+00 7.863505364542968223e+00 6.835315860806907118e+00 8.005524610160383858e+00 9.558832499510824476e+00 1.265513382637025508e+01 1.349089505479368434e+01 1.059616411456355323e+01 9.108585047636667653e+00 1.000949967083776926e+01 1.106388236357086363e+01 1.293176985014646441e+01 1.385955792732224445e+01 1.051780020218595446e+01 8.910846670011338233e+00 7.736041060896389432e+00 8.910693798231752893e+00 1.051687071731636713e+01 1.385876867656766187e+01 1.501718057899499037e+01 1.118021767298016478e+01 1.271128539855195783e+01 1.187013740136781159e+01 9.866207559076253020e+00 7.580934267203094379e+00 8.743021498108900502e+00 1.018979269318694314e+01 1.257953723819488090e+01 1.515175121811996028e+01 1.055133436060765106e+01 9.491247598136142827e+00 9.230239659356755055e+00 8.698131733893710305e+00 9.115639358182521690e+00
1.354944953516731054e+01 1.625443635369679285e+01 1.171482677663655814e+01 9.144215181997001451e+00 7.754311202825570959e+00 6.704520391143660163e+00 7.873929434941016936e+00 9.416170899882390088e+00 1.245310704111458477e+01 1.320187460472700458e+01 1.038664059517022054e+01 8.909331403545509787e+00 1.008434398297099044e+01 1.172449121205478484e+01 1.521788140954400603e+01 1.360155754663358962e+01 1.033965278809705879e+01 8.751244906114230560e+00 7.578629374395989160e+00 8.751244752042653730e+00 1.033964670393088525e+01 1.359747154895578802e+01 1.279495739039803404e+01 9.790060082650034801e+00 9.697835248480762615e+00 9.100561480959962424e+00 9.327334739687653808e+00 7.418207165848514251e+00 8.437589473694410813e+00 9.668327541042302187e+00 1.149686414079143582e+01 1.549785647071621852e+01 1.540994756801253018e+01 1.172972229340180306e+01 1.273554544091705942e+01 1.190548666546932211e+01 1.225759640320710453e+01
1.300333130061185116e+01 1.582976511358948457e+01 1.174093363571216209e+01 9.077098949995281885e+00 7.648116671997127192e+00 6.575836784225066900e+00 7.744501986145896133e+00 9.276654732755719834e+00 1.225786493844353586e+01 1.292872450032720444e+01 1.018443670979022109e+01 8.715722577432014617e+00 9.887489074520594556e+00 1.150137437225128600e+01 1.488582611650188703e+01 1.335041734723801277e+01 1.016721810016685268e+01 8.595255058664971415e+00 7.424502162840185271e+00 8.595255051165510807e+00 1.016721067749897500e+01 1.334416196637431540e+01 1.145571485085477370e+01 8.854504492429263962e+00 8.174871014667791869e+00 7.610178076466239894e+00 7.100478312267244796e+00 7.257840602903486982e+00 8.168345437640001094e+00 9.205599573714659201e+00 1.052557147574271212e+01 1.263922563580753611e+01 1.729360555938956168e+01 1.676149622972121378e+01 1.374940510877951994e+01 1.180027157266740723e+01 1.051634673853120461e+01
1.252025843344464739e+01 1.539848467509469820e+01 1.175315325898279006e+01 9.013128385578443869e+00 7.549748852297359925e+00 6.449174758559282239e+00 7.618001181160944491e+00 9.141996938929249694e+00 1.207442327110960356e+01 1.266964746496511296e+01 9.988817163936635879e+00 8.527357453694540013e+00 9.696253130343153614e+00 1.128642903428935007e+01 1.456600835689595641e+01 1.311020431520064555e+01 9.999975619970520313e+00 8.442623820248080335e+00 7.273457036339420867e+00 8.442623820184753214e+00 9.999975289821991353e+00 1.310955713939872247e+01 1.384838028871700466e+01 1.045520734547417874e+01 1.057030821882502458e+01 9.163714905053787163e+00 6.950563874832401901e+00 7.860610737127365688e+00 8.890947994936832188e+00 1.017672701403114033e+01 1.217481167001440490e+01 1.655572810374665593e+01 1.746787326610074587e+01 1.223513838533404119e+01 9.866602011970819319e+00 8.660339558958847661e+00 7.791993317685661502e+00
1.200973320591887017e+01 1.499515619456371418e+01 1.281988097840795859e+01 9.577604184039017809e+00 8.481332755389502154e+00 6.324574834999832085e+00 8.481476623222519606e+00 9.692909629980684727e+00 1.286778916485585889e+01 1.242500413972551776e+01 9.799135246434031998e+00 8.343843361679097015e+00 9.511322219959591706e+00 1.108209984853345098e+01 1.426960210018129693e+01 1.288002118360029691e+01 9.837468450287806476e+00 8.293126936471729493e+00 7.125310400313462189e+00 8.293126938063972275e+00 9.837469854640783495e+00 1.288087200953620659e+01 1.434572054272102548e+01 1.074342507001162161e+01 9.033792576533224761e+00 7.823938001072556325e+00 6.803059465131222616e+00 7.635023004348234110e+00 8.551030725796993082e+00 9.612398000398785669e+00 1.101283594693347645e+01 1.331931149860561803e+01 1.832833815852694315e+01 1.578800776417513418e+01 1.119709408707691267e+01 9.102932318920247567e+00 7.783559326425636193e+00
1.217405921772901323e+01 1.349739529179675834e+01 9.813445845187267480e+00 7.950716217644291817e+00 7.026274014988467265e+00 6.200229365422660344e+00 7.101624705570866780e+00 8.118515582445642309e+00 1.063079448110950231e+01 1.218527312486659220e+01 9.614831712941054320e+00 8.164901594181257494e+00 1.036157817382815161e+01 1.153504715017082383e+01 1.495530817011060876e+01 1.266096512828450393e+01 9.679300425063209090e+00 8.146564609997811957e+00 6.979895411407915695e+00 8.146564609241885080e+00 9.679299487331274321e+00 1.265991964716540252e+01 1.408994329384147193e+01 1.057187547609531464e+01 8.884871093094993455e+00 7.680053357439253325e+00 6.659624772069015819e+00 8.124679671345738541e+00 1.061703719328324702e+01 9.661353787559994188e+00 1.152503952469200854e+01 1.561955688503913819e+01 1.676781213747160137e+01 1.183289861361272521e+01 9.554905611522935160e+00 8.162209077359111831e+00 7.101018457176394350e+00
1.138985347305404972e+01 1.414441939723338493e+01 1.153262110260009088e+01 8.743258834027310300e+00 7.244580199472969717e+00 6.078987966959172873e+00 7.244627038808475916e+00 8.743388172433739669e+00 1.152964749595704141e+01 1.195988868379445336e+01 9.433931887152686713e+00 7.988556525718740531e+00 8.884698682604726727e+00 9.904379467536225334e+00 1.254348460910910212e+01 1.244401865872132795e+01 9.525111858021665157e+00 8.002757794075820996e+00 6.837060382839283967e+00 8.002757798839898129e+00 9.525116460959226927e+00 1.244738732343867049e+01 1.384733403794512974e+01 1.040781756566859784e+01 8.741141648696359567e+00 7.539359891377199752e+00 6.518366340451373198e+00 8.702466078197527821e+00 1.050814308050294876e+01 8.422685105129747996e+00 9.661580324875020054e+00 1.153244220180854818e+01 1.564230018613577755e+01 1.653195445884108850e+01 1.161921957729387778e+01 9.379780962076635475e+00 8.010199681926462034e+00
1.111185694776641952e+01 1.378086126843649772e+01 1.136962565076125031e+01 8.617853931172474446e+00 7.124522804328174530e+00 5.959154349446214027e+00 7.124522821497697223e+00 8.617850092265857853e+00 1.136627350946740300e+01 1.174338764112759570e+01 9.259121905950156162e+00 7.817742095662988611e+00 8.978796357937230965e+00 1.050056006471745462e+01 1.344017771782648296e+01 1.224150215867920366e+01 9.374611280007510317e+00 7.861545289702923434e+00 6.696667535202418087e+00 7.861545172439163842e+00 9.374611803566649471e+00 1.224256363165118344e+01 1.360675565671656884e+01 1.024583041813924744e+01 8.599036625362851183e+00 7.400297159563323568e+00 6.378800510941415425e+00 8.259677663921781487e+00 8.019681865610658988e+00 7.650361574051031788e+00 8.848305594895091275e+00 1.052805886702994087e+01 1.407668267563479425e+01 1.427299950168315235e+01 1.135480670934114755e+01 9.807255322169156742e+00 1.008440191881036974e+01
1.084983742441583843e+01 1.344608732044864219e+01 1.120621932481162730e+01 8.493227305061758159e+00 7.005710279406459406e+00 5.840756177124514892e+00 7.005710275837560452e+00 8.493223742255684883e+00 1.120313186736821898e+01 1.153491262909235004e+01 9.088456976268901144e+00 7.650579278321668397e+00 8.810554364110585013e+00 1.032152193863747591e+01 1.319749800687135277e+01 1.204382767115373554e+01 9.227515258247807495e+00 7.722781336829569021e+00 6.558591944413832309e+00 7.722647682536351255e+00 9.226782518809590883e+00 1.203759586425092110e+01 1.198509736546549576e+01 9.152170239451265843e+00 7.930031257272885270e+00 7.014911094524320490e+00 6.240729127605805893e+00 6.105036188046187640e+00 6.553308270397923074e+00 7.035686275954539326e+00 8.223980522529327430e+00 9.818299794996692142e+00 1.301100718526047295e+01 1.015286692898150278e+01 8.268447075078238839e+00 7.181524403498190878e+00 7.359103216862488139e+00
1.059994511288786434e+01 1.313427660283549514e+01 1.104705025038377464e+01 8.370567726684914334e+00 6.888350873764220061e+00 5.723742742001371120e+00 6.888350870509704293e+00 8.370564466148668004e+00 1.104419295351704555e+01 1.133378996852076170e+01 8.921668320971424038e+00 7.486893332028149217e+00 8.645695835954972708e+00 1.014626400416234198e+01 1.296079415906055488e+01 1.185275535157160398e+01 9.083585468024031329e+00 7.586334025486787702e+00 6.422710726708905860e+00 7.427911638692094698e+00 8.610739897085641914e+00 1.022651472890794722e+01 1.348245243792814030e+01 1.198010814198205409e+01 1.033774321585776867e+01 9.254102591043391612e+00 8.123123471322694300e+00 5.975728714356033144e+00 8.018382333097594739e+00 8.221071037730011355e+00 9.799931993526833196e+00 1.292962889311144714e+01 1.293496699210281164e+01 9.286368997448301243e+00 7.555203537963577354e+00 6.328585739565374624e+00 5.851552209373899416e+00
1.036146034646095160e+01 1.284257503447366311e+01 1.089187884686024788e+01 8.249771736249430276e+00 6.772387830904635031e+00 5.608067513575692331e+00 6.772387827931454218e+00 8.249768737737216640e+00 1.088922065801101979e+01 1.113936943049657735e+01 8.758491258463891427e+00 7.326481709759538496e+00 8.484223309816503189e+00 9.975611339707658232e+00 1.273365997771251124e+01 1.166827245776446098e+01 8.942937300150896718e+00 7.452393590595702833e+00 6.289249526138249280e+00 7.294191812874822212e+00 8.474081268827776015e+00 1.007208787026267238e+01 1.326582878707767144e+01 1.277371028033062572e+01 9.657230403528464180e+00 8.065490972812739301e+00 6.871800537362574346e+00 5.846825417638926936e+00 6.871596280204448348e+00 8.064033193941058997e+00 9.654117516608502925e+00 1.277366239309518470e+01 1.492483227212968799e+01 1.004342122736453824e+01 7.887792035111960587e+00 7.036889680123184831e+00 8.156340370960988295e+00
1.013439322967840184e+01 1.256924913456365545e+01 1.074046800785386502e+01 8.130742737929278263e+00 6.657768276970241317e+00 5.493687701306163795e+00 6.657768274244009632e+00 8.130739967180277361e+00 1.073798212827792220e+01 1.095108030960087220e+01 8.598691010006772828e+00 7.169155932457528024e+00 8.325933617055310876e+00 9.809192043923850690e+00 1.251528032147591318e+01 1.149285936974197320e+01 8.806610696594850296e+00 7.321640601115386282e+00 6.158064531839687383e+00 7.162899846877036403e+00 8.340609841054911655e+00 9.924526054915727258e+00 1.305653260892445999e+01 1.257817387054837788e+01 9.515973569033059576e+00 7.936649020348813366e+00 6.744995096225757436e+00 5.720445916015863830e+00 6.641177713498120916e+00 7.694707074290348281e+00 9.039521316240834992e+00 1.131626937097741603e+01 1.518223301426446348e+01 1.353924181661171922e+01 9.374837148390426478e+00 9.743238833034890689e+00 1.076762789115884544e+01
9.917281471035938267e+00 1.231160313197183065e+01 1.059259788579540640e+01 8.013392121906191434e+00 6.544443123060876388e+00 5.380563626151632306e+00 6.544443120552631221e+00 8.013389550395714878e+00 1.059026225065494309e+01 1.076841992086684208e+01 8.442057669979613266e+00 7.014739953651107918e+00 8.170643413830118718e+00 9.646682512140529298e+00 1.230552300795619125e+01 1.162892250669511185e+01 8.907750192555983659e+00 8.138792392646776008e+00 6.029105645879003106e+00 7.033800573443459214e+00 8.209595790422531181e+00 9.780693660748235985e+00 1.285469787069602710e+01 1.239296645913351114e+01 9.381269523289201828e+00 7.812086333737780386e+00 6.621287749574266357e+00 5.596443255976796038e+00 6.512705267074458959e+00 7.589460469940692455e+00 9.097543763891293267e+00 1.196748248853463004e+01 1.529427570327036889e+01 1.752636942069415937e+01 1.435593806585489141e+01 1.216005711987111404e+01 8.806977493936500423e+00
9.708977475741930263e+00 1.206751567730601238e+01 1.044806588410547832e+01 7.897638455811137881e+00 6.432366746735572072e+00 5.268658038552816336e+00 6.432366744420682458e+00 7.897636059554742793e+00 1.044586211829668443e+01 1.059094362260555222e+01 8.288402127447566770e+00 6.863069721273487467e+00 8.018413074251158790e+00 9.489345877592818113e+00 1.209887989472735548e+01 9.706702955907351438e+00 7.418927051364992309e+00 7.738971750014600026e+00 5.901554094180125887e+00 6.906194315680170170e+00 8.080282645738554592e+00 9.639617324768979145e+00 1.265875804611004973e+01 1.221351474631212319e+01 9.249563045221089297e+00 7.689735412358793987e+00 6.499738332237607885e+00 5.474685420453986318e+00 6.343478414409311483e+00 7.390965223870390233e+00 8.871962111993120459e+00 1.151546006745605588e+01 1.438008136980418783e+01 1.689323586267543575e+01 1.531279004847377756e+01 1.050176957604055872e+01 8.129894747338365590e+00
