outputs_txt/Data_file_0_ky_topographic__elevation.txt
ncols 100
nrows 50
xllcorner 0.0
yllcorner 0.0
cellsize 200.0
nodata_value -32768
[rows 0 to 16 of 50, columns 37 to 73 of 100]
6.947976736072460817e-04 6.386602907874911871e-04 1.810812704536676092e-04 8.098349891882554484e-04 6.746447888343604224e-04 1.384939423039011173e-04 8.765660047547614271e-04 7.823681927607051582e-05 4.557793758318652100e-04 8.973866288408838959e-04 9.416114913450181331e-04 1.027713555442471020e-04 7.578026571359140632e-04 3.873577730922315196e-04 7.580131564379465623e-04 8.025249264743811433e-04 6.373552330328000190e-04 4.484515580836175605e-04 8.808812493152050078e-04 5.503775342879505851e-04 7.621130708039890005e-04 9.412128562948549829e-04 2.473391358999958039e-04 3.155297017653323623e-04 9.260077148839073737e-05 5.991370364065260346e-04 1.445992429256416276e-04 8.506696321823598158e-04 7.907730606909621702e-04 6.763054386588956491e-04 4.148064561724596009e-05 4.254548389511150362e-04 2.468426429805756759e-04 3.235993605498266377e-04 6.527743775483008451e-04 5.508121973309252793e-04 2.621210211913616129e-05
6.064606424327964618e+01 5.886340611055570093e+01 5.720280898026249616e+01 5.564379324547998351e+01 5.412055443151464118e+01 4.920503058143656006e+01 5.139341046798616475e+01 4.992911915270094880e+01 5.322371668144166534e+01 5.212071848232840665e+01 5.788546742036767512e+01 6.496586660082546416e+01 7.484816063984074219e+01 6.909230832929137023e+01 7.893442350277396713e+01 7.090096437191749601e+01 6.095717057980781561e+01 5.877046936173447733e+01 5.472858418118225643e+01 5.895103443843805735e+01 6.591947912388521047e+01 6.255038611960676320e+01 6.754132559620089182e+01 7.451262003610005991e+01 6.897860928101835043e+01 6.186882715300458813e+01 5.681747648036849796e+01 5.275254139461468128e+01 5.681743661442680349e+01 6.186845750103243802e+01 6.894674725962292428e+01 7.151458934051802885e+01 6.449187675164554889e+01 5.944088589060618233e+01 5.532833187966125621e+01 5.180069360754016117e+01 5.318200599551718710e+01
5.070816556514492390e+01 4.892555928167563195e+01 4.726508935315390403e+01 4.570648231874381651e+01 4.420453409616273888e+01 3.922382181213450991e+01 4.147900731676305952e+01 3.996272876749868885e+01 4.331460856628378053e+01 4.711533746896640196e+01 5.421806523986653303e+01 6.421140563119364231e+01 7.186300719118061409e+01 6.198457236543685411e+01 7.188631320974627670e+01 6.391457953581811324e+01 5.388379916444653617e+01 4.884541014862372066e+01 4.474039038087123288e+01 4.899702074409201913e+01 5.604678444501629286e+01 5.256156356573016097e+01 5.759224992116509867e+01 6.465353330669013587e+01 5.904148415182028486e+01 5.191201477553191523e+01 4.686950731261935488e+01 4.276174943741857959e+01 4.686946833401596280e+01 5.191183614563951920e+01 5.902776934735596370e+01 6.163173362641899899e+01 5.453855714857779446e+01 4.949489074536433009e+01 4.538520170294977163e+01 4.183126377642409466e+01 4.326456887809987251e+01
4.362367184803274256e+01 4.184124000322039194e+01 4.018085983853703169e+01 3.862245350515738807e+01 3.713615492821296016e+01 3.210823948368269498e+01 3.441253986533806142e+01 3.692514520118097465e+01 4.194182258491448323e+01 4.773411588654558102e+01 5.484761598341167144e+01 6.481416303407524993e+01 6.737562253753044672e+01 5.744984363577760433e+01 6.737046199718270145e+01 6.398179130520666291e+01 5.403554285554312031e+01 4.696085425140616820e+01 4.117184377596803557e+01 4.397276380245273941e+01 5.206361978041477556e+01 4.844218612387386003e+01 5.551965414161391976e+01 6.541560315667551606e+01 6.286086446316947729e+01 5.294000175267292718e+01 4.585189320429356030e+01 4.006292895415174371e+01 4.583679119727305817e+01 5.290889347458805503e+01 6.283621440760442312e+01 6.593738651112442994e+01 5.604316489563397852e+01 4.896567338442839912e+01 4.315564770571752007e+01 3.864576615821102479e+01 3.619748349980677915e+01
3.784551376529139333e+01 3.606348911107938449e+01 3.440317940557420684e+01 3.284487807307946383e+01 3.137169758086982085e+01 2.995950399691122357e+01 3.442943185578322840e+01 3.942043644631079502e+01 4.518299401341261046e+01 5.224221864269306081e+01 6.216148320045530795e+01 6.761671366096202007e+01 6.382591970201173837e+01 5.386831566455585829e+01 6.379677311701469478e+01 6.210097291182466250e+01 5.218503204260680661e+01 4.817181642429796540e+01 3.826852387933050181e+01 3.948420959445792278e+01 4.217554926867207854e+01 4.508503861379542599e+01 5.221714201861355775e+01 6.215114940292602341e+01 6.029963089499294426e+01 5.443924532913003134e+01 4.778356023851441137e+01 3.786450996448542838e+01 4.364306295311497763e+01 5.072993556438345308e+01 6.070634224173655014e+01 6.572087031267403745e+01 5.585311832596746484e+01 5.709754418675829868e+01 5.305484388001402607e+01 4.857134040097605521e+01 4.611192382849909421e+01
4.493647609686694722e+01 4.604168008405256529e+01 4.434825646971989954e+01 4.273983627424377829e+01 3.870836142944538949e+01 2.883003224633921491e+01 3.330439532765721822e+01 3.831100727382774807e+01 4.409867594867672835e+01 5.120611101548144006e+01 6.112447689760802660e+01 5.775556570894413255e+01 5.992872201474239802e+01 5.081465444996879199e+01 6.071752787810009977e+01 5.513309980194777182e+01 4.511173227502818150e+01 4.007037776500489912e+01 3.557668555972848878e+01 3.724297583555141244e+01 4.300759461389603189e+01 5.005106642569872122e+01 5.990100013653058397e+01 6.033412761849201900e+01 5.036611102455480449e+01 4.451324480481434875e+01 3.999019511125100479e+01 3.588346823829803611e+01 4.167756761951915934e+01 4.877332838972564844e+01 5.873071985544588358e+01 5.871490183705655852e+01 4.876183406019790567e+01 4.724166824279722476e+01 4.719128497043477211e+01 4.458199208213630982e+01 4.219428087509769654e+01
5.488004313595389760e+01 5.552096231574790153e+01 4.566651740384449454e+01 3.857764776352478009e+01 3.276580398439804043e+01 2.774173143506774508e+01 3.274211911395315866e+01 3.851593001661343152e+01 4.558872968190255648e+01 5.552419222323920422e+01 6.052571127587446398e+01 5.064800565429997903e+01 5.003793036949729611e+01 4.800730949381015478e+01 5.793377600320025778e+01 5.611457410685289915e+01 4.618061679247625051e+01 3.910770326818418852e+01 3.333150373129410582e+01 3.519642319598204949e+01 4.021534619082138562e+01 4.602192255910980379e+01 5.316387152681564032e+01 6.301911438186367320e+01 5.783688565801523396e+01 5.114961639858312736e+01 4.126526142927105667e+01 3.420659439996180851e+01 4.411668536792544870e+01 4.919649173696102196e+01 5.906158106320150125e+01 5.377487221366565961e+01 4.372878738403105103e+01 4.015177117981085075e+01 3.723314153827749351e+01 3.461848392513785200e+01 3.223174150991712850e+01
5.747446033039678071e+01 5.248302609991846879e+01 4.833545492009710642e+01 4.371122112129690152e+01 3.378352126004644873e+01 2.670941680772703108e+01 3.172668491678886582e+01 3.751161307445104143e+01 4.460358372102547264e+01 5.455772826495055483e+01 5.554855941651656082e+01 4.561236516250286854e+01 4.296123989486709860e+01 4.540571138948809704e+01 5.536894623459872378e+01 5.475435688739683826e+01 4.481283393938537785e+01 3.772868925541362728e+01 3.195074291572953840e+01 3.694287696312047586e+01 4.270748484595532091e+01 4.976896879065862578e+01 5.964762489740378015e+01 5.794224005513100195e+01 4.795122048117988811e+01 4.212159520662921608e+01 3.709067580622936333e+01 3.260810888689141507e+01 3.709878599788622466e+01 4.213656970127096457e+01 5.215427340658949618e+01 6.067912385835052902e+01 5.084569895770641068e+01 5.009643326934842378e+01 4.718307823805550782e+01 4.458683902419966216e+01 4.219987562616394428e+01
4.755354038372260561e+01 4.252190940244295092e+01 3.841885256377728552e+01 4.270502634583137080e+01 3.279478109389029328e+01 2.571206813201824559e+01 3.559726478976130437e+01 3.840864697484829549e+01 4.546318795447844252e+01 5.533653765565053106e+01 5.147297340735364202e+01 4.150900683260898205e+01 4.071118594252063616e+01 4.778717298642078504e+01 5.768142070840439573e+01 5.348758708240268334e+01 4.352381524378617428e+01 3.643958040821041067e+01 3.066168061824814117e+01 3.566368941732604725e+01 4.144212831685831588e+01 4.852605742043992620e+01 5.846622685554147836e+01 5.897622482634537278e+01 4.905009764275730078e+01 4.197503097624326074e+01 3.620048096470443966e+01 3.119986662129198862e+01 3.620295048661737525e+01 4.198504771416222781e+01 4.910029101125532236e+01 5.905364111377995329e+01 5.906081938827306033e+01 5.332394576019171950e+01 4.886269844161996900e+01 4.936041870944193022e+01 4.700994699928816090e+01
4.563705697219116786e+01 3.985440165547055358e+01 3.485061224215269959e+01 4.170763223892524962e+01 3.181334170684543139e+01 2.473009166663723235e+01 2.852947431894241959e+01 3.264481870083381665e+01 3.978359081118739482e+01 4.975572215272382692e+01 4.788517022336407081e+01 3.795208715461573235e+01 3.861566252814667877e+01 4.855928544320700979e+01 5.734320324576177796e+01 5.228060071673386489e+01 4.231170955136766310e+01 3.522750686095550776e+01 2.944965150747143312e+01 3.445165275475338262e+01 4.023013276942804595e+01 4.731421235784080892e+01 5.725500310365560352e+01 5.775914255730572933e+01 4.780593570545851634e+01 4.071077787853798924e+01 3.490949586500832424e+01 2.990075686410315114e+01 3.567589538768174862e+01 4.275163164745840305e+01 5.270243760661639953e+01 5.908499793221714924e+01 4.920828694442548112e+01 4.339698624072985922e+01 3.890387275971465186e+01 3.946915342451791275e+01 3.710060811820076054e+01
4.492018037474473147e+01 3.784603956347557840e+01 3.205534474071406947e+01 4.074675300517225196e+01 3.089081358628472529e+01 2.379539472629219787e+01 2.956575552101190496e+01 3.662802496936829755e+01 4.655055653899950840e+01 5.175302461844765389e+01 4.187096520136012145e+01 3.476810192737931970e+01 3.660392905590143897e+01 4.165522929355341120e+01 4.749178403641407442e+01 5.107973413450579159e+01 4.116407063757700513e+01 3.408014091182329963e+01 2.830232021400413345e+01 3.330429996287704597e+01 3.908278250855387626e+01 4.616701342079406345e+01 5.612069384268427541e+01 5.871974749591114318e+01 4.884244064081187275e+01 4.567656338508126623e+01 3.576665087188141712e+01 2.867997218775270696e+01 3.445486325621826040e+01 4.153032553732126786e+01 5.146543443215890790e+01 5.538776435671193354e+01 4.545048111925683543e+01 3.961220951314546568e+01 3.509788787264817245e+01 3.239932843464308831e+01 3.001658978095364105e+01
4.216296795947888398e+01 3.948873531899903355e+01 2.960757623124264981e+01 3.557239892459585917e+01 3.281820887303842227e+01 2.288292248862608957e+01 2.867539931937787756e+01 3.577996894841402309e+01 4.574826545934971023e+01 5.022607511133257674e+01 4.031659229559748070e+01 3.323325277292883584e+01 4.030593014450671774e+01 5.023148447349348089e+01 5.733478010549746529e+01 5.005497173536807054e+01 4.007230655510890216e+01 3.298811670378552918e+01 2.721032157025183906e+01 3.221472623414595660e+01 3.800062960869978923e+01 4.510590741596372055e+01 5.502142918311506747e+01 5.173192603175549920e+01 4.177672292774366269e+01 4.283589375396251597e+01 3.741952134550276554e+01 2.750824188707974116e+01 3.251241986907134418e+01 3.829861845671690901e+01 4.540542666903751012e+01 5.533986527231834174e+01 5.531495268490216688e+01 4.954163936435184468e+01 4.505564943556582591e+01 4.227736391230016721e+01 3.565957791298338719e+01
3.220867397215053529e+01 2.967707671314385109e+01 2.729011726448331032e+01 2.565838570482243952e+01 3.183244385906232665e+01 2.198708506525117201e+01 3.190908502295824789e+01 3.961593353810801688e+01 4.548816456512467710e+01 4.877748621177578769e+01 3.887272101379488731e+01 3.177721249416720539e+01 4.171264633461753135e+01 4.984393509683177115e+01 5.686661509650750190e+01 4.901448212815625283e+01 3.902826056697672641e+01 3.194410401290471313e+01 2.616639738123251036e+01 3.193841990683104015e+01 3.900405044223069950e+01 4.891152228624883236e+01 5.380716651359183089e+01 4.389519307017040717e+01 3.673575112946388543e+01 3.292098718342775499e+01 2.955910156589226645e+01 2.637933513602259694e+01 3.138409431499986013e+01 3.717044292315636511e+01 4.427704522215131533e+01 5.416293612203851637e+01 4.919260364582920175e+01 4.686943941166508409e+01 4.658280004167882993e+01 3.671238965786234587e+01 2.961414619402959048e+01
4.218828370639797498e+01 3.960853956076493887e+01 3.399600383715190333e+01 2.406124222372256583e+01 2.257306879562503354e+01 2.109830580466261907e+01 2.520146998795570070e+01 2.971517148923728158e+01 3.556681566722954102e+01 4.549438349087260747e+01 4.030930825984781762e+01 3.037549074971473928e+01 3.486780629112838170e+01 3.991206270266559386e+01 4.702026907170179726e+01 4.795282226143291382e+01 3.802079397621768919e+01 3.093686696237206846e+01 2.515910710595850830e+01 3.016348191531407963e+01 3.594935109184722677e+01 4.305467643206431205e+01 5.299072857623885824e+01 5.303783946224328361e+01 4.315933201123435481e+01 3.610752451105673799e+01 3.034433979203407006e+01 2.534820364178266061e+01 3.112316669550142478e+01 3.819833483555820663e+01 4.811437808636539870e+01 4.912698343541055124e+01 3.919922720501593005e+01 3.690145520422790781e+01 3.698897113905235301e+01 3.450608772950236869e+01 3.189960276631497749e+01
5.179550022749761240e+01 4.191549933824585850e+01 3.484180845734690024e+01 2.906654191342248694e+01 3.020215236485179844e+01 2.035907675728281063e+01 2.613026374209055547e+01 3.319530085829610044e+01 4.309982057135660227e+01 4.606441488433209486e+01 3.615750622014475368e+01 2.906169227484038231e+01 3.484984995229286397e+01 4.194241764215082213e+01 5.182694922087053158e+01 4.701947887331475329e+01 3.705215377877352267e+01 2.996809241532709223e+01 2.419034793165144492e+01 2.919226100238996224e+01 3.497066627630813684e+01 4.205473744026105720e+01 5.199330959535760144e+01 5.216052085005910044e+01 4.222107681330203377e+01 3.513656402985334637e+01 2.935812585566423749e+01 2.435621610333939557e+01 3.013398212184694813e+01 3.721807815078428661e+01 4.713447431063794824e+01 4.341520105608964997e+01 3.338323922186602033e+01 2.980750878081251898e+01 2.700824031282134285e+01 2.455647834731375667e+01 2.235069979292908471e+01
5.198880634075928953e+01 4.200706866181540278e+01 3.490260046121606052e+01 2.911775503037347335e+01 2.411402837138153288e+01 1.962424771646238852e+01 2.540194810479469822e+01 3.248576630777781560e+01 4.243743835177410517e+01 4.481687331540903330e+01 3.489449946840947092e+01 2.781156340618118250e+01 3.773992060829961304e+01 4.603441346388250111e+01 5.308518262165146950e+01 4.609812451931278332e+01 3.611743254652687085e+01 2.903332776964619555e+01 2.325559517648025931e+01 2.825749008422111785e+01 3.403584749046320468e+01 4.111976708031465932e+01 5.105802046013946693e+01 5.120566119207625633e+01 4.126568307988686257e+01 3.418103538101275518e+01 2.840255419226904721e+01 2.340064030396016292e+01 2.917556698366734125e+01 3.625066401164239949e+01 4.617803550420897096e+01 4.909082536236798688e+01 3.919882419279573327e+01 3.688844458106177626e+01 3.409265044111297982e+01 3.164046147435333012e+01 2.944695210229814819e+01
5.561754140700182347e+01 4.671479658202504481e+01 3.675551083705671829e+01 2.968287708938763814e+01 2.390925028683991371e+01 1.890904085060573436e+01 2.468671216985989858e+01 3.177060363875272841e+01 4.171959668629981621e+01 4.360361863613844946e+01 3.367792829107951746e+01 2.659454038961454003e+01 3.108692003295344719e+01 3.613150776249399598e+01 4.324448417905205844e+01 4.513900645755477115e+01 3.521307529468599995e+01 2.812922186816182801e+01 2.235150035299623994e+01 2.735338638429750446e+01 3.313173340361791475e+01 4.021563912837880395e+01 5.015375273706717962e+01 5.028257071182981264e+01 4.034270779767044246e+01 3.325812995684631090e+01 2.747966195806708356e+01 2.247769953438660195e+01 2.748212674440777192e+01 3.326812364788139575e+01 4.037413908114783112e+01 5.029379553726833052e+01 4.912926419248503862e+01 4.681215971474053106e+01 4.402029272900676915e+01 4.156740682286591237e+01 3.937614478023018449e+01
