outputs_txt/Data_file_200k_ky_topographic__elevation.txt
ncols 100
nrows 50
xllcorner 0.0
yllcorner 0.0
cellsize 200.0
nodata_value -32768
[rows 17 to 33 of 50, columns 37 to 73 of 100]
1.291821552362496206e+01 1.115238931765123986e+01 9.862729461621830396e+00 8.796579879130371538e+00 7.863609041632151353e+00 7.019159650281912910e+00 8.210330699397044185e+00 9.665658107683102074e+00 1.172590759217250067e+01 1.324747901673908501e+01 1.129584615123136615e+01 9.937939201478526385e+00 1.104416998526015270e+01 1.241308676813136636e+01 1.439106310984456449e+01 1.278071014586258691e+01 1.073899624847466505e+01 9.303430695332728817e+00 8.130170548417691379e+00 9.146311174724486293e+00 1.031852757351422412e+01 1.175305190868354366e+01 1.380690701043299917e+01 1.361343827398713735e+01 1.155733122449168704e+01 1.013706060007244680e+01 8.986277735988952742e+00 7.993746368871932795e+00 8.986384150305198659e+00 1.013748558240273745e+01 1.155870388654674663e+01 1.361037486792873175e+01 1.193924040751157811e+01 1.147533195372795056e+01 1.092774648460687636e+01 1.045928392451231481e+01 1.004469254107195830e+01
1.295697947188913091e+01 1.109814804856000059e+01 9.762170193830577603e+00 8.671681295802462941e+00 7.727894422810188679e+00 6.881044620326750128e+00 8.071833766102786356e+00 9.526968308695856535e+00 1.158620415508998214e+01 1.302673533824385999e+01 1.107447838805251017e+01 9.714445869695389035e+00 1.082329582864938722e+01 1.219525425237810978e+01 1.417360071288430845e+01 1.260877363960638853e+01 1.056912920564439773e+01 9.134091621949501416e+00 7.961310886719014768e+00 8.977061593553704810e+00 1.014889043050264128e+01 1.158291768381495856e+01 1.363360764032942463e+01 1.343795052949117519e+01 1.138644616755966510e+01 9.966110248127336035e+00 8.815411625752894054e+00 7.822897785819984406e+00 8.969375931396163182e+00 1.038104601874660737e+01 1.239971041290947085e+01 1.193783411853015330e+01 9.886985528254895073e+00 9.432969509737352709e+00 8.893194346204188250e+00 8.429954265471836905e+00 8.018504641929792953e+00
1.305776443329631142e+01 1.108252318885643994e+01 9.687658056633933867e+00 8.562868825959457197e+00 7.599365173645959537e+00 6.745981635662718467e+00 7.936353166117818603e+00 9.391197755519415935e+00 1.144937106694152895e+01 1.281389071745923758e+01 1.086108853679173514e+01 9.499222062326595051e+00 1.143084759800356309e+01 1.311198907947946424e+01 1.435785849367005262e+01 1.203073189399300880e+01 1.019031927730622655e+01 8.862471122214953922e+00 7.797008080203085001e+00 8.812479847247493225e+00 9.984271292480157101e+00 1.141880923469535603e+01 1.346541953334154762e+01 1.282063054106041911e+01 1.223986772104347409e+01 1.021593247313792929e+01 8.803872429764400209e+00 7.656875900197058549e+00 8.803326981572375587e+00 1.021496429072952417e+01 1.223811639229049675e+01 1.075419361563620235e+01 8.720356091707168744e+00 8.006606538481571889e+00 7.467616012377968460e+00 7.004912556043835892e+00 6.593275173152838065e+00
1.344487513539639956e+01 1.121395186636493513e+01 9.687957083360364763e+00 8.499410846745098169e+00 7.491918577833398984e+00 6.613781762893563787e+00 7.803673305403155069e+00 9.258120255604028515e+00 1.131519040754099414e+01 1.260575043695342679e+01 1.065235959164183122e+01 9.288576144016770897e+00 1.021818767566730912e+01 1.124351781513398940e+01 1.278673427813503949e+01 1.227762876079215459e+01 1.024314333664476351e+01 8.809153459631623662e+00 7.637451499222296825e+00 8.809067992224042243e+00 1.024271484450212633e+01 1.227637316020280167e+01 1.281816372711377561e+01 1.078596433878594141e+01 1.149349824414849053e+01 1.093242579843403028e+01 9.485533313660150512e+00 7.494795609786750745e+00 8.640948515290773457e+00 1.005135760822745183e+01 1.206072252555765267e+01 1.193715880716687394e+01 9.886801260736138630e+00 9.170583602618098240e+00 8.892943829990928251e+00 8.430519298784934890e+00 8.610433918973653178e+00
1.371478038769148355e+01 1.132160401025357110e+01 9.687918463970779825e+00 8.450109050900525887e+00 7.407602275253871049e+00 6.484269017122624490e+00 7.673550288310208245e+00 9.127499461796880098e+00 1.118344425819486787e+01 1.240630532442370715e+01 1.045200975675754052e+01 9.086085694151648795e+00 1.019925309663540425e+01 1.157369907913524720e+01 1.354596576569422162e+01 1.212051006860617264e+01 1.008588904204823500e+01 8.652426967834513150e+00 7.481274875083308018e+00 8.652426885089468556e+00 1.008588624911154596e+01 1.211802398772807443e+01 1.164209513313909916e+01 9.627359755120053819e+00 9.480244853624881785e+00 8.927688907939341334e+00 9.011201654072701572e+00 7.335178273790655901e+00 8.327366449608424759e+00 9.476863260057106331e+00 1.089425896640555003e+01 1.293134812094832498e+01 1.194114190802707931e+01 1.060286920401923183e+01 1.092640054704576258e+01 1.045996853984075514e+01 1.056244561965225870e+01
1.368310552679418990e+01 1.130237196718103121e+01 9.603163427345988268e+00 8.336384554194976815e+00 7.282496886640786649e+00 6.357033736504205557e+00 7.545748731313043578e+00 8.999170715591862546e+00 1.105397692177359659e+01 1.221267510578980264e+01 1.025750259064224323e+01 8.889629135427963291e+00 1.000466785870263564e+01 1.138108111752049467e+01 1.335427640719625941e+01 1.196498928446045440e+01 9.931819456854729111e+00 8.498906025509310069e+00 7.328309462229454674e+00 8.498906023057099191e+00 9.931816300217137794e+00 1.196155241909728417e+01 1.074283481374150639e+01 8.735578797137669937e+00 8.072131234538295175e+00 7.520730388928119403e+00 7.024063427284528593e+00 7.178066997390309290e+00 8.065866808535162136e+00 9.060793295228515731e+00 1.021510737769287758e+01 1.164080866635532630e+01 1.369955728789499716e+01 1.267227201465972897e+01 1.152434510203632279e+01 1.050262457401515093e+01 9.674368728972718046e+00
1.362426297506898720e+01 1.130556169770042985e+01 9.535483978907205227e+00 8.233811327564689364e+00 7.162637729641019746e+00 6.231955245138423471e+00 7.420814282082098146e+00 8.874212803438506825e+00 1.092869600413229314e+01 1.202439929888955739e+01 1.006837305081824674e+01 8.698724683415472114e+00 9.815305511625336266e+00 1.119299776329238938e+01 1.316559670113665703e+01 1.181264339954877762e+01 9.780824844613318803e+00 8.348436635619558288e+00 7.178366266020384856e+00 8.348436634870450845e+00 9.780823776900509969e+00 1.181140437738841165e+01 1.216966417914855292e+01 1.014772713882637944e+01 1.006493264074848604e+01 8.864364842385457521e+00 6.877643890561706108e+00 7.764254213373130931e+00 8.757403902923377004e+00 9.908552592401468573e+00 1.132790552473261414e+01 1.337818922273946320e+01 1.300402041603506653e+01 1.092160267656454486e+01 9.486935239757295690e+00 8.476851763937926165e+00 7.653549427075144962e+00
1.391182392253842259e+01 1.218388861887383356e+01 1.009992829625037736e+01 8.643792093392184128e+00 8.159162145825032297e+00 6.109046751616077131e+00 8.160461197674578671e+00 9.384372827520852667e+00 1.143392973439152804e+01 1.184188700230779645e+01 9.884195087724037876e+00 8.512924626026086017e+00 9.631558783618030972e+00 1.101091576711994335e+01 1.298380720583631565e+01 1.166329522091867155e+01 9.632730036997701362e+00 8.200845355057319708e+00 7.031273915955126519e+00 8.200845354692697597e+00 9.632729437246609905e+00 1.166252631741816082e+01 1.231953938867269471e+01 1.028989637501896937e+01 8.875828960269879886e+00 7.726612373858217531e+00 6.733791522890542502e+00 7.543964925876258221e+00 8.433373294442429113e+00 9.429642844231409526e+00 1.058606471891118872e+01 1.201486479802813712e+01 1.408765422513734578e+01 1.228113529265867321e+01 1.021864995204743565e+01 8.790615533800229642e+00 7.628062362441608180e+00
1.274022097645369911e+01 1.041862717892908208e+01 8.737402221902250687e+00 7.469652448004531209e+00 6.694927671469356412e+00 5.986396833365657422e+00 6.907078879311860931e+00 7.936208726762126631e+00 9.989234483674268361e+00 1.166130878965861406e+01 9.704591361252745685e+00 8.331890850643729252e+00 1.027485416439426658e+01 1.138010516680266093e+01 1.335856059434609122e+01 1.151752288292530224e+01 9.487376527485078981e+00 8.055974458558416984e+00 6.886876394376100663e+00 8.055974457657594456e+00 9.487375249090062468e+00 1.151604438178537038e+01 1.217606517466816207e+01 1.014831801710067261e+01 8.734476525502639532e+00 7.586202795063103466e+00 6.594087821622543366e+00 7.998876433800592878e+00 9.994685301413614553e+00 9.483048090643865891e+00 1.089623676938217756e+01 1.292942398694728645e+01 1.265838465450204353e+01 1.057891078567341658e+01 9.144074141020597679e+00 7.978357146950807000e+00 6.970496921491068143e+00
1.321011067624475288e+01 1.148090209808961859e+01 9.447796305029868336e+00 8.021474519190739727e+00 6.857361792681206047e+00 5.867273483676984647e+00 7.053661400364795497e+00 8.503995399190662496e+00 1.055327094005201616e+01 1.148616348757301076e+01 9.527705662206534143e+00 8.153515552967421698e+00 9.021153159430328472e+00 9.996678782597506085e+00 1.196183095559127629e+01 1.137199748423197754e+01 9.344616080484888343e+00 7.913680001596167912e+00 6.745031085538832905e+00 7.913680001914749518e+00 9.344616432129543071e+00 1.137223087831995549e+01 1.203589654783135998e+01 1.001023345525832653e+01 8.596902334318501815e+00 7.448783992252480779e+00 6.456670085804797843e+00 8.444946525486077604e+00 9.898391050984345796e+00 8.333054718937866312e+00 9.483201973658925255e+00 1.089926423295146130e+01 1.293511162753298294e+01 1.250033141178150409e+01 1.043014972618740899e+01 9.000972059310731410e+00 7.838103978266005356e+00
1.293550712304885408e+01 1.153237272537879576e+01 9.417965997187941696e+00 7.962176793206781511e+00 6.777029805131218332e+00 5.749900929931945015e+00 6.935781902005251354e+00 8.386064517267202589e+00 1.043510713307863647e+01 1.131554432467610916e+01 9.356335973674289264e+00 7.980908589136535447e+00 9.102277342459620613e+00 1.048368575679238823e+01 1.245405594575244024e+01 1.123157299290257960e+01 9.204320586034743457e+00 7.773830176757714483e+00 6.605607105261347201e+00 7.773830087884160633e+00 9.204319565264459158e+00 1.123093651688636463e+01 1.189549230600400165e+01 9.872842090527177206e+00 8.460682027160396856e+00 7.313074515237209638e+00 6.321055488906059061e+00 8.040295421730411007e+00 7.904719341928801768e+00 7.580723614689603984e+00 8.728915747948155612e+00 1.014113184127408118e+01 1.216173967981475634e+01 1.110409565144009036e+01 9.851914791824050610e+00 8.919442974882903385e+00 9.132720862193194122e+00
1.263816432241113219e+01 1.142307184205062676e+01 9.302455654066896784e+00 7.845405064733048661e+00 6.660633672222147084e+00 5.634100389478163606e+00 6.819288979781287452e+00 8.268904469536396462e+00 1.031686336397576831e+01 1.114857404450504852e+01 9.188642913693653824e+00 7.812059722935204675e+00 8.934618516700757240e+00 1.031753902099306508e+01 1.228864900172171915e+01 1.109265016901798084e+01 9.066364774031265839e+00 7.636303884945939480e+00 6.468483858981814549e+00 7.636181303557362021e+00 9.065854037995269010e+00 1.108914097446702307e+01 1.099169825716084681e+01 8.979910461192114113e+00 7.827711595580781889e+00 6.938145447626065554e+00 6.186987844980829543e+00 6.055294851919348353e+00 6.499892084423990468e+00 6.981871402897112056e+00 8.384345470256617361e+00 1.031699138405103788e+01 1.108990724558086427e+01 8.970445975327095312e+00 7.783993293268004265e+00 6.875568371208641949e+00 7.100181144197907912e+00
1.235383617623023333e+01 1.132465092176162358e+01 9.190581789083516639e+00 7.730434665274634298e+00 6.545782123205795777e+00 5.519815713366418741e+00 6.704329846210415056e+00 8.153291764771783079e+00 1.020019558723096864e+01 1.098505006271286710e+01 9.024422004447334444e+00 7.646772482597723908e+00 8.770243456168051566e+00 1.015400821170775458e+01 1.212502999935871983e+01 1.095600768353105536e+01 8.930637736991767994e+00 7.500989769650938221e+00 6.333540122423584329e+00 7.344655822728471506e+00 8.512130769144519604e+00 9.942393389802813175e+00 1.196948291692874200e+01 1.098929757449123379e+01 9.824330334682121801e+00 8.927200576560101908e+00 7.913910560234144853e+00 5.929603448118380804e+00 7.912484694136989738e+00 8.128270737516157141e+00 9.536257524744488734e+00 1.154590280818575465e+01 1.078447757834712029e+01 8.720275453157960044e+00 7.279759364214230644e+00 6.111419640555387112e+00 5.671558670488065168e+00
1.208458834946691596e+01 1.122783282181168474e+01 9.080836785745852069e+00 7.617085506801275940e+00 6.432417867620820573e+00 5.406990639012523303e+00 6.590847115491631492e+00 8.039167996393963733e+00 1.008504197453845030e+01 1.082476513640332350e+01 8.863465841006773260e+00 7.484831173402860749e+00 8.609142803119040011e+00 9.993697373553693808e+00 1.196467626630083991e+01 1.082184803891810532e+01 8.797338861287322231e+00 7.368084726092847703e+00 6.200988915223224929e+00 7.211688154043866206e+00 8.378507352350235138e+00 9.807484075099258902e+00 1.183561059423793260e+01 1.137543213387333907e+01 9.357464043797440567e+00 7.945866626627953622e+00 6.797585020438197567e+00 5.804293014255411443e+00 6.797574363889569149e+00 7.945160993251061399e+00 9.356249620100859588e+00 1.137300569168946218e+01 1.103877735732201515e+01 8.924986143295370766e+00 7.468274416445712660e+00 6.750775071487494117e+00 7.694526617437661642e+00
1.182886109566211452e+01 1.114205650026546124e+01 8.975667418864235358e+00 7.505684004445355662e+00 6.320519243627084727e+00 5.295572295795798468e+00 6.478786755402832220e+00 7.926477507119732202e+00 9.971341919389272945e+00 1.066753209602734209e+01 8.705587065330478325e+00 7.326041107678423536e+00 8.451128782889314905e+00 9.836423761308410008e+00 1.180740171782710490e+01 1.069097701010689327e+01 8.667036567830677996e+00 7.238118091849798930e+00 6.070683697805667300e+00 7.081098497962321936e+00 8.247596207232858134e+00 9.676237923499554583e+00 1.170328265585279759e+01 1.124996500621489481e+01 9.232766322038097329e+00 7.821766333531272153e+00 6.674133354337869584e+00 5.681402211887363052e+00 6.671222722424639429e+00 7.799492354214402567e+00 9.137237557147281919e+00 1.089802601570425367e+01 1.184354301564936662e+01 9.611915608085810803e+00 8.387836628708617681e+00 8.798028488766506783e+00 9.611430476729541539e+00
1.158545761712939637e+01 1.106447090074410333e+01 8.875165732078070135e+00 7.396323102434135599e+00 6.210058688482005707e+00 5.185510898187116524e+00 6.368097849938928690e+00 7.815167312371067432e+00 9.859036690367112499e+00 1.051318129209085228e+01 8.550615766728869360e+00 7.170225921915578837e+00 8.296219860228172038e+00 9.682819305072305482e+00 1.165304749841897269e+01 1.066740755476378588e+01 8.619027380532644500e+00 7.959662309523436008e+00 5.942562703901173471e+00 6.952665974668431836e+00 8.118858499568268883e+00 9.547177859007305756e+00 1.157321010986253640e+01 1.112775897276682890e+01 9.111822578268011341e+00 7.701054030585883226e+00 6.553411700804170792e+00 5.560539619586193361e+00 6.448569914272514580e+00 7.442001046743738968e+00 8.591881501642282259e+00 1.001022295872649970e+01 1.207930811730834009e+01 1.189085456375554095e+01 1.052010807734475506e+01 1.044064122913121828e+01 8.410797553243090974e+00
1.135185095120693433e+01 1.099605460563017978e+01 8.780525668114524507e+00 7.289321034272881583e+00 6.101040113000173903e+00 5.076759473810075640e+00 6.258732336499311266e+00 7.705186986447957409e+00 9.748070174868114890e+00 1.036155771237752532e+01 8.398396865467516292e+00 7.017241007626195959e+00 8.394350429929257729e+00 1.029825385676013916e+01 1.074859490353422586e+01 8.629774939971222025e+00 7.185429268409320613e+00 7.580149425846539835e+00 5.815839230091454759e+00 6.825724301689557016e+00 7.991625189876264912e+00 9.419630959062260445e+00 1.144470820943611145e+01 1.100779531776944431e+01 8.993062081373089711e+00 7.582508706067686788e+00 6.434847204702350609e+00 5.441838791317032076e+00 6.329393539469253760e+00 7.317945844919433007e+00 8.446638967865677472e+00 9.796658694416572999e+00 1.162855721916229434e+01 1.153372842489211259e+01 1.076813403934319879e+01 9.756448116552286720e+00 8.091464995241185676e+00
