outputs_txt/Data_file_100k_ky_topographic__elevation.txt
ncols 100
nrows 50
xllcorner 0.0
yllcorner 0.0
cellsize 200.0
nodata_value -32768
[rows 0 to 16 of 50, columns 0 to 36 of 100]
9.874532219066205815e-04 5.718918811503370930e-04 4.520784009026830304e-04 2.663739926806254501e-04 8.998557452858089480e-04 4.075436276320867218e-04 1.116400819032432564e-04 5.606197584192192931e-04 2.816056686356872753e-04 7.091616999463187148e-04 7.245636159569824762e-04 5.339336087628366884e-04 5.950305903997469680e-04 1.397689280539791187e-04 8.215453368302902447e-04 2.528158093828495180e-04 7.970142070871965353e-04 8.642758191005334547e-04 4.830458824078315175e-04 8.730280106633262101e-04 2.714517779312907017e-04 2.633363353131360635e-04 7.093182723154872315e-04 7.428075296972025279e-05 8.886431293432063344e-04 5.050753760661985523e-05 6.061805164144701058e-04 7.380139494006113330e-04 8.832425602419924035e-05 3.194536543900955297e-04 2.057928980883798656e-04 9.120941820935017479e-04 7.310433960690260061e-04 3.644372503474211321e-04 2.236992022624065854e-04 7.729792488491861848e-04 8.939526697441438742e-04
8.892593105697957833e-04 3.190402724867488615e+01 2.311163843331766898e+01 3.188929710716741539e+01 3.058668020559309753e+01 2.197414830326870927e+01 2.518612364361181477e+01 3.431043843129786808e+01 3.392496391961089586e+01 2.740345347903807749e+01 2.602529495808426674e+01 2.361351945233248273e+01 2.171148530874343408e+01 2.016322182881671310e+01 1.766418621325517080e+01 1.240215674735200047e+01 1.441388895367405887e+01 1.765847561091110407e+01 2.284227312228778217e+01 3.163764915741639783e+01 3.255873406952127880e+01 2.620234896170908456e+01 2.528242913801848246e+01 1.984999927002194653e+01 1.482741775155755093e+01 2.144448159204803517e+01 2.631942225230893229e+01 3.063287619465701894e+01 2.762140151565883173e+01 2.287839318409163880e+01 2.548686841178006546e+01 2.899960224231879380e+01 3.432942130454247120e+01 3.213174706908118594e+01 2.319972114327753943e+01 2.184024962004307113e+01 2.453210309595908711e+01
6.395313700243740289e-04 2.567298877523099776e+01 1.795553063795692594e+01 2.310323567956259438e+01 2.448487336363961120e+01 1.706534423212642437e+01 1.961219850439758261e+01 2.785179839251434331e+01 2.470703590864388843e+01 1.900946864086556687e+01 1.804889962329539443e+01 1.627905303416010341e+01 1.499054459762534997e+01 1.401083456897109336e+01 1.487170412262593011e+01 1.123104903395488385e+01 1.376976366326380052e+01 1.973162675325066573e+01 2.029560921233870019e+01 2.864808736082771645e+01 2.357568506691634624e+01 1.815159550111265574e+01 1.761555449776425419e+01 1.367051203715429608e+01 1.180988218748328045e+01 1.675743875532007721e+01 1.844688355696962745e+01 2.199057704450719086e+01 1.938744003346299394e+01 1.572837561494923797e+01 1.763042169112682345e+01 2.043046729761561409e+01 2.510770622081216530e+01 2.581350488042619418e+01 1.788435629934101812e+01 1.500528767421440968e+01 1.717107039186323192e+01
2.826028614054564209e-04 2.250664090064805478e+01 1.571345044438674421e+01 2.250008274095387151e+01 2.076522865566818155e+01 1.455001681765035570e+01 1.648860039940641187e+01 2.372224515529365263e+01 2.320128415477404360e+01 1.577950376108328356e+01 1.390567751079388792e+01 1.275868485725856694e+01 1.197203278888146372e+01 1.138077000005915629e+01 1.089998054989079712e+01 1.046767516148967125e+01 1.257336164511197119e+01 1.773925353337685706e+01 1.564142255843861129e+01 2.273461059350561086e+01 2.215901162119233447e+01 1.514031446149097526e+01 1.907540512702935231e+01 1.331080872576664831e+01 1.086677077780397660e+01 1.498868936038795674e+01 1.428500412594787328e+01 1.696997443346484147e+01 1.489974889353666221e+01 1.234964503571633010e+01 1.358559327014300955e+01 1.559014372444110208e+01 1.938657898867039009e+01 2.427363348663525500e+01 1.687221537568585461e+01 1.326658319698873356e+01 1.354347125098616367e+01
4.487353167990030113e-04 2.023103749883048508e+01 1.428233847303690673e+01 2.022885858311961726e+01 1.896234303958420853e+01 1.352168980047148139e+01 1.605653750677940295e+01 2.054049850017821655e+01 2.875597210150466765e+01 2.320083192497700963e+01 2.037964959076361993e+01 1.841729826638058398e+01 1.694803236932276036e+01 1.579668702202613950e+01 1.347914336538679336e+01 1.012568047526039017e+01 1.347604851121429625e+01 1.512790687946951707e+01 1.328369883932393947e+01 1.917489533949224878e+01 1.928332459438912139e+01 1.326240628758848139e+01 1.740712689881579323e+01 1.231148768560042939e+01 1.021848290021070227e+01 1.098266588798995080e+01 1.195299565412808107e+01 1.387253221029173922e+01 1.637993830205795120e+01 1.159563506694927248e+01 1.448539852906189651e+01 2.099770773045914396e+01 2.634939669465023115e+01 1.851743148398045946e+01 1.442739896107214470e+01 1.221549034498682573e+01 1.163855422136914974e+01
3.884479341613774738e-04 1.850500776028037109e+01 1.329404941087542014e+01 1.850344118070395893e+01 1.763683360291835100e+01 1.281902433006871078e+01 1.498938172870037810e+01 1.899978142010729343e+01 2.677211023771474885e+01 2.814158495765935797e+01 2.231698253132375953e+01 1.883882050622341708e+01 1.649014769704095684e+01 1.481000857520634284e+01 1.294626183010688436e+01 9.799993812315605624e+00 1.038061790468604606e+01 1.102789922946718981e+01 1.189779451613848416e+01 1.676960111538313924e+01 1.714134133169972785e+01 1.202157864696654244e+01 1.636253851016240191e+01 1.170819076196205444e+01 9.793472512248827755e+00 1.122242383324288006e+01 1.385803432150398429e+01 1.979439468935013835e+01 1.529200301649567706e+01 1.102181362309660706e+01 1.289742941640230534e+01 1.645623858660088601e+01 2.370909577721954165e+01 2.379454057059394501e+01 1.645962106378693335e+01 1.358538952208779982e+01 1.354445099336719416e+01
9.883819239636547002e-04 1.715238874374465183e+01 1.256129151746461048e+01 1.715135542670307700e+01 1.660481147768937404e+01 1.228551745638285730e+01 1.418568075417206309e+01 1.778819302344500386e+01 2.509861589465952392e+01 1.992361256219708920e+01 1.538795003394314698e+01 1.310763460702417760e+01 1.175998505833510421e+01 1.085170898717144894e+01 1.015114780892649193e+01 9.524653359801952490e+00 1.251792441421352642e+01 1.512262205877965648e+01 1.676303725678874912e+01 1.978978424328299468e+01 1.375791423098400301e+01 1.114255763735426719e+01 1.550522434268564709e+01 1.246826404724765780e+01 9.421133126858073581e+00 1.246326165564104826e+01 1.571065637523124003e+01 1.994383928598413291e+01 1.441987537243820938e+01 1.056076661619342794e+01 1.440523697716064788e+01 1.707728113317439522e+01 1.762609204347186775e+01 2.530128582480626420e+01 2.379508904879775955e+01 1.735087321346736999e+01 1.717832019345495809e+01
3.319618847482213296e-04 1.606429336127653329e+01 1.197858373200029014e+01 1.606371763917023188e+01 1.576945869906361608e+01 1.184715937385599460e+01 1.355064887057787537e+01 1.680641403296621661e+01 2.368996590440408667e+01 2.213823202217270136e+01 1.828298038569167261e+01 1.604989355626244674e+01 1.454097151967418711e+01 1.343117608015195152e+01 1.214889054493610310e+01 9.277640409435489843e+00 1.057845619075837362e+01 1.281283786905070698e+01 1.801565251601634188e+01 1.817728334364436549e+01 1.276552026392472428e+01 1.051409114080797735e+01 1.267757622951562091e+01 1.192812734428943067e+01 9.068054091360275848e+00 1.001669091858111216e+01 1.128546714676582319e+01 1.397055444338174901e+01 1.366606268351411835e+01 1.014938588107767181e+01 1.095439440943899001e+01 1.200103594329688761e+01 1.366652641452239081e+01 1.763018037180052033e+01 2.532208094115034669e+01 2.491642529794715344e+01 2.453221713111638991e+01
9.010359987070598771e-04 1.516766015113859822e+01 1.148527457052737688e+01 1.516747265773409126e+01 1.507254310499144800e+01 1.146600356744587224e+01 1.334407147831095131e+01 1.708965845455504606e+01 2.201993059268231434e+01 1.499096229998478513e+01 1.265814601193739541e+01 1.145604344698620913e+01 1.066632040390762981e+01 1.005637531457960243e+01 9.535278692823872859e+00 9.039179965831824148e+00 1.031248828116103766e+01 1.243693855268764281e+01 1.739228225447654452e+01 1.687723424121173110e+01 1.199916676076963817e+01 9.992343538433964056e+00 9.552433924223683093e+00 9.145390695036056172e+00 8.748864608412690202e+00 1.000573166306567430e+01 1.208214113623460939e+01 1.691222290880162404e+01 1.309181826782105418e+01 9.809409970677025470e+00 1.082818010529855712e+01 1.230983294240360770e+01 1.475680012037109101e+01 1.900916190980559151e+01 2.692729967925539469e+01 2.623823375349268261e+01 1.853450214472955437e+01
6.917431691057290746e-04 1.441164158974616072e+01 1.104686156388036977e+01 1.441178000755119548e+01 1.447326649588574554e+01 1.111693914278042072e+01 1.307897399034058594e+01 1.787229839938776976e+01 2.178652981959393387e+01 2.213754967092237891e+01 1.829376159857269357e+01 1.605439546077553814e+01 1.454234632111195857e+01 1.342946981870712619e+01 1.152497374568122979e+01 8.829671848038147530e+00 9.887547024648128513e+00 1.135886749391693051e+01 1.398377019354194317e+01 1.979396691191487179e+01 1.686048124002400428e+01 1.199419754973456342e+01 1.266921066202166379e+01 1.114465016163200950e+01 8.508401345042281960e+00 9.745558094844177788e+00 1.173281888179790222e+01 1.634060001902309978e+01 1.259586301206235071e+01 9.501686656126805630e+00 1.048386524878911530e+01 1.186272282770170960e+01 1.411899373257062784e+01 1.810656875283584100e+01 2.573912930066803639e+01 2.485245377122975796e+01 1.755861555379332728e+01
2.923482951924798352e-04 1.376029038402680982e+01 1.064405644206996016e+01 1.376068944568527108e+01 1.394351817167383700e+01 1.079054458719611809e+01 1.394068883136548109e+01 1.606134019058562501e+01 1.544092606892566089e+01 2.178696304857424693e+01 2.215316258422533835e+01 1.559766135724128411e+01 1.245692860013080328e+01 1.071239338125583451e+01 9.554288080841629949e+00 8.626070211208208605e+00 9.676379331933627981e+00 1.110571199246727936e+01 1.361153387426356076e+01 1.921968535022100255e+01 1.853512070799301625e+01 1.311691062127378693e+01 1.070801861537714572e+01 9.313629889448279187e+00 8.275609860568765797e+00 9.497489208297963614e+00 1.140767447309932159e+01 1.580521684016108708e+01 1.216159064618895513e+01 9.217591577624807186e+00 1.017553215810788281e+01 1.147607389304894632e+01 1.357246235221410302e+01 1.732205980460320305e+01 2.465766238568092561e+01 1.962655519257388548e+01 1.944583252090102476e+01
4.742756502509650742e-04 1.318799230128960431e+01 1.026614259534895979e+01 1.318858957137395649e+01 1.346291042658058679e+01 1.047713206154470100e+01 1.117595475248569237e+01 1.198610112941150874e+01 1.312513506853726142e+01 1.813144000634528297e+01 2.150121435070946418e+01 1.516097668599274684e+01 1.216061245180253181e+01 1.048727853767673501e+01 9.354890454709410719e+00 8.432355366818310216e+00 1.100278483331872792e+01 1.318201080842230155e+01 1.363408440684011147e+01 1.929043673434654593e+01 1.844447030888917283e+01 1.303619321617934723e+01 1.261299074227938632e+01 1.055802770730365303e+01 8.054766971355999061e+00 9.264888271100106820e+00 1.111094269190432016e+01 1.531999135049226091e+01 1.177413905278618245e+01 8.951914239373957471e+00 1.002447036539929393e+01 1.157580666298418848e+01 1.439251409994031050e+01 2.051630115616822181e+01 1.819859621411193018e+01 1.386524821808432684e+01 1.415067207933597970e+01
4.560305638975598952e-04 1.267636940238158516e+01 9.907028872209568959e+00 1.267719086225361380e+01 1.305661355149045555e+01 1.019844787691286037e+01 1.190163898177515023e+01 1.586101629125394830e+01 1.810956709929300956e+01 2.379800425910653061e+01 1.681415324836220293e+01 1.330092075430680687e+01 1.131974099149933366e+01 1.004750180788426484e+01 9.080688041286146372e+00 8.244125447982536770e+00 9.016710217738699740e+00 9.883367083332911918e+00 1.111419111737818533e+01 1.529574505686035657e+01 1.462632383903351574e+01 1.064568738157963246e+01 9.456530726797495845e+00 8.604163247658739522e+00 7.839900844537031510e+00 9.040902737353084362e+00 1.083211336005648207e+01 1.486846205359653439e+01 1.142051701104034223e+01 8.699268552159500345e+00 9.954150403161005300e+00 1.201459530752679505e+01 1.680727774583395373e+01 1.819464293694993273e+01 1.290773586733750733e+01 1.138194290554684507e+01 1.061020815426337904e+01
1.868929910681809174e-04 1.221211300550344525e+01 9.563024766154033074e+00 1.221234969724397601e+01 1.267957171239282133e+01 9.929013276551067690e+00 1.158820035616027333e+01 1.534840780252928560e+01 1.533749430482662923e+01 2.143000875755891954e+01 2.017950966373797073e+01 1.595060658355138727e+01 1.371162667351223163e+01 1.226474637136716161e+01 1.054080516366948572e+01 8.066671736146558302e+00 9.099555706126771781e+00 1.043411120536695869e+01 1.266060768661705360e+01 1.769614887553972693e+01 1.686761583325518288e+01 1.207511699920568127e+01 9.957327124239480298e+00 8.658070800756876295e+00 7.637662518207786633e+00 8.831609403824272064e+00 1.057740067987460009e+01 1.446074375258568168e+01 1.109212231671433813e+01 8.456007813152190522e+00 9.500576360273614185e+00 1.092922567167439674e+01 1.344172263577381088e+01 1.903954203969221837e+01 1.819038088461534031e+01 1.386341603641337628e+01 1.269151091413934118e+01
1.986744819930234037e-04 1.178545364552729602e+01 9.231651441038932759e+00 1.142652151920288972e+01 1.170598260267723134e+01 9.667871219679902595e+00 1.232822059225922118e+01 1.364154745136167612e+01 1.257803256621782140e+01 1.710931612407650348e+01 1.422362854147187683e+01 1.150025098302159066e+01 1.019175401583122387e+01 9.300193699679146775e+00 8.571297793159576628e+00 7.892711558860604271e+00 8.922704999312777829e+00 1.023674084675783824e+01 1.239390607999480132e+01 1.727441010179121506e+01 1.724254358973868406e+01 1.222557972881467414e+01 1.179594611480088417e+01 9.562194673907434606e+00 7.443142510676276302e+00 8.631435202549450736e+00 1.033855570040222105e+01 1.408332604851006487e+01 1.078705491178811648e+01 8.222748784226284968e+00 9.139640746664799309e+00 1.026717291974198965e+01 1.193324179404338103e+01 1.491811909368658817e+01 2.122133520938126594e+01 1.961294196463756023e+01 1.769189091097784683e+01
2.732476074710214102e-04 1.138446137696633897e+01 8.907232046873982512e+00 8.949399498409881915e+00 9.178830814050915166e+00 9.409929081547375063e+00 9.960814345186538077e+00 1.055943129247715540e+01 1.127787863345619890e+01 1.485293492433310725e+01 1.936941585040327141e+01 1.376915245061532467e+01 1.120123738899180843e+01 9.716884884658254506e+00 8.641228460128841604e+00 7.727324917412421890e+00 8.754802081928719559e+00 1.005106025389208035e+01 1.214485737098011597e+01 1.686879470508963053e+01 1.370608211075890459e+01 1.000380440506727275e+01 8.858017359030332827e+00 8.015230625956759170e+00 7.252719835728948183e+00 8.436606671342536501e+00 1.011044144141783541e+01 1.372854915448020741e+01 1.050326827871051982e+01 7.999658513216408195e+00 8.912664334497241825e+00 1.001753826932551483e+01 1.161381582807475610e+01 1.445118587169997149e+01 2.053947683447885453e+01 2.360454481155416673e+01 2.080182288151308612e+01
7.423273965994747065e-04 1.100533477303620344e+01 8.589600881875290028e+00 8.722333264704852596e+00 1.115238196673634619e+01 1.199604072304502012e+01 1.274829346548408004e+01 1.364695801710408851e+01 1.285815365492186579e+01 1.755153660232577550e+01 1.517126694263552444e+01 1.461164584319999271e+01 1.419021699843184692e+01 1.047168673821438034e+01 8.765270464067576484e+00 7.567146295079434815e+00 8.592355849474554219e+00 9.873121510038082249e+00 1.190942831564448134e+01 1.649376271567867036e+01 1.555612122787422003e+01 1.125529305336832842e+01 9.330503009438510631e+00 8.084045525032056645e+00 7.071249600184357220e+00 8.251795073603126696e+00 9.899090376978550765e+00 1.340212423881176029e+01 1.023546919818261536e+01 7.785338215887520619e+00 8.799501971244003684e+00 1.011154089078059215e+01 1.227757095230773565e+01 1.715548458401162435e+01 2.358841495171461133e+01 1.737434453155517389e+01 1.554709571357906661e+01
