outputs_txt/Data_file_300k_ky_topographic__elevation.txt
ncols 100
nrows 50
xllcorner 0.0
yllcorner 0.0
cellsize 200.0
nodata_value -32768
[rows 0 to 16 of 50, columns 37 to 73 of 100]
6.947976736072460817e-04 6.386602907874911871e-04 1.810812704536676092e-04 8.098349891882554484e-04 6.746447888343604224e-04 1.384939423039011173e-04 8.765660047547614271e-04 7.823681927607051582e-05 4.557793758318652100e-04 8.973866288408838959e-04 9.416114913450181331e-04 1.027713555442471020e-04 7.578026571359140632e-04 3.873577730922315196e-04 7.580131564379465623e-04 8.025249264743811433e-04 6.373552330328000190e-04 4.484515580836175605e-04 8.808812493152050078e-04 5.503775342879505851e-04 7.621130708039890005e-04 9.412128562948549829e-04 2.473391358999958039e-04 3.155297017653323623e-04 9.260077148839073737e-05 5.991370364065260346e-04 1.445992429256416276e-04 8.506696321823598158e-04 7.907730606909621702e-04 6.763054386588956491e-04 4.148064561724596009e-05 4.254548389511150362e-04 2.468426429805756759e-04 3.235993605498266377e-04 6.527743775483008451e-04 5.508121973309252793e-04 2.621210211913616129e-05
1.540741258371734013e+01 1.503092181739870981e+01 1.468089052273833417e+01 1.435236017646720086e+01 1.403940623357194717e+01 1.294729444641835769e+01 1.338827645448949610e+01 1.294030522758234447e+01 1.356596137812757874e+01 1.306360505532146732e+01 1.415347967931250217e+01 1.543619937571686229e+01 1.706695162618162698e+01 1.942947022610085384e+01 1.832948243275926359e+01 1.612728043782854215e+01 1.462268983502818287e+01 1.465937058409128824e+01 1.391833813045307622e+01 1.496990468081373926e+01 1.647202748670929040e+01 1.605731500276372969e+01 1.712427649348256509e+01 1.862047116433091176e+01 1.746008294192958132e+01 1.605004086026744758e+01 1.505355258546962460e+01 1.424239925858834788e+01 1.505355226620096509e+01 1.605003349101999177e+01 1.745606201829674831e+01 1.684965337465330748e+01 1.542179743311391782e+01 1.441286399373967875e+01 1.359048321202790710e+01 1.288024438197835941e+01 1.317465162497061471e+01
1.331744479128265723e+01 1.293762372540155958e+01 1.258418852558221701e+01 1.225221175310485933e+01 1.193674964834464447e+01 1.082173960255862966e+01 1.126163408512213238e+01 1.079078172343439235e+01 1.141453585126011028e+01 1.209697056448660035e+01 1.317999515048927428e+01 1.445208436722436218e+01 1.608118707098606848e+01 1.840848951543550527e+01 1.705873688551563916e+01 1.490054052987692756e+01 1.341324348481988693e+01 1.256125619104102853e+01 1.182385325461235581e+01 1.286777582635956740e+01 1.434826733547046906e+01 1.392597353889625289e+01 1.499252448807542137e+01 1.650453548753028699e+01 1.547108477962958517e+01 1.406317960816691937e+01 1.306697977720968140e+01 1.225338489277436338e+01 1.306697943077569768e+01 1.406317733361665923e+01 1.546942561467930943e+01 1.483452785281006214e+01 1.341025312170115846e+01 1.240383594346012153e+01 1.158299235488231993e+01 1.087272050756261699e+01 1.116861137090258538e+01
1.182401542244300607e+01 1.144053349996881686e+01 1.108351216234985870e+01 1.074814088458060901e+01 1.043029382479876510e+01 9.300061650946739533e+00 9.740884177671018662e+00 1.021254200022920600e+01 1.110004952100066866e+01 1.208976182589094606e+01 1.323049972255331852e+01 1.461069739359584752e+01 1.647099845268513008e+01 1.873588043197731778e+01 1.723292284009288622e+01 1.501636780899938017e+01 1.351497023087933513e+01 1.230835694802742708e+01 1.126672891422423639e+01 1.333514169322137199e+01 1.390106303345687166e+01 1.306078255573652847e+01 1.456218597057542929e+01 1.668911521392503872e+01 1.626343857886057265e+01 1.427703884083956787e+01 1.286994201371966717e+01 1.171982602421173780e+01 1.286928629866424423e+01 1.427573134088671125e+01 1.626091934023732577e+01 1.573005119120480089e+01 1.371805817560391816e+01 1.229684717454446741e+01 1.113623529950661961e+01 1.023740704537405755e+01 9.750101358466565671e+00
1.059325517179329168e+01 1.020619690424459591e+01 9.846121302845917356e+00 9.508462942268291584e+00 9.189836343533029250e+00 8.884798541145404016e+00 9.699569549856771999e+00 1.058191823402686538e+01 1.155535505219553372e+01 1.266127638742579187e+01 1.397680885726370370e+01 1.569722433167488340e+01 1.810884757309964144e+01 1.819617119953275264e+01 1.692174191790052618e+01 1.482890052853225349e+01 1.365640360364119488e+01 1.288167962957911428e+01 1.080147083900511262e+01 1.129199778688944633e+01 1.179851553223336147e+01 1.235866687568354827e+01 1.385627411512139950e+01 1.598190031884811901e+01 1.573798367403134790e+01 1.458596412549404775e+01 1.327162119457025646e+01 1.128412006269640599e+01 1.243434791052080612e+01 1.384187877849693749e+01 1.582884460191005260e+01 1.555919637040105030e+01 1.354526815972356957e+01 1.387360012707060619e+01 1.314099138698784586e+01 1.224210864744273231e+01 1.175370573143860042e+01
1.209864378796881113e+01 1.233136467760198407e+01 1.197481023074750439e+01 1.163908970607208460e+01 1.078654419771322281e+01 8.651894089866924986e+00 9.530093737865298564e+00 1.049145066237071333e+01 1.156396455160135872e+01 1.280836411646966511e+01 1.437054156096666624e+01 1.665616588537299592e+01 1.801295904131717762e+01 1.622056355827929863e+01 1.428604921625901447e+01 1.284865111959795847e+01 1.190475808685397396e+01 1.115894274367860817e+01 1.047233449994743637e+01 1.233896789906037128e+01 1.373477754922790872e+01 1.384530951628802953e+01 1.591232783681338248e+01 1.574032863857448206e+01 1.375178672649866130e+01 1.259985099052973823e+01 1.170698967632064758e+01 1.089197861639246057e+01 1.204353660195019238e+01 1.345268672264334775e+01 1.543752530938957968e+01 1.413410027631442212e+01 1.212303742558191466e+01 1.186787107701110244e+01 1.189621457000739824e+01 1.139317819794778686e+01 1.093147206429760487e+01
1.419945128299042025e+01 1.433779172434347871e+01 1.224419163141614852e+01 1.074255508798919045e+01 9.504429052151362356e+00 8.429478236993640294e+00 9.315660618400936954e+00 1.031181085425213517e+01 1.146076532401155568e+01 1.284241801054732868e+01 1.469076268346045389e+01 1.696265806957723044e+01 1.648303959124609008e+01 1.733496036059288414e+01 1.611293639192837190e+01 1.390837431303775240e+01 1.239802766479954244e+01 1.119981422604615773e+01 1.018212527656733180e+01 1.111079160158514867e+01 1.214825245987902846e+01 1.333941481985662492e+01 1.477710572157461755e+01 1.674412590066160789e+01 1.526952428726434974e+01 1.395345245581260940e+01 1.196787685313250726e+01 1.055892514811919369e+01 1.254878327408570549e+01 1.437457632933106844e+01 1.455691329300228709e+01 1.254190432729873983e+01 1.111789925244681143e+01 1.044777162918653168e+01 9.890286229854757138e+00 9.387730022154938681e+00 8.926673207987004588e+00
1.471528277421977826e+01 1.367413810888253067e+01 1.281702305995191971e+01 1.185750883786817234e+01 9.735006205220242848e+00 8.220032485638899544e+00 9.179765507790635937e+00 1.025348730538073916e+01 1.149264157203112013e+01 1.302905040996246377e+01 1.527220149306964636e+01 1.621155021639615157e+01 1.544883073397879159e+01 1.637167308001050614e+01 1.603911172033095056e+01 1.375141925748359384e+01 1.217768419305788896e+01 1.095734175268182575e+01 9.918313091327870978e+00 1.095406203402481538e+01 1.214981077586347524e+01 1.361171708214610732e+01 1.566642008895043858e+01 1.527414456510653373e+01 1.328455596554409368e+01 1.213298817104614535e+01 1.113518810688635874e+01 1.024238060841903319e+01 1.124073002036113422e+01 1.239298329013869981e+01 1.437836258387629051e+01 1.454953381934796930e+01 1.254000289095524678e+01 1.245397867685829141e+01 1.189583080489689060e+01 1.139335929048662521e+01 1.093167322846145950e+01
1.263569080636371034e+01 1.158334071954348055e+01 1.071837436737563998e+01 1.165368662196594407e+01 9.532056817842732954e+00 8.018829290841530621e+00 1.014864503190421807e+01 1.048373120421537763e+01 1.190034030709972335e+01 1.379002243291053276e+01 1.602285368256194786e+01 1.498699548276485416e+01 1.478589029254813880e+01 1.625232458153366366e+01 1.556144959042384812e+01 1.338950627291890427e+01 1.190418578605300759e+01 1.070669752264501362e+01 9.672233986835200525e+00 1.070645961793127299e+01 1.190076787120866619e+01 1.336149048442958431e+01 1.541648087526981570e+01 1.550275358001863779e+01 1.351581035160939770e+01 1.210822236546285779e+01 1.095744816003993094e+01 9.959514127002401906e+00 1.095762633893119187e+01 1.210890997372675848e+01 1.351841690747271407e+01 1.550166327658116749e+01 1.431953432015313155e+01 1.315752122675674585e+01 1.225856422345227159e+01 1.237829362116769616e+01 1.190478539067369823e+01
1.224481770789427060e+01 1.102677704689200766e+01 9.964097036276303498e+00 1.145383442865812995e+01 9.332981628431765486e+00 7.821447546861201694e+00 8.539510999815034253e+00 9.322151196155864739e+00 1.064215496967065100e+01 1.235532846534608709e+01 1.471705424219366520e+01 1.404890755391916990e+01 1.420346320418767583e+01 1.570691515917763148e+01 1.543589995956899052e+01 1.319244104373485804e+01 1.167700592397483028e+01 1.047459024962960861e+01 9.440750517268375219e+00 1.047365117656404365e+01 1.166653526904586258e+01 1.312571571133709547e+01 1.517866537764673929e+01 1.524630818809993293e+01 1.325839645941136524e+01 1.184989795204528562e+01 1.069761149918617527e+01 9.699042425170532056e+00 1.085152702242116085e+01 1.226095314610561893e+01 1.424784443337002671e+01 1.432227293600093532e+01 1.231155543952514719e+01 1.114937825500498469e+01 1.025012871730125674e+01 1.037250553182770929e+01 9.898905531206613873e+00
1.296815885445925609e+01 1.087436214356353581e+01 9.370408685385426040e+00 1.148246509448064501e+01 9.762710796247388245e+00 7.634404756096096811e+00 8.699744106284219569e+00 9.932977661249879020e+00 1.143514054391081913e+01 1.354224733019352378e+01 1.480198815379176303e+01 1.318993375407874424e+01 1.367705431401124194e+01 1.518510172846832340e+01 1.534963813262798915e+01 1.304874852826698373e+01 1.147451653873434019e+01 1.025683806773704809e+01 9.221531949905548586e+00 1.025332413157616607e+01 1.144492648600453855e+01 1.290262242087387889e+01 1.495376570326707544e+01 1.518753044601015745e+01 1.320180953117044531e+01 1.285458777586852896e+01 1.086661377156180208e+01 9.454569475883594976e+00 1.060731309983649773e+01 1.201713089281596680e+01 1.400364839536185890e+01 1.356496413396446954e+01 1.155271549327781955e+01 1.038991919530457508e+01 9.490348294591980149e+00 8.953221284128082047e+00 8.479575089967397616e+00
1.139058585895494602e+01 1.091193963741224238e+01 8.850551444220537078e+00 1.014069134830152130e+01 9.576327156167442567e+00 7.451923099842719722e+00 8.515783214273055179e+00 9.749063812174917132e+00 1.125240471189806613e+01 1.336795047488976174e+01 1.442269575142962346e+01 1.277990130456832141e+01 1.393266396410995966e+01 1.561873924424684823e+01 1.474934666966082730e+01 1.269110797348455755e+01 1.123414226570582919e+01 1.004366319246597605e+01 9.012808387236379559e+00 1.004376095743612929e+01 1.123445946905397541e+01 1.269155387680499203e+01 1.473851863189745437e+01 1.378298858716709674e+01 1.179384622688163020e+01 1.211868822333988405e+01 1.121154765624920024e+01 9.220274592635503197e+00 1.021916086096945264e+01 1.137177316574004493e+01 1.278265322918864655e+01 1.476574762953407571e+01 1.355994156385118821e+01 1.239720705872006690e+01 1.149771108712287315e+01 1.095625605913028799e+01 9.641890791164692942e+00
9.271809632302634441e+00 8.792581818000657634e+00 8.346288744506610513e+00 8.017853764579276898e+00 9.390097045860457570e+00 7.273892229488944317e+00 9.393111047883992981e+00 1.088326530019214289e+01 1.133080324842759978e+01 1.347048383226406898e+01 1.406971888352541455e+01 1.240869309719104585e+01 1.370124122364482133e+01 1.558790071592668802e+01 1.454161225792432788e+01 1.248820649436192554e+01 1.103271297122705796e+01 9.843269961537613355e+00 8.813213593820570679e+00 1.000241801931198538e+01 1.145795860891711726e+01 1.350673984954890017e+01 1.419626611642745218e+01 1.220823909222277059e+01 1.079523632194147531e+01 1.012852762483130320e+01 9.550277446402692050e+00 8.994870837598943680e+00 1.014812028165388469e+01 1.155845171984233843e+01 1.354033533085574170e+01 1.348427361156587523e+01 1.203877966225085672e+01 1.180605497247274016e+01 1.184271812722773909e+01 9.838850170607102541e+00 8.418914455118192919e+00
1.077695124980431807e+01 1.091452275173531206e+01 9.820401130919089283e+00 7.697812777511103377e+00 7.395810366306411865e+00 7.097768846992843272e+00 7.876129169186048884e+00 8.736305345831024027e+00 9.789150653102590027e+00 1.180437386606029548e+01 1.371622321299996905e+01 1.206797113160067703e+01 1.318295447313504276e+01 1.455192642986656537e+01 1.479789039040058185e+01 1.247348497614277996e+01 1.087809996055644923e+01 9.655267480660643997e+00 8.620778982348213049e+00 9.650251186529844816e+00 1.083899305271797431e+01 1.229364670629224499e+01 1.433841518089716871e+01 1.419037010212016625e+01 1.220474195939818429e+01 1.211586237712665515e+01 1.078266453481570153e+01 8.790709330717733749e+00 9.944327344977001104e+00 1.135608904158727483e+01 1.334212373578307975e+01 1.144169268575389786e+01 1.000677247959821869e+01 9.785778348720484132e+00 9.853920299450548370e+00 9.389394931233312036e+00 8.910753226492758472e+00
1.288176863412305551e+01 1.252601830910810321e+01 1.042990396449689783e+01 8.926710671782853268e+00 9.060627459949202489e+00 6.950502132216746176e+00 8.006645155915649070e+00 9.234815015338515565e+00 1.074593553289711245e+01 1.291765289968340547e+01 1.343286922958704999e+01 1.174548367841975605e+01 1.293536357244573232e+01 1.463106977068661863e+01 1.428812645610667431e+01 1.213047178003405158e+01 1.065499846701485964e+01 9.464552648989993600e+00 8.435598489993942906e+00 9.464335124110922592e+00 1.065185415580239514e+01 1.210437423912202171e+01 1.414834685736702546e+01 1.414301807463759530e+01 1.215454585025936574e+01 1.074472983464098519e+01 9.591138956853619391e+00 8.591350850669622119e+00 9.996761698949732988e+00 1.190157828128823247e+01 1.256919900293177683e+01 1.044414671190598654e+01 8.998695487521818137e+00 8.363061593646660796e+00 7.844563947759337630e+00 7.383785565219425528e+00 6.964993703925713042e+00
1.362163089220988432e+01 1.153171362649744935e+01 1.003623772849678275e+01 8.809238984545830320e+00 7.748110820811040966e+00 6.805322739920128150e+00 7.859750828134187017e+00 9.088832547845546728e+00 1.061351173384075430e+01 1.283166231762401743e+01 1.313420288579223438e+01 1.144089843578144183e+01 1.306036748460597252e+01 1.482277273967177500e+01 1.397600261431231239e+01 1.192481446611598273e+01 1.047216101943982380e+01 9.285144495031740774e+00 8.256892868929881502e+00 9.285081533624543582e+00 1.047181603058246857e+01 1.192324204731628257e+01 1.396568745626268004e+01 1.395048656428585510e+01 1.196131496448934328e+01 1.055086613228828973e+01 9.397889510606404428e+00 8.398676807075581507e+00 9.552492454500880470e+00 1.096448700149287880e+01 1.295166803438508651e+01 1.219323718638836418e+01 1.016384164636459708e+01 9.785368282649441696e+00 9.264837078713416219e+00 8.802806452812454552e+00 8.383847664509767483e+00
1.224812060013024073e+01 1.075675669604486551e+01 9.532005075858084098e+00 8.469087723283768909e+00 7.521687473879262953e+00 6.663977155190663915e+00 7.716758846322355758e+00 8.948301228266464236e+00 1.049358789434390715e+01 1.276289221972720966e+01 1.284116970660095269e+01 1.115111449988144976e+01 1.213594302085368959e+01 1.325371169592196630e+01 1.453824849270686670e+01 1.227486543128231489e+01 1.046895035014958708e+01 9.149687288779611904e+00 8.084029845877587661e+00 9.111732608082608209e+00 1.029778611791298992e+01 1.174825932288340269e+01 1.378935792176628183e+01 1.376572814137242062e+01 1.177608710414179249e+01 1.036526830873797778e+01 9.212090101986570190e+00 8.212799574956449078e+00 9.212196335359545074e+00 1.036568876894656377e+01 1.177741311259951651e+01 1.376267150370291503e+01 1.219345298718317139e+01 1.180381551740234869e+01 1.127754731991118931e+01 1.081149136416003920e+01 1.038984622684298209e+01
