outputs_txt/Data_file_0_ky_topographic__elevation.txt
ncols 100
nrows 50
xllcorner 0.0
yllcorner 0.0
cellsize 200.0
nodata_value -32768
[rows 17 to 33 of 50, columns 0 to 36 of 100]
9.966129662887682032e-04 3.111563311461034331e+01 2.117508667752530727e+01 2.222237539680966023e+01 2.725130566175301183e+01 3.305095904104653926e+01 4.014155531962531143e+01 5.005298715513698227e+01 5.133232045800983911e+01 4.732063775217247326e+01 3.738806026964552842e+01 3.574954692176837767e+01 3.617861809570165121e+01 3.387718935190633118e+01 3.046723666417811316e+01 2.058441380010951249e+01 2.408971478627104901e+01 2.985811779789666431e+01 3.693009021430689387e+01 4.684829408055136213e+01 4.641181662440543931e+01 3.647228095623328414e+01 2.938852290944794277e+01 2.361023613392262632e+01 1.860845887198555104e+01 2.568589003174703222e+01 3.561917957578067728e+01 3.907664621242204817e+01 2.914791044879132542e+01 2.205182140111803690e+01 2.705365131652871469e+01 3.283201201692785531e+01 3.991600557431905827e+01 4.988153570138386783e+01 5.439733975881741657e+01 4.445756950353141690e+01 3.995614396315192351e+01
3.793115900609799092e-04 3.025741409305793539e+01 2.032090370081836639e+01 2.478547094267733897e+01 2.978155704507041079e+01 3.555728646376883262e+01 4.265029550526007540e+01 5.254134322374252264e+01 4.871116787680985283e+01 3.870951120177429772e+01 3.156965819654804406e+01 2.865740571291047445e+01 2.621019624484104682e+01 2.394598777637944664e+01 2.183464588922837279e+01 1.981084895606228358e+01 1.909188145294104544e+01 2.488512686208680691e+01 3.198761246540378167e+01 4.197255318471803776e+01 4.552969609280177110e+01 3.561464136055010243e+01 2.853086825923667291e+01 2.275254661152088786e+01 1.775076369218635008e+01 2.483402602431256412e+01 3.479163952920845304e+01 3.807001731031535741e+01 2.815014409842462584e+01 2.105416264398851567e+01 2.605598109663327477e+01 3.183434567464986031e+01 3.891840223354639505e+01 4.888599646651874053e+01 5.372799422486217225e+01 4.383355043055649958e+01 3.676014477900768895e+01
9.043019954626162421e-04 2.942230611489388181e+01 1.948587075980170624e+01 2.448575852563514132e+01 3.025931381971039968e+01 3.733178742817838014e+01 4.726197666461623470e+01 5.154271258671775513e+01 5.267551598537024660e+01 4.277801188135173760e+01 3.567453546755109528e+01 3.574201199144947338e+01 3.618677908463364901e+01 3.389327286679927909e+01 3.174195725400575441e+01 2.825761055091997420e+01 1.838731592797174486e+01 2.416471256180956217e+01 3.124876697122257596e+01 4.120812354427351920e+01 4.469324049390534981e+01 3.477788892997315173e+01 2.769411983251120901e+01 2.191580311502907819e+01 1.691402471159535637e+01 2.399736983016750713e+01 3.395724584913511990e+01 3.762608244689039338e+01 3.005492519382352157e+01 2.008925281710376964e+01 2.509087236610503524e+01 3.086924126548405312e+01 3.795335245287147785e+01 4.791090384678768999e+01 5.108342188222283653e+01 4.115505423995433176e+01 3.405828900721984098e+01
5.277991431326342370e-04 2.860361296906726380e+01 1.866718246095672029e+01 2.367122979941066063e+01 2.945703734185740075e+01 3.656224069631434759e+01 4.646850053182564011e+01 4.162010201436331869e+01 5.150870207355787045e+01 5.140524805798179386e+01 4.151417661390221525e+01 4.567398136434734823e+01 4.539158572578004680e+01 3.554788877367486322e+01 2.848659293044103791e+01 2.270410262279091640e+01 1.768852951106153526e+01 2.346622200262128644e+01 3.055026100860184002e+01 4.050863321923148419e+01 4.387724044087234176e+01 3.396081581017163842e+01 2.687691040735916559e+01 2.109856253093738232e+01 1.609678129633817179e+01 2.319246474595469820e+01 3.308539402459406631e+01 2.775714418866120425e+01 2.906513916927490371e+01 1.914800681930610438e+01 2.415206276414447828e+01 2.993784585854677616e+01 3.704335626811231919e+01 4.702588876336155721e+01 5.025155766236842680e+01 4.161876561529194873e+01 3.167571230760546541e+01
6.384965705637604162e-04 2.780059523974892244e+01 1.786423536501186504e+01 2.363880562097830307e+01 3.071372700766819364e+01 4.065181160406448413e+01 4.565911682420845352e+01 3.577868321198908319e+01 4.287666396691774651e+01 5.274747548839414435e+01 5.146512698613945247e+01 4.930467283746158813e+01 3.938125576189555233e+01 3.227402616596509688e+01 2.648630463849396577e+01 2.147965893125946835e+01 1.700506557285888931e+01 2.278753490909809898e+01 2.988958215533425289e+01 3.983328567355638228e+01 4.313678032565984921e+01 3.319332346488591412e+01 2.608776944518859153e+01 2.030194644242234148e+01 1.529790234873696342e+01 2.524948938472191173e+01 3.053273318652151502e+01 2.064505932876409489e+01 2.632405104985149080e+01 1.823035631616783903e+01 2.399778107786318415e+01 3.105835406088556283e+01 4.098571965281303164e+01 5.020474049393455829e+01 4.038460771761975110e+01 3.454530886430595871e+01 2.952038956015147164e+01
8.046915176711351902e-04 2.700963500009529739e+01 1.707327777862659701e+01 2.286591963406247530e+01 2.997479609120140509e+01 3.987318139899226566e+01 4.098774411374130011e+01 3.195394649544683574e+01 3.773897709372214138e+01 4.484386338250700987e+01 5.470344904225470373e+01 4.864893440606674346e+01 3.867372201832317558e+01 3.158947694430699471e+01 2.581112886260492090e+01 2.080864296618642584e+01 1.633568521693192821e+01 2.340728295622989208e+01 3.333316345181673057e+01 3.695049436786897701e+01 4.676200377920932283e+01 3.732718168009579784e+01 2.736154290848571335e+01 2.028667889127984836e+01 1.451216652592895073e+01 2.445521740077590778e+01 2.553472934553756701e+01 1.558980642061697708e+01 1.645714675161706353e+01 1.732816092342303094e+01 2.113281182595082797e+01 2.695145371961778125e+01 3.410924061230173976e+01 4.411508046424092555e+01 4.458922744891856382e+01 3.471761698999703327e+01 2.764917098161692977e+01
5.287202536521702243e-04 2.623048380715559702e+01 1.629443006666817695e+01 2.625836734774197012e+01 3.495422343496939277e+01 3.186825727832049182e+01 3.108493594588408016e+01 2.890898302843379852e+01 3.468847656223189091e+01 4.177444851255209102e+01 5.169167530293055535e+01 4.801527710172007346e+01 3.803394019331915388e+01 3.093271257469689317e+01 2.515065565556415450e+01 2.014916747828814181e+01 1.567716163680970176e+01 2.145216656556465651e+01 3.134884488935211166e+01 2.987130052500585364e+01 3.979945492986239231e+01 3.655654523536070144e+01 2.659898936850419204e+01 1.951502115712374419e+01 1.373765956356509932e+01 2.366002835675008242e+01 2.298529904032016091e+01 1.474293967107435499e+01 2.460536292220643872e+01 2.722227679273197154e+01 2.691968497591484066e+01 3.398187818946463068e+01 4.390182153119653918e+01 4.867207261429339127e+01 3.880351569892427932e+01 3.170151594152088492e+01 2.591878265669810943e+01
1.622220121615580626e-05 2.545626355318244549e+01 1.552019089683363973e+01 2.540326021029932235e+01 2.512212402812277645e+01 2.186714508908742616e+01 2.400787148942669091e+01 2.631339760859639654e+01 3.210742836345931295e+01 3.922348830835833411e+01 4.919575338534959741e+01 5.079557692781103384e+01 4.127412912753507612e+01 3.129561261025098062e+01 2.418089623373786168e+01 1.914041937567490592e+01 1.502768140133977148e+01 1.438660023527077847e+01 2.436509640309588320e+01 2.482908838363451309e+01 3.476032171508730784e+01 3.580567955734951369e+01 2.585899232191443531e+01 1.875652452649856627e+01 1.297420839589399222e+01 2.132052565735253680e+01 1.308066338972811060e+01 1.389940924001793654e+01 1.839115166748273111e+01 2.340226144956757537e+01 2.916397841852962003e+01 3.622839585645967020e+01 4.614487136459131733e+01 4.711807317672023032e+01 3.718694891357613130e+01 3.010267791942940718e+01 2.432479120463381150e+01
6.474218421546828804e-06 2.468921422250708275e+01 1.475218625291345553e+01 1.639152323792172794e+01 1.805306292508915789e+01 1.980892776700887126e+01 2.361442557953484567e+01 2.811295396471698993e+01 3.393119901393394144e+01 4.393255625389340224e+01 5.077653462741069745e+01 4.094645349332002837e+01 4.166578193291099552e+01 3.871093804274502759e+01 3.406545673560862753e+01 2.908057632258737968e+01 2.364337219252035993e+01 1.374885231099922400e+01 2.365873683578137943e+01 2.072008755490413634e+01 2.781884434954954699e+01 3.767096447011633842e+01 2.931555453568928726e+01 1.932067273548328146e+01 1.222000742904086223e+01 1.147334605483501946e+01 1.225994980666291845e+01 1.529158236621992728e+01 1.864610079133897358e+01 2.245314444717128310e+01 2.695860092913745021e+01 3.409528072934121212e+01 4.408604709521427623e+01 4.558647690363456206e+01 3.568829431600628510e+01 2.861338661958659912e+01 2.283841792978424934e+01
2.485355740639651786e-04 2.400017053393532862e+01 1.406413017317846581e+01 2.393734862709646904e+01 2.793797811149979182e+01 2.974053471262655890e+01 3.355042109266165085e+01 3.806898161880950227e+01 4.391924188101179283e+01 5.213463830786478326e+01 4.226629820037628349e+01 3.512039340323693892e+01 3.175529787914417312e+01 2.883172993703093567e+01 2.613433251888939068e+01 3.011052611030806148e+01 2.020874055073699438e+01 1.311337123579389008e+01 2.172526876758060155e+01 1.736433895248163140e+01 2.444960200681193996e+01 3.438494851316294643e+01 3.366647173950963889e+01 2.375489652601011059e+01 1.669293016459774037e+01 1.093395880731959124e+01 2.084055554477183492e+01 2.521820620620638920e+01 2.857771416833299938e+01 3.236413904191834234e+01 3.403377125524355051e+01 4.390910526143222370e+01 4.919940129845241472e+01 3.933633245236010367e+01 3.223097460603516851e+01 2.644485584396806743e+01 2.144039684987268046e+01
9.295795956977429084e-04 2.331299935579379223e+01 1.337651866571297887e+01 1.747424854375132242e+01 2.196257052889946237e+01 2.697126206940120596e+01 3.274975240034119395e+01 3.982282728312288356e+01 4.976918412457602159e+01 5.773500633621382150e+01 4.793905724161661652e+01 4.090370433359375113e+01 4.161384301156363108e+01 3.345857060346026657e+01 2.353322148815783166e+01 2.951911399480140830e+01 1.960728646012380949e+01 1.248328883124295352e+01 1.185806515591238863e+01 1.445600421171547012e+01 2.156358123396242021e+01 3.154385187337936003e+01 3.318393695884347494e+01 2.325733782418017626e+01 1.617376274212802301e+01 1.039650132762899126e+01 2.031253163226475777e+01 2.462790014863005439e+01 2.735038238484429129e+01 3.040966241303607731e+01 3.398252681995791846e+01 3.857413233080787052e+01 4.785309312297069795e+01 3.802394881021892559e+01 3.091902580733188088e+01 2.513300431998185047e+01 2.012860003856969371e+01
4.266617656791241620e-04 2.264045947954158322e+01 1.270399639540094761e+01 1.678770674472741931e+01 2.126402258284997160e+01 2.627188508986489879e+01 3.206103909090016657e+01 3.917037548562588256e+01 4.910574503136678004e+01 4.869914627594263834e+01 4.292464769205119524e+01 4.187291575612623973e+01 3.813496955778675357e+01 2.819267863911337102e+01 2.108358494150954598e+01 3.097944872047896325e+01 2.820455732842230390e+01 1.830689968939099543e+01 1.125255551681100563e+01 1.701847267095058669e+01 2.408849673403153346e+01 3.399855200999540727e+01 3.266948961215364733e+01 2.272407104744148398e+01 1.564017861443981339e+01 9.862328666484581063e+00 1.224209687208145247e+01 1.469817650053365732e+01 1.740456489631344184e+01 2.045818567904939655e+01 2.403985953371824635e+01 2.857538523556188892e+01 3.863027510638234929e+01 4.158472287521397703e+01 3.172585882305414273e+01 2.466037283855495232e+01 1.888837655296093487e+01
3.385316822018920248e-04 2.197957826176740070e+01 1.204315243425012483e+01 1.651482525645545252e+01 2.151446131863598410e+01 2.728680723271899211e+01 3.435790996544413645e+01 4.428719224987016645e+01 4.863201381084362396e+01 3.873953635411439933e+01 3.292693225997323481e+01 3.195882134533497521e+01 3.180496176856160773e+01 2.881544575833428823e+01 1.887804835330528874e+01 2.878690803080181126e+01 2.767978045498556838e+01 1.773639389624182883e+01 1.065335358608468752e+01 1.643082529668095759e+01 2.351448435402921788e+01 3.344325324947011069e+01 3.215351173503614746e+01 2.220832563181802399e+01 1.512450622784204235e+01 9.347186607897578270e+00 1.923597927689779041e+01 2.457871683822821751e+01 2.732256988572645895e+01 3.040236786202244801e+01 3.400804665686518291e+01 3.569355087182366759e+01 4.542183830436538017e+01 3.559527652149282062e+01 2.849057537608776514e+01 2.270465200625844204e+01 1.770030907535262799e+01
9.466757784096109778e-04 2.132826164904228960e+01 1.139183791747534791e+01 1.586832033314115264e+01 2.088138845269865485e+01 2.668673723693191135e+01 3.380011807540518731e+01 4.378786164851934615e+01 4.547257440363492265e+01 3.552462612558638710e+01 2.842575958953321091e+01 2.487177784487412069e+01 2.184671343186795056e+01 2.666919021932213951e+01 1.681108764045010417e+01 2.337296295096268040e+01 2.705048887252657508e+01 1.715593932910832109e+01 1.006038813535972665e+01 1.583790005649852084e+01 2.292167104892388707e+01 3.285118656089694156e+01 3.163848063803835231e+01 2.169373720768398428e+01 1.460989163244714462e+01 8.832210755828796778e+00 1.331952855796537527e+01 1.833689359550664122e+01 2.411835639715804191e+01 3.118273016759674121e+01 4.106482821452237175e+01 4.558870647966637790e+01 4.437562001580033666e+01 3.443115846550134052e+01 2.734700686504179501e+01 2.156855414115586811e+01 1.656668165581979579e+01
1.473993631691957688e-04 2.068621949978683006e+01 1.074989764796835701e+01 1.652245397093673063e+01 2.359143863883946679e+01 3.352220340661456532e+01 3.992818315618587377e+01 4.974263519552383883e+01 4.576366119521483711e+01 3.577829094122303388e+01 2.865227329317443861e+01 2.284964016326305369e+01 1.904715189880590742e+01 1.689634913253397386e+01 1.482926913586702966e+01 1.342107460027344601e+01 2.334688436226447550e+01 1.941678245059096142e+01 9.473656531895819910e+00 1.525098279365434628e+01 2.233474721394509643e+01 3.226474725857891457e+01 3.113094028926547452e+01 2.118669840707247687e+01 1.410285990272218193e+01 8.325157956674674509e+00 1.240911591710661632e+01 1.688542680414020225e+01 2.189329269943997858e+01 2.768242519231610643e+01 3.479155269625845648e+01 4.472130380381597092e+01 4.329075607924708891e+01 3.334442497799120275e+01 2.626042131792329570e+01 2.048202392129877580e+01 1.548017610403411481e+01
4.750717830362406443e-04 2.005009245753813119e+01 1.011376904669212351e+01 1.589110430199741586e+01 2.297492524471702424e+01 3.291192599680334041e+01 3.290140567235773261e+01 4.000759781948461580e+01 4.986361585210371317e+01 4.554246046776094659e+01 3.565695218937508315e+01 2.861756583574571522e+01 2.895314471732803341e+01 2.679750089769411048e+01 2.195654173496208017e+01 1.204330756661492785e+01 2.194501399208867554e+01 1.883892943402378961e+01 8.890631729275780160e+00 1.466796112530385798e+01 2.175173262940202079e+01 3.168225210040506568e+01 3.062983488956057343e+01 2.068610580615873573e+01 1.360227115979674295e+01 7.824570455318710316e+00 1.190747506128689182e+01 1.638112515412121795e+01 2.138361236602844428e+01 2.716195243896445888e+01 3.424590272607165531e+01 4.417125346596930058e+01 4.224895645505816333e+01 3.229957571547685546e+01 2.521557899751379850e+01 1.943719781758962029e+01 1.443536396596675253e+01
5.713559294863377854e-04 1.942017883708131620e+01 9.483856873772522178e+00 1.526597795017221237e+01 2.236813780311171485e+01 3.229935212143468704e+01 2.840244799930145092e+01 3.548974259286257649e+01 4.541481060759926436e+01 4.266634790892926077e+01 3.272897987707045786e+01 2.565789813725996638e+01 2.660313503235151700e+01 2.392337061035335566e+01 2.061098130667745210e+01 1.070218516168673162e+01 1.817920913915050107e+01 1.706908874150678912e+01 8.312328551140048205e+00 1.408978874858711805e+01 2.117371571607007041e+01 3.110511995737079260e+01 3.013481332467867446e+01 2.019159749438922091e+01 1.310776606206898798e+01 7.330066150245931667e+00 1.141296751061064896e+01 1.588660664155155544e+01 2.088906488869165656e+01 2.666733274037254375e+01 3.375107132781471364e+01 4.367296611799676498e+01 4.124450234366331358e+01 3.129197077752661116e+01 2.420797650094269216e+01 1.842960869601347795e+01 1.342778646538158149e+01
