outputs_txt/Data_file_200k_ky_topographic__elevation.txt
ncols 100
nrows 50
xllcorner 0.0
yllcorner 0.0
cellsize 200.0
nodata_value -32768
[rows 17 to 33 of 50, columns 0 to 36 of 100]
9.966129662887682032e-04 1.008049261468081603e+01 8.072928671367090914e+00 8.282788442918340266e+00 9.285098345206964865e+00 1.044536479687610253e+01 1.187579452659807266e+01 1.394973194810856576e+01 1.418468389670178276e+01 1.272161402982483480e+01 1.069027499364632305e+01 1.037002035502245434e+01 1.047357872630989384e+01 1.002126045093402062e+01 9.350805906872047046e+00 7.350874033523632889e+00 8.054821575200323380e+00 9.210562283046453302e+00 1.062998334060739403e+01 1.266881483338912240e+01 1.244452742159175607e+01 1.038865677123716225e+01 8.948747599827989063e+00 7.771463638763911774e+00 6.750063347587071050e+00 8.193799785918795209e+00 1.023245017186088823e+01 1.086577221053829234e+01 8.808614276969940704e+00 7.353802054605313998e+00 8.194917321804171095e+00 9.122558872569358712e+00 1.018026196739646139e+01 1.145838504156502502e+01 1.322040277543830555e+01 1.578276586102525769e+01 1.534181315396703837e+01
3.793115900609799092e-04 9.908957434683751231e+00 7.902414752225378258e+00 8.796952391376423819e+00 9.798963556999497726e+00 1.096059107230750129e+01 1.239616758335032110e+01 1.448890276338349992e+01 1.299574413460623035e+01 1.095260472313854017e+01 9.530293561062793017e+00 8.951169258037904086e+00 8.464945399082441924e+00 8.016516065503797250e+00 7.598539435165108991e+00 7.197782205468640448e+00 7.055251055296213991e+00 8.210640158544375566e+00 9.628784273737117871e+00 1.165309505532825618e+01 1.226787443396133526e+01 1.021511840080647815e+01 8.774934055764060048e+00 7.597298928875289903e+00 6.575619492550805134e+00 8.020001869352556767e+00 1.005975422846828593e+01 1.066502097214131162e+01 8.609427554171810826e+00 7.154443477775235927e+00 7.996966511358722940e+00 8.930424345112323081e+00 1.000135903062652787e+01 1.130143595421303715e+01 1.310696157842125587e+01 1.563766135731315821e+01 1.523759370581893791e+01
9.043019954626162421e-04 9.741784467465061326e+00 7.735974551562170731e+00 8.736553865158366960e+00 9.894364161573067307e+00 1.132043042261344468e+01 1.338042972138712194e+01 1.416593552224705910e+01 1.383167769693717375e+01 1.177293590384987176e+01 1.034956298776698169e+01 1.036969749708933541e+01 1.047397823212972234e+01 1.002195936857071956e+01 9.600497558650454621e+00 8.913522801626390546e+00 6.915594531682659252e+00 8.070098819122639711e+00 9.487211636185666208e+00 1.150876662074261425e+01 1.209687134209637271e+01 1.004578743705939914e+01 8.605316840512804433e+00 7.427343648245559926e+00 6.405416416124415591e+00 7.850160940904609141e+00 9.890100054349160175e+00 1.061482291589368110e+01 9.018157989794598706e+00 6.963008708657024037e+00 7.808094740593121585e+00 8.750954790233798519e+00 9.840727696596490048e+00 1.117317413786160607e+01 1.304427196525292665e+01 1.546865116730397638e+01 1.509595385281669166e+01
5.277991431326342370e-04 9.578015900667450566e+00 7.572846790935997774e+00 8.573549980970549100e+00 9.731559468844714900e+00 1.115817051395329962e+01 1.321326115097738629e+01 1.209460193686432561e+01 1.416313566091434062e+01 1.355808866239279631e+01 1.151223855931383966e+01 1.239798420609093910e+01 1.238253199396719317e+01 1.035176724509416069e+01 8.933489963491535235e+00 7.777533304185063834e+00 6.777404261355432169e+00 7.931838102824230852e+00 9.348696241060018508e+00 1.136880475542600522e+01 1.193000039002393464e+01 9.880370011199845592e+00 8.439604102932630525e+00 7.261307732987466679e+00 6.239160039881373798e+00 7.684794923223207341e+00 9.721753346773700954e+00 8.569563140819786540e+00 8.830260390944259186e+00 6.777793606062811449e+00 7.626758359678615484e+00 8.580845444123525567e+00 9.687621359482289307e+00 1.103861796441779752e+01 1.293924586334658322e+01 1.523985571363466107e+01 1.494767895986828776e+01
6.384965705637604162e-04 9.417457880702084339e+00 7.412862308728985106e+00 8.568432070786093036e+00 9.987938092711340587e+00 1.202012056604069556e+01 1.296354978979288930e+01 1.092447925342992754e+01 1.235804388849705759e+01 1.443906702548811793e+01 1.356114830403930682e+01 1.316963376217461779e+01 1.111645303476550062e+01 9.693647609555153366e+00 8.536344661611954265e+00 7.535759991001667046e+00 6.641911690689008552e+00 7.796442083010441948e+00 9.213855661208972592e+00 1.123222961450808377e+01 1.176953513970321552e+01 9.719578761545990986e+00 8.277776338564027725e+00 7.098972232884877442e+00 6.076625753181548184e+00 8.117343587331573573e+00 9.163647547329832221e+00 7.119601370044099653e+00 8.303199228541663146e+00 6.598356889802452052e+00 7.466580214537045457e+00 8.458585897255577635e+00 9.620754196095685273e+00 1.108912140731441909e+01 1.326087238656431566e+01 1.516668967584739214e+01 1.443277815411901344e+01
8.046915176711351902e-04 9.259426923515137631e+00 7.255324931683445833e+00 8.411643185793721500e+00 9.832204926652085675e+00 1.186078272164018976e+01 1.218923315376672534e+01 1.016310477028388704e+01 1.132599603632373331e+01 1.276468038993092158e+01 1.486590197716972561e+01 1.303444128098083432e+01 1.098116743433351772e+01 9.559864936342011177e+00 8.403148408986741202e+00 7.402865388030177130e+00 6.509159605954208061e+00 7.923057113070181678e+00 9.929618082087376507e+00 1.110182845417745590e+01 1.235674269490782251e+01 9.940063157867554011e+00 8.224959154520558258e+00 6.958870431480463026e+00 5.916968547570609083e+00 7.957643876638488933e+00 8.139325081524040328e+00 6.091040341297444094e+00 6.256866740316596953e+00 6.423695541091137606e+00 7.051146605280823820e+00 8.023298386935554305e+00 9.165713884391486488e+00 1.057401507410569685e+01 1.259160380905313126e+01 1.460385523965543264e+01 1.378834107488742688e+01
5.287202536521702243e-04 9.103816717544615855e+00 7.100198049632499675e+00 9.105053419025214367e+00 1.087697504914467039e+01 1.021892642857382327e+01 1.064351117908165634e+01 9.583123272894640721e+00 1.074320788747513511e+01 1.217546074534030254e+01 1.425715872805010953e+01 1.290130573646509227e+01 1.085072013372453803e+01 9.429060397979114327e+00 8.272375034290490703e+00 7.272257163572589000e+00 6.378626726868171559e+00 7.536053249720993996e+00 9.539397864581413700e+00 9.410737863618233945e+00 1.130952939297839777e+01 1.042584526000594103e+01 8.384039305877530879e+00 6.940657518052640640e+00 5.760135248027956401e+00 7.800085540519535066e+00 7.651442467607893150e+00 5.928620026177368274e+00 7.971481602698489155e+00 8.472452450599250895e+00 7.998243465571667876e+00 9.084439826582940469e+00 1.040091451812746648e+01 1.221826269368929019e+01 1.463470274781787239e+01 1.427576924050186591e+01 1.318965968381994003e+01
1.622220121615580626e-05 8.949537329645076866e+00 6.946291918058703274e+00 8.947199154638735052e+00 8.864826049437782629e+00 8.206728325914875555e+00 8.633793162783158337e+00 9.081737375739679763e+00 1.024083754844685501e+01 1.167052260630388183e+01 1.373809039777610685e+01 1.342226932636084591e+01 1.150952136662710856e+01 9.486707956369365036e+00 8.068339822006478812e+00 7.066800217082335855e+00 6.249788417380006678e+00 6.122752200959205027e+00 8.123488411749841376e+00 8.323721861702964020e+00 1.026358975583649702e+01 1.027228142210176109e+01 8.230907698911495984e+00 6.786429256505114083e+00 5.605503574070263895e+00 7.338088626426734429e+00 5.609431565060383207e+00 5.767017968256044291e+00 6.604810122437860365e+00 7.521542083751375785e+00 8.545818556297946955e+00 9.736084067192759761e+00 1.123401189898468822e+01 1.352053282615860930e+01 1.498028173870782531e+01 1.356293126754148481e+01 1.266956093839211128e+01
6.474218421546828804e-06 8.796648821874413215e+00 6.793602105112335643e+00 7.119062946219487209e+00 7.448769182204485695e+00 7.797651973758262578e+00 8.555009360356294223e+00 9.451849413786749921e+00 1.061385669084305938e+01 1.265446030019515256e+01 1.342199313499973101e+01 1.137997753271193702e+01 1.156296380466538309e+01 1.097767975671492380e+01 1.007246944470387007e+01 9.068708100699373276e+00 7.993417302596923513e+00 5.996632664068572538e+00 7.994143030698213970e+00 7.455649197497693947e+00 8.842179120630902389e+00 1.082471717300089864e+01 8.941305227344345852e+00 6.899422472934623407e+00 5.452616321353699114e+00 5.301073881279522837e+00 5.452301113483863482e+00 6.060459704766092415e+00 6.737827840656882117e+00 7.503138496339653685e+00 8.395541567435811814e+00 9.515789272652492414e+00 1.088230401871557973e+01 1.292738122888903263e+01 1.461813347709163757e+01 1.322754002663225847e+01 1.224366319725663566e+01
2.485355740639651786e-04 8.658992482120684286e+00 6.656315471783328164e+00 8.656253285008792986e+00 9.451403536323793375e+00 9.803771426307134718e+00 1.056628162407993621e+01 1.147306435180482431e+01 1.265491270773263643e+01 1.369980935287896351e+01 1.164299660177561613e+01 1.021860303826026950e+01 9.549346148642802845e+00 8.969624519202588075e+00 8.433566300469468757e+00 9.287960856878532567e+00 7.285621274030388506e+00 5.871110693873383468e+00 7.617692441063356412e+00 6.757529174313424924e+00 8.156965046887123094e+00 1.014947659041266981e+01 9.855549243760671985e+00 7.817093479572497117e+00 6.374207073645535182e+00 5.194451546870673120e+00 7.233550409122795344e+00 8.102694550003704421e+00 8.770624858088245546e+00 9.516861229950380974e+00 1.027119895123773574e+01 9.897987479947978784e+00 1.181410290726259404e+01 1.441253309470600641e+01 1.405283144547301255e+01 1.277642497701275381e+01 1.185514876910962379e+01
9.295795956977429084e-04 8.522190593903774314e+00 6.519651374784634079e+00 7.337365239076263812e+00 8.233159372301896539e+00 9.235257414131979203e+00 1.039554296008953571e+01 1.182654373077752652e+01 1.390742185352238991e+01 1.491293890872598205e+01 1.280455939413557331e+01 1.137803989800497639e+01 1.156066190369277358e+01 9.920609510330823611e+00 7.916119538760127305e+00 9.164419488515608947e+00 7.162143662650108489e+00 5.746387387992987428e+00 5.622445641998321086e+00 6.156782150856721536e+00 7.566244677574468724e+00 9.566143575572823465e+00 9.750886397939554584e+00 7.712292540720570244e+00 6.268722231865372585e+00 5.088452768711737129e+00 7.127240363454721006e+00 7.818417991477168094e+00 8.252332258287990996e+00 8.722838228720311449e+00 9.239169891515427224e+00 8.536360290548428154e+00 1.017979321960724270e+01 1.265723520842631977e+01 1.397450933283369245e+01 1.248915687247503747e+01 1.150234974829917078e+01
4.266617656791241620e-04 8.387965778147071561e+00 6.385606144794381045e+00 7.202755206308767200e+00 8.098060385517877435e+00 9.100010977865956363e+00 1.026034431471467556e+01 1.169197393537318064e+01 1.376716531040627522e+01 1.299295991825727015e+01 1.181283316633568070e+01 1.162247210326810176e+01 1.086045129221446714e+01 8.847163962688068040e+00 7.429957577115174239e+00 9.431526256615436310e+00 8.915943919864121270e+00 6.914942571450413134e+00 5.502130916594266452e+00 6.655733045999741471e+00 8.070317500264840405e+00 1.007834419694285444e+01 9.645442561923658786e+00 7.606526683388394439e+00 6.163170337373390595e+00 4.983070858922516777e+00 5.357034871662452957e+00 5.741132497229918918e+00 6.151181060931348199e+00 6.593118651596058477e+00 7.074725323235487195e+00 7.622433908113539047e+00 8.955710685447089148e+00 1.079785460979494083e+01 1.318956745149844068e+01 1.246230534253413147e+01 1.118166533915877814e+01
3.385316822018920248e-04 8.256087198099342217e+00 6.253883578702748913e+00 7.148902947514194750e+00 8.149534496196135791e+00 9.306191236969587166e+00 1.072885381207719924e+01 1.277659629214897841e+01 1.299060305291157391e+01 1.095183832102829768e+01 9.791669620726167977e+00 9.603395497504619627e+00 9.587182660060065587e+00 8.994459365173517185e+00 6.992642519582171090e+00 8.993324495717885725e+00 8.799880889361960001e+00 6.797179805874717040e+00 5.383078825981078452e+00 6.537244681013729242e+00 7.952362465688827875e+00 9.960626083731686009e+00 9.543177724014229923e+00 7.504998768867567449e+00 6.062065713107755549e+00 4.882535109708920906e+00 6.918996698789491084e+00 7.816389843609748311e+00 8.251282637972238376e+00 8.722608897450770726e+00 8.851738318859398547e+00 8.550606052302788029e+00 9.756482812076411548e+00 1.179204370518136535e+01 1.343679615664138538e+01 1.192390511840408607e+01 1.087845751109716197e+01
9.466757784096109778e-04 8.126159213526323200e+00 6.124068473965546211e+00 6.832277425644420532e+00 7.590041426973613170e+00 8.408882723599383269e+00 9.413404024423144278e+00 1.144849580469167272e+01 1.234335893771814696e+01 1.031357841100405004e+01 8.894526772842660023e+00 8.186021056205964541e+00 7.582458707937593800e+00 8.580778720162285822e+00 6.583447012254749708e+00 7.910346999029563619e+00 8.680258085004577850e+00 6.679983684296406210e+00 5.265253468768825940e+00 6.419500621236180926e+00 7.834598164513143281e+00 9.842299172041913735e+00 9.441488658273456736e+00 7.404027613327127888e+00 5.961514538976001809e+00 4.782379737868368785e+00 5.775841850784359188e+00 6.865548586115232332e+00 8.116826027051011749e+00 9.694599433080227868e+00 1.121805602055903250e+01 1.082203459862741113e+01 1.216407260703656590e+01 1.397876622924058942e+01 1.270782267497548901e+01 1.152283589593902668e+01 1.059411855493767085e+01
1.473993631691957688e-04 7.998885769134042256e+00 5.996943399360919358e+00 7.412007384671066568e+00 9.412464554114686521e+00 1.041933166808888167e+01 1.083712239123711107e+01 1.290540790498255674e+01 1.239844143674659094e+01 1.036146240534547935e+01 8.940618981837246793e+00 7.783586325675174500e+00 7.026679154363133506e+00 6.599700645588446157e+00 6.190492494880024843e+00 5.910363902994676621e+00 7.909302330185335350e+00 7.147046263831901669e+00 5.148653088066123651e+00 6.302950705328564496e+00 7.718035594780195296e+00 9.725208368730488218e+00 9.341008017604236713e+00 7.304208904293646221e+00 5.862061996030289102e+00 4.683329448957691987e+00 5.455358320104877201e+00 6.290270041023468650e+00 7.209030603465780729e+00 8.248571140570749805e+00 9.477506416699874592e+00 1.105881923335317829e+01 1.344057348043419609e+01 1.377392950686601658e+01 1.225469893210623695e+01 1.117576605291018765e+01 1.032580745472413675e+01
4.750717830362406443e-04 7.872577394238487791e+00 5.870675490043485212e+00 6.688412919749590735e+00 7.584737568000186947e+00 8.587223076520169585e+00 9.746915938551021341e+00 1.118093273117776754e+01 1.330417117093993973e+01 1.238764143003557550e+01 1.035559077212486834e+01 8.938830645774421768e+00 9.026978222139939945e+00 8.598778560032826590e+00 7.635509165777967233e+00 5.637635973455365601e+00 7.635089430301032820e+00 7.031617891855074021e+00 5.032933849645575108e+00 6.187324866873791684e+00 7.602405764165800939e+00 9.609083622225579546e+00 9.241828790400564486e+00 7.205695636266657544e+00 5.763921378918198890e+00 4.585605089031505877e+00 5.357370355375140392e+00 6.192755928424065637e+00 7.114133387325415114e+00 8.160198999511665718e+00 9.401414330882113646e+00 1.100896448949090711e+01 1.340631835311471676e+01 1.350995701642487035e+01 1.201143353456434859e+01 1.093274690817406025e+01 1.007450541489786744e+01
5.713559294863377854e-04 7.748268772784988379e+00 5.746422425337579298e+00 6.563943636390961345e+00 7.459399556117450203e+00 8.460992035149596191e+00 9.620317997993259596e+00 1.105388277439478273e+01 1.316884020596943117e+01 1.138067427782944208e+01 9.359847128337456468e+00 7.944781161253345658e+00 8.302715495970351967e+00 7.876026219101611936e+00 7.369224621472958425e+00 5.372110225233118541e+00 6.896993188353123472e+00 6.687608743062482652e+00 4.918135735350430693e+00 6.072641259322626439e+00 7.487727889206581722e+00 9.493947431735184850e+00 9.143889110676621357e+00 7.108427121015033379e+00 5.667033031226442752e+00 4.489131595663176988e+00 5.260855832788406516e+00 6.097512357539713435e+00 7.023248766052214265e+00 8.078492168843883547e+00 9.335258477771439800e+00 1.097177228081190847e+01 1.337712623792055844e+01 1.324992565016584045e+01 1.177648279337767079e+01 1.070143384104674134e+01 9.837201417553348648e+00
