outputs_txt/Data_file_100k_ky_topographic__elevation.txt
ncols 100
nrows 50
xllcorner 0.0
yllcorner 0.0
cellsize 200.0
nodata_value -32768
[rows 17 to 33 of 50, columns 0 to 36 of 100]
9.966129662887682032e-04 1.064420687035365454e+01 8.277666056276554940e+00 8.497120975651295538e+00 9.542613804869517935e+00 1.083702713781046079e+01 1.287943846389820379e+01 1.745346261953758571e+01 1.755754087097595217e+01 1.516180399926340172e+01 1.104355743273994683e+01 1.073571180175973616e+01 1.117917536553890301e+01 1.058253710053469199e+01 9.753566356932623194e+00 7.410826854289394028e+00 8.131393157298075991e+00 9.377767009025214762e+00 1.127483694544701542e+01 1.548380375190453151e+01 1.518605315672006562e+01 1.102004421175028526e+01 9.142394314021405677e+00 7.906973635839552372e+00 6.895374531628849724e+00 8.370515804899557821e+00 1.112765625005625836e+01 1.213722452047043632e+01 9.094316472353757064e+00 7.578251962379865425e+00 8.599707014030448349e+00 9.894225086124178503e+00 1.199542433705646793e+01 1.674756593098420510e+01 1.998210122885561901e+01 1.503410622868987367e+01 1.376189858053803228e+01
3.793115900609799092e-04 1.044205097382839043e+01 8.098789463619171514e+00 9.031061759802314626e+00 1.009621609331851566e+01 1.148673518243569447e+01 1.378917008787318643e+01 1.885906155603583656e+01 1.590399090738767107e+01 1.150190418838121076e+01 9.634787467912696357e+00 9.037733237368556161e+00 8.542994204661296109e+00 8.087293547648354064e+00 7.662562172330505739e+00 7.255269056212990009e+00 7.110449174745749445e+00 8.299692002334719376e+00 9.938336067515427530e+00 1.339124950260859315e+01 1.482649082216500602e+01 1.079373988151289154e+01 8.959975388934280360e+00 7.734465443694445774e+00 6.723961433703455448e+00 8.193083320892942112e+00 1.089546600381033947e+01 1.183351481537754246e+01 8.881922912794404823e+00 7.378624224867718517e+00 8.397176690297211366e+00 9.671889949674410403e+00 1.170085878397430790e+01 1.627603013025083811e+01 1.990988928007989855e+01 1.507109241115245446e+01 1.304540381994976705e+01
9.043019954626162421e-04 1.024694349109962133e+01 7.923852942671175015e+00 8.970020004937151015e+00 1.022802377883682112e+01 1.210736154430484923e+01 1.623485321276869797e+01 1.776898843966091590e+01 1.802525015557748844e+01 1.279663823480458618e+01 1.054716587395895111e+01 1.073501268751598126e+01 1.118048702480714240e+01 1.058413685743881416e+01 1.005716703509143528e+01 9.244905844779193416e+00 6.968617525054366268e+00 8.154816622969182305e+00 9.773606082714996646e+00 1.314071185182001855e+01 1.448996247371998436e+01 1.057812361339425600e+01 8.783442308395445153e+00 7.566356250322360921e+00 6.556733536138370511e+00 8.020368910376163285e+00 1.067077443017466720e+01 1.182577043046817522e+01 9.516338766335394439e+00 7.185616272284153894e+00 8.201811007928741404e+00 9.460103349421768115e+00 1.142569980312022260e+01 1.583478813859489698e+01 1.861771224404706615e+01 1.430457289060091775e+01 1.249162611317731297e+01
5.277991431326342370e-04 1.005737095325464914e+01 7.752150574921039095e+00 8.799646243101681975e+00 1.005162932894909922e+01 1.189611113465198855e+01 1.590162931572649363e+01 1.295217257577790804e+01 1.776201744244611547e+01 1.718789655630296664e+01 1.223824637153068906e+01 1.461140176908803134e+01 1.489598722602733893e+01 1.090684960923411317e+01 9.080379962119982551e+00 7.848446919821371104e+00 6.828247462810249857e+00 8.012649359099647484e+00 9.615107964478713853e+00 1.290665508602521427e+01 1.417117161509792744e+01 1.037202376394341385e+01 8.612209282015134804e+00 7.402308195146986236e+00 6.393399347865821092e+00 7.853197993646079844e+00 1.044976895022798757e+01 8.832666167455938577e+00 9.293671302605936546e+00 6.997608282704499416e+00 8.011977086089251188e+00 9.256894953507639912e+00 1.116878068120637657e+01 1.543121723297200454e+01 1.844576560485585404e+01 1.483330758590409459e+01 1.202134935019346962e+01
6.384965705637604162e-04 9.872876474091768273e+00 7.583595561033166454e+00 8.798977100401161877e+00 1.040731247651784308e+01 1.362777631072908591e+01 1.496804959896710585e+01 1.129399433454935675e+01 1.349323693001172941e+01 1.857244500720063485e+01 1.719840281321483744e+01 1.672711561790859491e+01 1.206753267048412148e+01 9.956172200939869654e+00 8.636839983414157373e+00 7.599763232497515730e+00 6.690686264503534098e+00 7.873733027103703819e+00 9.463315024627172889e+00 1.268342578880668370e+01 1.387693377343680901e+01 1.017751684005568080e+01 8.446386502576102018e+00 7.242144511955336483e+00 6.233745188949855631e+00 8.434052384746415498e+00 9.699695320243865382e+00 7.301883026069111438e+00 8.682457107781083039e+00 6.814343269211525111e+00 7.851851238046651638e+00 9.240347394449161200e+00 1.186903388214008359e+01 1.725304910745454023e+01 1.445986250519361604e+01 1.276521172227800882e+01 1.159219621823292812e+01
8.046915176711351902e-04 9.692476936379490482e+00 7.417536918413612845e+00 8.634412432335054177e+00 1.023281383520537346e+01 1.337764352466834517e+01 1.352451550828065763e+01 1.044955195818210569e+01 1.186049212836189248e+01 1.432854711720730734e+01 1.982674741433569565e+01 1.641774100482663812e+01 1.186422552504953742e+01 9.802963015038454131e+00 8.498590470290199761e+00 7.464560157292386755e+00 6.555945159572831749e+00 8.026323069210787864e+00 1.063816716907184023e+01 1.126908611512100400e+01 1.549094665797195525e+01 1.178175085261162103e+01 8.781341613840792704e+00 7.245259159120007730e+00 6.076908130833511557e+00 8.261561535169558823e+00 8.497235869380231676e+00 6.289254456669105764e+00 6.461530180961597480e+00 6.634863434270795501e+00 7.397287240105899997e+00 8.598540282511649480e+00 1.033971376089710503e+01 1.413088993438572594e+01 1.607028644442813814e+01 1.274695757131867424e+01 1.120971560094671382e+01
5.287202536521702243e-04 9.515904115962262821e+00 7.254019213400291655e+00 9.518381226525153949e+00 1.181513735145576582e+01 1.082761149106189258e+01 1.111565510752384256e+01 9.843779222079080071e+00 1.115053136269182055e+01 1.330189690770362887e+01 1.818672819107617755e+01 1.612220633037145490e+01 1.167566615691782950e+01 9.655282414609487773e+00 8.363262222209849384e+00 7.331729821487404486e+00 6.423491336931252071e+00 7.624559091033667357e+00 1.013459655107613600e+01 9.360208265119641879e+00 1.250309940451744062e+01 1.155040253053286925e+01 8.615165687079539225e+00 7.089834773058816708e+00 5.922366840602222737e+00 8.092006670474278351e+00 7.948030765230573280e+00 6.120827111954360689e+00 8.305453927335799236e+00 8.878323595002839852e+00 8.596902634097387974e+00 1.032859174382984868e+01 1.409912124702146130e+01 1.781085465087547703e+01 1.381627919718270547e+01 1.203182394735312499e+01 1.085444390165158346e+01
1.622220121615580626e-05 9.341741211461515704e+00 7.091814917888002334e+00 9.337761549735990485e+00 9.134601813601411990e+00 8.416122916296963297e+00 8.860947125001141345e+00 9.325220966567538738e+00 1.058364477189030239e+01 1.253733995509123744e+01 1.694731383888542098e+01 1.699824635717621391e+01 1.317912195050514157e+01 9.781997374900784692e+00 8.151627110031494539e+00 7.122724633577162123e+00 6.292807488707425456e+00 6.163977436187999537e+00 8.360615056825956515e+00 8.280922852165639725e+00 1.092418034256361814e+01 1.132916632993737061e+01 8.453578548376244228e+00 6.936887872655518095e+00 5.770021681698426441e+00 7.600715487966764883e+00 5.789716499131316141e+00 5.953268233264871867e+00 6.854810864086185340e+00 7.874542540488417508e+00 9.132500632499846560e+00 1.105045272953248592e+01 1.523715875763924821e+01 1.717879524153538995e+01 1.340768909066902559e+01 1.169403747792375547e+01 1.052560684755987985e+01
6.474218421546828804e-06 9.170037754125493379e+00 6.930992082954849920e+00 7.273873929822579854e+00 7.621106475037405126e+00 7.987818148123250417e+00 8.778558600073790075e+00 9.720368817448379772e+00 1.105552389222919629e+01 1.459775051303206617e+01 1.699444618704575660e+01 1.212438953700729805e+01 1.291881961184324190e+01 1.197433781467789693e+01 1.076175998422237612e+01 9.454628273357995383e+00 8.215885180936691512e+00 6.036120621457099489e+00 8.216607635341466320e+00 7.444182963738535719e+00 8.972407786989005984e+00 1.195316203388938625e+01 9.486398912462020050e+00 7.063219449958613616e+00 5.619380065279534264e+00 5.470033428247474738e+00 5.626718019166444762e+00 6.233919460915598343e+00 6.905474714066683894e+00 7.669838135739617258e+00 8.595349100471223025e+00 1.033607509320132323e+01 1.414229451889303135e+01 1.661172617989736722e+01 1.304345944426336068e+01 1.138331552475155739e+01 1.022110589280462456e+01
2.485355740639651786e-04 9.016196859636535166e+00 6.786555864562775930e+00 9.011829257586319031e+00 9.914837949332936162e+00 1.032704639018649218e+01 1.127445787444598579e+01 1.254277498325441975e+01 1.459772767731378096e+01 1.783312356329219028e+01 1.268249389610453370e+01 1.043069107879932567e+01 9.676728623951898811e+00 9.064730117228867456e+00 8.513082946127113360e+00 9.821404132814281596e+00 7.366149543972672298e+00 5.908884309492694165e+00 7.806068263785244987e+00 6.766790405875461545e+00 8.250584026779772984e+00 1.095952587690762847e+01 1.074438977756210178e+01 8.017617494482410123e+00 6.526375624135503983e+00 5.362308775509651682e+00 7.489866467646456805e+00 8.441963463618266772e+00 9.214852398943421008e+00 1.015725596384234208e+01 1.033017586493281925e+01 1.411442590746532666e+01 1.819368482200052739e+01 1.404931245611833468e+01 1.215973172835583505e+01 1.092634258184254392e+01 9.933008820628012714e+00
9.295795956977429084e-04 8.863867725824908561e+00 6.642900067045279577e+00 7.502480654674083205e+00 8.442619262707973249e+00 9.510910351296919529e+00 1.086359411870063951e+01 1.299388439684538810e+01 1.761596611081431618e+01 2.148269003264720567e+01 1.514074572974086585e+01 1.211898744501111302e+01 1.291332751187941419e+01 1.049986778947269350e+01 7.985313892517996059e+00 9.671353545155435327e+00 7.239396530576406086e+00 5.782513958824583078e+00 5.656993054547391431e+00 6.180646740431306796e+00 7.645326920490781220e+00 1.018044328252893571e+01 1.060378971375574153e+01 7.907270984777081679e+00 6.419718978253542652e+00 5.255222510283058313e+00 7.376638448474592380e+00 8.256510536533196998e+00 8.832095582757641949e+00 9.504568893622696635e+00 1.033418002244743938e+01 1.037086419591949493e+01 1.482559634132386428e+01 1.511357185254293078e+01 1.234086086820773609e+01 1.081464750049582513e+01 9.664475224019501098e+00
4.266617656791241620e-04 8.715029972334873420e+00 6.502187153718532286e+00 7.360889845913920482e+00 8.300541162922240090e+00 9.366067972687469378e+00 1.070496029858257891e+01 1.279339924314120758e+01 1.730252234116730747e+01 1.607453507533982417e+01 1.347180705194252859e+01 1.329610181960840620e+01 1.201647134983632270e+01 9.017577020988998271e+00 7.490790222507998308e+00 9.885232276179680255e+00 9.367513009382546940e+00 6.984467444293578353e+00 5.535383283710262781e+00 6.708662052973878964e+00 8.212185541786205079e+00 1.095882487361725310e+01 1.046238962264319028e+01 7.795971495628137404e+00 6.313032018014139268e+00 5.148779415245005708e+00 5.589608262313645604e+00 6.043702872178999819e+00 6.539623317242965861e+00 7.090690117897271882e+00 7.720089618036257484e+00 8.480930910644634224e+00 1.096563906196974258e+01 1.491580684001856127e+01 1.246442360730621779e+01 1.070896849420701358e+01 9.409701565068308682e+00
3.385316822018920248e-04 8.569312815885874457e+00 6.364096795967692621e+00 7.304234283416250584e+00 8.356890234566865416e+00 9.612605898115999636e+00 1.141172385611784712e+01 1.518912485566526627e+01 1.606482208331895123e+01 1.157459372658160213e+01 9.986145034049025426e+00 9.873244808661308269e+00 1.008370602814666483e+01 9.361909092976247848e+00 7.046371146382697681e+00 9.360625727987384792e+00 9.230993598214345397e+00 6.863916602298239411e+00 5.415088819355865724e+00 6.588318335296804662e+00 8.087083552432121181e+00 1.079923774673303072e+01 1.032538554026055522e+01 7.688694618322517549e+00 6.209967936866235938e+00 5.046165280604465231e+00 7.153791159646181619e+00 8.253075056868008019e+00 8.829793623419904591e+00 9.503848431941449348e+00 1.033843704906640681e+01 9.884339201442909228e+00 1.375695454729111411e+01 1.461995689204814930e+01 1.183297151961087224e+01 1.031484787429520722e+01 9.164853244220950046e+00
9.466757784096109778e-04 8.426230387092154217e+00 6.228200326122363961e+00 6.972403654375818327e+00 7.772742085311476146e+00 8.654745785525051360e+00 9.830204862958018097e+00 1.349222618953418618e+01 1.470222209489540610e+01 1.075492501740738405e+01 8.992938998484442337e+00 8.260740306316638026e+00 7.645909412067412703e+00 8.880954090927588140e+00 6.630505936157051750e+00 8.133018927843586710e+00 9.088834106151468362e+00 6.744162491770875789e+00 5.296059512086759291e+00 6.468760314288777735e+00 7.962351587470817726e+00 1.063903169192911413e+01 1.019050908397866451e+01 7.582275092845447872e+00 6.107487605738540104e+00 4.943924919328831713e+00 5.844045404197528271e+00 6.854843042353488514e+00 8.060257615644117024e+00 9.760360819315870629e+00 1.327178611977772604e+01 1.376470306231938423e+01 1.629724932784415969e+01 1.279719033624762936e+01 1.111257806034620721e+01 9.921435417500170217e+00 8.930687450421308071e+00
1.473993631691957688e-04 8.286399722025205250e+00 6.095318192641208555e+00 7.555474877142016155e+00 9.535809748920266671e+00 1.138873211260237461e+01 1.202408894893756397e+01 1.690571308545021623e+01 1.497602753181925728e+01 1.092429685975897158e+01 9.082584021085052584e+00 7.851209055924631031e+00 7.080876754356214775e+00 6.647049782047771416e+00 6.231254645425852168e+00 5.946836154219181658e+00 8.131475792514597956e+00 7.302933775988581289e+00 5.178298787503814005e+00 6.350473884069509189e+00 7.839315284328328026e+00 1.048251682614786340e+01 1.005882461541704309e+01 7.477459686466134237e+00 6.006285466231142678e+00 4.842989986851501172e+00 5.663879404225055758e+00 6.564549993444172671e+00 7.585259816453658210e+00 8.842442553046131692e+00 1.072759078146916600e+01 1.474840465091023844e+01 1.591799659006201750e+01 1.253389436995125727e+01 1.088276054446137131e+01 9.697646357436486397e+00 8.707546237152188340e+00
4.750717830362406443e-04 8.148128501299261472e+00 5.963540160489547048e+00 6.822456490495949488e+00 7.782326775204412073e+00 8.968965817075938318e+00 1.072291258304325012e+01 1.365344508523925171e+01 1.906429460304093837e+01 1.494443732344251252e+01 1.091303910435355284e+01 9.080369747010166748e+00 9.399911384428431660e+00 8.903373979382363856e+00 7.831304641088947527e+00 5.670077333891510918e+00 7.830751672545466668e+00 7.180435267900097784e+00 5.061443014112145811e+00 6.233167258789669596e+00 7.717620737509165885e+00 1.032911675244254290e+01 9.930126863389542535e+00 7.374201141422102701e+00 5.906361110923711522e+00 4.743307929912293552e+00 5.564131804710802598e+00 6.464464519927664021e+00 7.483453860257971435e+00 8.732936216465784440e+00 1.059030638797331214e+01 1.454097787559765820e+01 1.556360186247432509e+01 1.228781771232495501e+01 1.066378884324965703e+01 9.483417942386051180e+00 8.494120378487265199e+00
5.713559294863377854e-04 8.012331140472674917e+00 5.834066104235582806e+00 6.692754125768611395e+00 7.657611886300847104e+00 8.870569503986581950e+00 1.065471658106584307e+01 1.342758303756466631e+01 1.807723660295236101e+01 1.350985828127746302e+01 9.787515705766130836e+00 8.022816700992212446e+00 8.613940292915138741e+00 8.113940347155352839e+00 7.542974527465566403e+00 5.400892975661146345e+00 7.037568901235173868e+00 6.815922836072260793e+00 4.945547247145672287e+00 6.116869576385082219e+00 7.597285945473496227e+00 1.017883291986921535e+01 9.804240238896525739e+00 7.272420625437472808e+00 5.807661193534279676e+00 4.644826200326004795e+00 5.465632809450759133e+00 6.365772594683756225e+00 7.383471261950217190e+00 8.626674111053821647e+00 1.046120220823187985e+01 1.434561633690385207e+01 1.523288179797359732e+01 1.205460862889155571e+01 1.045385929581585138e+01 9.277605062580484230e+00 8.289362004998929834e+00
