outputs_txt/Data_file_200k_ky_topographic__elevation.txt
ncols 100
nrows 50
xllcorner 0.0
yllcorner 0.0
cellsize 200.0
nodata_value -32768
[rows 0 to 16 of 50, columns 37 to 73 of 100]
6.947976736072460817e-04 6.386602907874911871e-04 1.810812704536676092e-04 8.098349891882554484e-04 6.746447888343604224e-04 1.384939423039011173e-04 8.765660047547614271e-04 7.823681927607051582e-05 4.557793758318652100e-04 8.973866288408838959e-04 9.416114913450181331e-04 1.027713555442471020e-04 7.578026571359140632e-04 3.873577730922315196e-04 7.580131564379465623e-04 8.025249264743811433e-04 6.373552330328000190e-04 4.484515580836175605e-04 8.808812493152050078e-04 5.503775342879505851e-04 7.621130708039890005e-04 9.412128562948549829e-04 2.473391358999958039e-04 3.155297017653323623e-04 9.260077148839073737e-05 5.991370364065260346e-04 1.445992429256416276e-04 8.506696321823598158e-04 7.907730606909621702e-04 6.763054386588956491e-04 4.148064561724596009e-05 4.254548389511150362e-04 2.468426429805756759e-04 3.235993605498266377e-04 6.527743775483008451e-04 5.508121973309252793e-04 2.621210211913616129e-05
1.580869065651645755e+01 1.542785969032989790e+01 1.507634721952974388e+01 1.474839782935073984e+01 1.443746099641688829e+01 1.338235483598197995e+01 1.384846824881571870e+01 1.349539137517376908e+01 1.416690275662014287e+01 1.385363711647736729e+01 1.506836233199911490e+01 1.659326848126106668e+01 1.911524296733915662e+01 1.895677061089120130e+01 2.090283045735117540e+01 1.793183453492315138e+01 1.579638176592903243e+01 1.564076932032644685e+01 1.481860393022780542e+01 1.576152157057143199e+01 1.730644730714935875e+01 1.649461951294012962e+01 1.758382559761385977e+01 1.929732860789382443e+01 1.776459130386291108e+01 1.615451117082349342e+01 1.509162637677979291e+01 1.424596170695254749e+01 1.509162596143560897e+01 1.615450225575263232e+01 1.776019003855482481e+01 1.737545883508688149e+01 1.568096050280641762e+01 1.459064937914783400e+01 1.372979634557691497e+01 1.299691710295176605e+01 1.331288165415986846e+01
1.368531766617055112e+01 1.331811815358452478e+01 1.297684191497932993e+01 1.265668126204845123e+01 1.235282650420237083e+01 1.131066667295914030e+01 1.177138394115542752e+01 1.141242140196973054e+01 1.206803033146743509e+01 1.280500459032198535e+01 1.404172389964705481e+01 1.574143724595185923e+01 1.849539819232025906e+01 1.750997113089503543e+01 1.880552136785760808e+01 1.613314796725926925e+01 1.438014789539808369e+01 1.345830590091548018e+01 1.268744470991859430e+01 1.368202549861237571e+01 1.512062781660480937e+01 1.439425204826340732e+01 1.540704708111769783e+01 1.687376185823198327e+01 1.549423145878966501e+01 1.403604065248029542e+01 1.302049491249852586e+01 1.219660982948795080e+01 1.302049453507382992e+01 1.403603807680601001e+01 1.549242932606203027e+01 1.498367609157026692e+01 1.350822405661347680e+01 1.248812577672566526e+01 1.165821809087227834e+01 1.094074748872653657e+01 1.124098100890859264e+01
1.224003777898700562e+01 1.187132983522107743e+01 1.152853097041385944e+01 1.120684839803000443e+01 1.090209872725094087e+01 9.850972892973276274e+00 1.031396139976304660e+01 1.081527303276079266e+01 1.184814995340456178e+01 1.303926283858755752e+01 1.450183434622787182e+01 1.671092578297280795e+01 1.833016866584870996e+01 1.638949665944922884e+01 1.833048560322171383e+01 1.686028215178443190e+01 1.468641657459723504e+01 1.322129159201507775e+01 1.201267913349218475e+01 1.266580427358290351e+01 1.434489794203215851e+01 1.356660472277354756e+01 1.500195248221303856e+01 1.716067037794533334e+01 1.641979025117618463e+01 1.426230638500715742e+01 1.282236519957859322e+01 1.165954217993063935e+01 1.282167010368067572e+01 1.426082957688102937e+01 1.641705342980630178e+01 1.607808654045131291e+01 1.383439242991619444e+01 1.238107287982208149e+01 1.120699247662570031e+01 1.029943493430645596e+01 9.807830943927307032e+00
1.105656873427441056e+01 1.068608110195094163e+01 1.034157290748826163e+01 1.001809683046096922e+01 9.711860944676672602e+00 9.417315073823624871e+00 1.030727461171637138e+01 1.131654707510983826e+01 1.248001793345823351e+01 1.389706628050923953e+01 1.596847008046779948e+01 1.836406433629674240e+01 1.754592717786599820e+01 1.560890748084565338e+01 1.754315846231185105e+01 1.646186467142302945e+01 1.432468730275276414e+01 1.352396523945068552e+01 1.145192730038520779e+01 1.175297257469192580e+01 1.229995931600126191e+01 1.288895940060870871e+01 1.432708272050519227e+01 1.644322951820902645e+01 1.583363275662385838e+01 1.460767112173989268e+01 1.324826829007171014e+01 1.122269699062339576e+01 1.238194025072475313e+01 1.381694615493094780e+01 1.594857863060478209e+01 1.599046434917693738e+01 1.373045310707817102e+01 1.410474643726351474e+01 1.326694337664574697e+01 1.234318770622513384e+01 1.184518856802144526e+01
1.250589467135656108e+01 1.274302639816944804e+01 1.239792506862695909e+01 1.207372721629903722e+01 1.124432548428809930e+01 9.184350059556695811e+00 1.011032249146841089e+01 1.114016550500829084e+01 1.232425191853450031e+01 1.377605492308712876e+01 1.593372594309986034e+01 1.638278678517373876e+01 1.689731177160009779e+01 1.497827746758569667e+01 1.689567214187988498e+01 1.491324006751334430e+01 1.287023259947022780e+01 1.184638231936982145e+01 1.093147000288640491e+01 1.129472617366548981e+01 1.247308460343334957e+01 1.391082588732854042e+01 1.601614341249750240e+01 1.583602110872416269e+01 1.372119078155629346e+01 1.254888671486452800e+01 1.164786161658480168e+01 1.083068241673001886e+01 1.198807635120763848e+01 1.341980982309414649e+01 1.552902999649512950e+01 1.439150407205209703e+01 1.224549839266543039e+01 1.197970255702732345e+01 1.201743491990358770e+01 1.149634998463046465e+01 1.102121904067501390e+01
1.458134541125763484e+01 1.473505602361764311e+01 1.263791239941767763e+01 1.118695183738217303e+01 9.996876923252175473e+00 8.960601684028819847e+00 9.928802107509362429e+00 1.106584452271968289e+01 1.245413557144063610e+01 1.440052389160054247e+01 1.676030706520149138e+01 1.499738365096506421e+01 1.534420872137557623e+01 1.442975782175024513e+01 1.634407737498428403e+01 1.520221667162996226e+01 1.311844599504561337e+01 1.167650678994170299e+01 1.049410123806218031e+01 1.087580426653448384e+01 1.189979274226692318e+01 1.307707933432679681e+01 1.452119831652251314e+01 1.667184008865375944e+01 1.533924108172821654e+01 1.396057807986908195e+01 1.191425338133307221e+01 1.049854407034659332e+01 1.251205131732785780e+01 1.412956747893509579e+01 1.515669712629664190e+01 1.276008895865113324e+01 1.120694834117047911e+01 1.052066624357495606e+01 9.953361082731909448e+00 9.444152622195410629e+00 8.978415370378312943e+00
1.504142381024204767e+01 1.399580466221628328e+01 1.315137469350007393e+01 1.227131027969772070e+01 1.021038594231854368e+01 8.749018128992322119e+00 9.784862424609519493e+00 1.097402733150611098e+01 1.242540234938129373e+01 1.452304442235527659e+01 1.585645388885784968e+01 1.396391763567290312e+01 1.344435506429828209e+01 1.392118506415722123e+01 1.583330894395529320e+01 1.491720899061454375e+01 1.284065556287811560e+01 1.139899023390059796e+01 1.021794125550061416e+01 1.124074378292612586e+01 1.241749974748677587e+01 1.385661425765293941e+01 1.597108342953593763e+01 1.534500212796505814e+01 1.324689314251403260e+01 1.207892292421663782e+01 1.107535889450432620e+01 1.018340064477446383e+01 1.117687062983901214e+01 1.231012100973898882e+01 1.427332369214941110e+01 1.485680556906872773e+01 1.268092389296070266e+01 1.260056332707467064e+01 1.201707890041051385e+01 1.149660579143402117e+01 1.102148479121076896e+01
1.295280909871590680e+01 1.193642777530262400e+01 1.110617997284646563e+01 1.206605082430229103e+01 1.000648013311736229e+01 8.544801230323184171e+00 1.060522434434844463e+01 1.115839097058852758e+01 1.260715269842367547e+01 1.470638821198342328e+01 1.504104168029344990e+01 1.315199702532653347e+01 1.299386116010390779e+01 1.432400558357570830e+01 1.630809469253800970e+01 1.465244057547264234e+01 1.258098569137482414e+01 1.113997884872628497e+01 9.960180234246209352e+00 1.098224228807589675e+01 1.215905403050051703e+01 1.359846993267392889e+01 1.570505411680255392e+01 1.561179855685273310e+01 1.348896758325002665e+01 1.205615689098787158e+01 1.089841097104974033e+01 9.902163283846965314e+00 1.089857854270564275e+01 1.205676737263449105e+01 1.349149532186532596e+01 1.561156639729544260e+01 1.451414522776968141e+01 1.328991413401803179e+01 1.236530939012224906e+01 1.249661297040004726e+01 1.201181411783813147e+01
1.257608480875679824e+01 1.140240306966954797e+01 1.038311871806144282e+01 1.186506100586627888e+01 9.806494480347058840e+00 8.344295192052733512e+00 9.128115484247295797e+00 9.972144370079188747e+00 1.142730376227149947e+01 1.350176443091340417e+01 1.434398129291561830e+01 1.245553711710456035e+01 1.257796371153311732e+01 1.412552236529857197e+01 1.628833802127783770e+01 1.440343753932990722e+01 1.233676806840705531e+01 1.089635596282603736e+01 9.717671108108122624e+00 1.073868763911384150e+01 1.191499469623343721e+01 1.335389317070334414e+01 1.545093259056033119e+01 1.534020235831061818e+01 1.322815199135565933e+01 1.179677191642866241e+01 1.063911345523630558e+01 9.643415517157388095e+00 1.079374076637465762e+01 1.221449058389033127e+01 1.427924883068730821e+01 1.451695435432500147e+01 1.239867406147641660e+01 1.122452924924981765e+01 1.031852997059284505e+01 1.044278562361734153e+01 9.965544240334134329e+00
1.302825209939181583e+01 1.122372263988681773e+01 9.812957347631790839e+00 1.185345269884775909e+01 1.021454957696013111e+01 8.152916365716029290e+00 9.193480968537830478e+00 1.042258984292909574e+01 1.204106674338304828e+01 1.445882201245029286e+01 1.361064564275849875e+01 1.182626008131139272e+01 1.219046202441976767e+01 1.342200776663352180e+01 1.490315762558008750e+01 1.416481874542678554e+01 1.210520108482995028e+01 1.066558859703760831e+01 9.487998383880382747e+00 1.050809085929969910e+01 1.168390333050269270e+01 1.312238316349934131e+01 1.521178115003477416e+01 1.528959661437419371e+01 1.317247768318833678e+01 1.283633900759280699e+01 1.081116266964733263e+01 9.400703389652116826e+00 1.055010295211505778e+01 1.196924185188712109e+01 1.402660127927417655e+01 1.371917845165213734e+01 1.163206854244255872e+01 1.045937039214681796e+01 9.553527247534235656e+00 9.012579688128983690e+00 8.535339090884066948e+00
1.180082097659476759e+01 1.132253551830847194e+01 9.312329293212982861e+00 1.056363151404479161e+01 1.002869250760421060e+01 7.966248399603188979e+00 9.024644063416223716e+00 1.031466596016598025e+01 1.207287703587597072e+01 1.448830182069771944e+01 1.319921620495143877e+01 1.151647026217934133e+01 1.285125014770876817e+01 1.480431856134484647e+01 1.551232542059693742e+01 1.308787987332088854e+01 1.150109500960728148e+01 1.029331276227328118e+01 9.269306271944026676e+00 1.028870642476706543e+01 1.146435528378292545e+01 1.290346697719607150e+01 1.498367220781557485e+01 1.379232354451215947e+01 1.174041047471959942e+01 1.208349259555129152e+01 1.116608631329991397e+01 9.168190296330621436e+00 1.016237484759187382e+01 1.131717187909958433e+01 1.274581700360618264e+01 1.483381960450611103e+01 1.371409937777458232e+01 1.250794277861398207e+01 1.158987873410651481e+01 1.104040071937470202e+01 9.710965215983366150e+00
9.719274215712042420e+00 9.256594692358071086e+00 8.824959883118074444e+00 8.505898680488380492e+00 9.840946241094837177e+00 7.784170351042910774e+00 9.844291830313414593e+00 1.142638529359881439e+01 1.262275012638590788e+01 1.450989911856041736e+01 1.256172950906453423e+01 1.122059726645273159e+01 1.313072888366449753e+01 1.490403536871514589e+01 1.510857455030711982e+01 1.277249391141072898e+01 1.126639808984202951e+01 1.008096853941735738e+01 9.061279065893204532e+00 1.023704792065357161e+01 1.167488823317760982e+01 1.372552402339012545e+01 1.423354380890730297e+01 1.216206450040582254e+01 1.073653026881518713e+01 1.007110441471336237e+01 9.495968098607997732e+00 8.944559855251847935e+00 1.007127780783020476e+01 1.138634644463750689e+01 1.306874210717575835e+01 1.427340992436761802e+01 1.236200129522253555e+01 1.198688648148516478e+01 1.195365580144770412e+01 9.905487468867688605e+00 8.474077003202934222e+00
1.128730383086410605e+01 1.132566434496214391e+01 1.025170932786671685e+01 8.193575796388634203e+00 7.897456812618069755e+00 7.603969994890189987e+00 8.448818672412464537e+00 9.372899313538272992e+00 1.056296061623829630e+01 1.262635857852785115e+01 1.284976832553086723e+01 1.093686081305179769e+01 1.188380565217323515e+01 1.298523851249160899e+01 1.484677757948186105e+01 1.352432932602562765e+01 1.147426970256278977e+01 1.003667938360920076e+01 8.861479577284830711e+00 9.879527507754028548e+00 1.105398224248721384e+01 1.249181103800872528e+01 1.456156045874254978e+01 1.422499133044555286e+01 1.215828052468560116e+01 1.207406854221734882e+01 1.073155501578460935e+01 8.742054074398224017e+00 9.889742105402033800e+00 1.130526531513610422e+01 1.334613987807145463e+01 1.185075086522671306e+01 1.020680467081396259e+01 9.919705217591022972e+00 9.967535115350989017e+00 9.479480107572676673e+00 8.972762916232346342e+00
1.363032194765141014e+01 1.246841943712836098e+01 1.073355206037789067e+01 9.367502131730429227e+00 9.509382985680478129e+00 7.453880027839545619e+00 8.645747319709217393e+00 1.010046431761366215e+01 1.216131484230465176e+01 1.396756611176406437e+01 1.201932251838427845e+01 1.066958818209710635e+01 1.176880071347212819e+01 1.313311432655910593e+01 1.511995210890844810e+01 1.332910413631492830e+01 1.128064783615640110e+01 9.843633969845283715e+00 8.669022366922570555e+00 9.686436449865684750e+00 1.086004419239447216e+01 1.229628574216379810e+01 1.436196356096042948e+01 1.418476041365192764e+01 1.211424315266713947e+01 1.069112883413416348e+01 9.538037980347958467e+00 8.544310623898709878e+00 9.691793588505994705e+00 1.110677042143332294e+01 1.314414996845594175e+01 1.123374139819836337e+01 9.155605754981220201e+00 8.471169223227049017e+00 7.926959721762259825e+00 7.448926018980436936e+00 7.017664794148340768e+00
1.398597999811724435e+01 1.189640177210784167e+01 1.044633003593357223e+01 9.260044109036906335e+00 8.229731665590307443e+00 7.305430054709876053e+00 8.497303859426034833e+00 9.952791362474195935e+00 1.201494753381204816e+01 1.371922039836039353e+01 1.176873541817365343e+01 1.041632628263398352e+01 1.233807023825337446e+01 1.411473773289732137e+01 1.463050185172905771e+01 1.225702956116619369e+01 1.070137415521046620e+01 9.503476685702137772e+00 8.483148834904053359e+00 9.500116296406361016e+00 1.067325294087351750e+01 1.210896645785026848e+01 1.417036556818037063e+01 1.398634297563563855e+01 1.192094161984774559e+01 1.049868652793047907e+01 9.346983721882978102e+00 8.354149269007164591e+00 9.501234486141513003e+00 1.091505610255561187e+01 1.294946568209714854e+01 1.243592369730522229e+01 1.035106208064289568e+01 9.919215640624342356e+00 9.367187357959215532e+00 8.883488698133177763e+00 8.448703196632905588e+00
1.288460459928000645e+01 1.122225978589010253e+01 9.977757391772948736e+00 8.930690106385986482e+00 8.004120342063195892e+00 7.160537822565906652e+00 8.352069561384235286e+00 9.807507875136447950e+00 1.186872306478077732e+01 1.347705550311712663e+01 1.152614031506758607e+01 1.017070582775545162e+01 1.112445209895338216e+01 1.222358049425602111e+01 1.402807213731460223e+01 1.295554711100536771e+01 1.091342163576121571e+01 9.477583971803525742e+00 8.303978793034969996e+00 9.320515087353973271e+00 1.049316240465963368e+01 1.192824449807536880e+01 1.398564725494135708e+01 1.379625198394571051e+01 1.173572488258681545e+01 1.031449279004093178e+01 9.163269370516600176e+00 8.170597120878388964e+00 9.163376046301936029e+00 1.031492002318740475e+01 1.173713946382897433e+01 1.379367655736558085e+01 1.243568381443464865e+01 1.198422992639305029e+01 1.141842862207821874e+01 1.092474743303182905e+01 1.048252115564316611e+01
