outputs_txt/Data_file_300k_ky_topographic__elevation.txt
ncols 100
nrows 50
xllcorner 0.0
yllcorner 0.0
cellsize 200.0
nodata_value -32768
[rows 17 to 33 of 50, columns 0 to 36 of 100]
9.966129662887682032e-04 1.004706532225113413e+01 8.043882898218546629e+00 8.254168667727675768e+00 9.258024459116196425e+00 1.041735638206018066e+01 1.183723747019963923e+01 1.384090227126741901e+01 1.408644537803277608e+01 1.268402107394998879e+01 1.068432486790836755e+01 1.036438961005373471e+01 1.046218344918161947e+01 1.001212729891395270e+01 9.344012985993938258e+00 7.348402308425217910e+00 8.052566350313945520e+00 9.207380607311133502e+00 1.062203664837914374e+01 1.261937938944995174e+01 1.223215808242495228e+01 1.020154414351356742e+01 8.767058405409564159e+00 7.598546843820178864e+00 6.589120412137052796e+00 8.018013349499874209e+00 1.004217113718430987e+01 1.063402603146346515e+01 8.607218720911363974e+00 7.175673533528447834e+00 8.000665924057226874e+00 8.906067868615977545e+00 9.919878106879293611e+00 1.109262192757547183e+01 1.253375820285189945e+01 1.459060317564515863e+01 1.420826628013021420e+01
3.793115900609799092e-04 9.875909325825677598e+00 7.873043830137267385e+00 8.769209233808062720e+00 9.771918316074073019e+00 1.093048700209604718e+01 1.235058570833002278e+01 1.435259138807466783e+01 1.294772424651386267e+01 1.094493475004633254e+01 9.527548093977454613e+00 8.949114610832074490e+00 8.463137836553471516e+00 8.014657167075659672e+00 7.596358908342659255e+00 7.195035314468751331e+00 7.052219963730482988e+00 8.208257422646051182e+00 9.624169001414447422e+00 1.162404083246146413e+01 1.205777627533915464e+01 1.002865738649216887e+01 8.594539615565023993e+00 7.426423162541086143e+00 6.417436547667136892e+00 7.846003321625653726e+00 9.870664078732964697e+00 1.043704697243261670e+01 8.411360448996937578e+00 6.980398266021830445e+00 7.805010497162700567e+00 8.710087262390874940e+00 9.723611856805167264e+00 1.089609097703863938e+01 1.233726339150985041e+01 1.439693427021659389e+01 1.407719778177902015e+01
9.043019954626162421e-04 9.709044625275023321e+00 7.706308367196394116e+00 8.708602371598919589e+00 9.866638163820926621e+00 1.128558608347878511e+01 1.328978821950018840e+01 1.406262761996724819e+01 1.375960896882624596e+01 1.176109247560309079e+01 1.034504005609380428e+01 1.036406977458977785e+01 1.046253939598664928e+01 1.001280828078106033e+01 9.592923583958677725e+00 8.907564404164354244e+00 6.912262545476074216e+00 8.067639215242579098e+00 9.482827930600434385e+00 1.148158281076693399e+01 1.188876955718441053e+01 9.860037790298248339e+00 8.426292989816420942e+00 7.258578619679085797e+00 6.250034536478089819e+00 7.678021793433803310e+00 9.702283155701637796e+00 1.040329242935669285e+01 8.814936164952570152e+00 6.792992528700831478e+00 7.617184650599503115e+00 8.521930284759307028e+00 9.535171134094335699e+00 1.070743199101860554e+01 1.214893183262741516e+01 1.421273332660258859e+01 1.395230960129259046e+01
5.277991431326342370e-04 9.545528863475302828e+00 7.542917465462552151e+00 8.545319929422134919e+00 9.703797450253764723e+00 1.112406970225286784e+01 1.312707167853277568e+01 1.205920845855996859e+01 1.406023165856483992e+01 1.350094260352592634e+01 1.150293359440077978e+01 1.236221555921478199e+01 1.233910239425460453e+01 1.034468530333879954e+01 8.930490404262208415e+00 7.775031884031573526e+00 6.773758812753354341e+00 7.929274857625607353e+00 9.344501314860158558e+00 1.134320588390541751e+01 1.172373751904877359e+01 9.695389575595438458e+00 8.262022717377462300e+00 7.094716372613886435e+00 6.086618943404336513e+00 7.514575117516717917e+00 9.535253659708311957e+00 8.380580077174631271e+00 8.630817235186638570e+00 6.611731417693729185e+00 7.435537158846868167e+00 8.339945560229407917e+00 9.352901778789073362e+00 1.052496655986163709e+01 1.196680005669180780e+01 1.403361388041830615e+01 1.384354590648812255e+01
6.384965705637604162e-04 9.385177371405186264e+00 7.382704413809195287e+00 8.540021061837746785e+00 9.958485497487256310e+00 1.196255191687830610e+01 1.289997319058148406e+01 1.089748654291812180e+01 1.231780360037512345e+01 1.431826918248741087e+01 1.350356217773662237e+01 1.310361982899775768e+01 1.110560485005513875e+01 9.689405407012969818e+00 8.533799878914759773e+00 7.533094941156111446e+00 6.637945287499451119e+00 7.793751158388456446e+00 9.209798651768204891e+00 1.120901024006188607e+01 1.156254930703113004e+01 9.534457695420583079e+00 8.101465295754364249e+00 6.934572367839186846e+00 5.926965426594339448e+00 7.944154554464810225e+00 8.968215158862857805e+00 6.949336414065687251e+00 8.116158949043629889e+00 6.436127026396431638e+00 7.259439614376337779e+00 8.163387901384194123e+00 9.175960110150942484e+00 1.034800091892811480e+01 1.179235457649675389e+01 1.387674104949328857e+01 1.373378606781127331e+01
8.046915176711351902e-04 9.227315486441051817e+00 7.224973721657086401e+00 8.382988482374628347e+00 9.802818386762597314e+00 1.180530512418459210e+01 1.213995852658472252e+01 1.013717876573081433e+01 1.129621017959541085e+01 1.271696678357115395e+01 1.471718559509275082e+01 1.297197146984250615e+01 1.097101703571255449e+01 9.555823543161809042e+00 8.400588464913090192e+00 7.400007155250790447e+00 6.504869757228636473e+00 7.920014761484673649e+00 9.918868759409296132e+00 1.158476093219122127e+01 1.142108107647949389e+01 9.378786075229196939e+00 7.944329071348663618e+00 6.777489653085141619e+00 5.770238113245465428e+00 7.786297251104393524e+00 7.956521252056530713e+00 5.939434507868732283e+00 6.101825136678729500e+00 6.265165307553662188e+00 6.873297637603219101e+00 7.777389825167796644e+00 8.790369970762940355e+00 9.962897230396146497e+00 1.140675897305014885e+01 1.348082476239005523e+01 1.362998625581545653e+01
5.287202536521702243e-04 9.071843579429634374e+00 7.069688931046799851e+00 9.073041882616438514e+00 1.083528820295444994e+01 1.018460263523454401e+01 1.060935614096942103e+01 9.556809898415215443e+00 1.071537510948223115e+01 1.213519215095153037e+01 1.413838776167400013e+01 1.284221908404350465e+01 1.084109095540139478e+01 9.425185900894051727e+00 8.269776496392553966e+00 7.269190024668592542e+00 6.374013302498499733e+00 7.532613838866922151e+00 9.529677252333431881e+00 9.612594498619669636e+00 1.158572581421490177e+01 1.023354283914157392e+01 8.208343699025650864e+00 6.779212036417349374e+00 5.616386711683831301e+00 7.630815108419013448e+00 7.480825837758025010e+00 5.780375119500402725e+00 7.792641455105535186e+00 8.280727341488201887e+00 7.777040174945921258e+00 8.788503672967488356e+00 9.958890749813194887e+00 1.139772700158503582e+01 1.345740535937521720e+01 1.451029441496566719e+01 1.220338065649665893e+01
1.622220121615580626e-05 8.917680282822541216e+00 6.915659270386004920e+00 8.915384089652805599e+00 8.836214191250963523e+00 8.177988692357290645e+00 8.605885258476799748e+00 9.054666718520172353e+00 1.021366275582185601e+01 1.163458622045216195e+01 1.363912304496770389e+01 1.336663590442609362e+01 1.148194340138369007e+01 9.482122339601234629e+00 8.065695464453188634e+00 7.063438151269295417e+00 6.244852311694979008e+00 6.117497460725705771e+00 8.118340801652081495e+00 8.459294569367941108e+00 1.044458240949903782e+01 1.008147042225374967e+01 8.056296755431828771e+00 6.627207889768931715e+00 5.464784206910398012e+00 7.175644990019531377e+00 5.468325217080593603e+00 5.622128287433539207e+00 6.383289011696537507e+00 7.207167368238086347e+00 8.110763823011957641e+00 9.123399928885984167e+00 1.029689569268780858e+01 1.174783989004758133e+01 1.385398160261236455e+01 1.337264120009143298e+01 1.081012677941577849e+01
6.474218421546828804e-06 8.764888110425479439e+00 6.762878026745406501e+00 7.088607359947711295e+00 7.418720281796343130e+00 7.768156729838715080e+00 8.526884483673669024e+00 9.424789810980497506e+00 1.058496395225118825e+01 1.259035995421447574e+01 1.336650626240339435e+01 1.137100459860022106e+01 1.154251333641139965e+01 1.096215478552095846e+01 1.006136777044586417e+01 9.061825964400597400e+00 7.988069673158038064e+00 5.991062814093094602e+00 7.988982142489095217e+00 7.564078631628822436e+00 9.536393452065318854e+00 1.002916773242777104e+01 7.921728901292682146e+00 6.478716719665464474e+00 5.314956475140597547e+00 5.166967656560150779e+00 5.314982298038652964e+00 5.910883488484877546e+00 6.558498694316033273e+00 7.281670660935598782e+00 8.120620591201765492e+00 9.158453783533238024e+00 1.036153268894725343e+01 1.187092496686819842e+01 1.371799451596669783e+01 1.132602632015088595e+01 9.117455291954447816e+00
2.485355740639651786e-04 8.627304227930483904e+00 6.625534583712658687e+00 8.624601380677233919e+00 9.419016977060470808e+00 9.770728456217332436e+00 1.053018584279711511e+01 1.142948178272195925e+01 1.259065414452800447e+01 1.362891790453847385e+01 1.163155329838386010e+01 1.021370031375150944e+01 9.545629145973617113e+00 8.966589084557128331e+00 8.430880614947636076e+00 9.278639578110761121e+00 7.281840119966188851e+00 5.865230929860111075e+00 7.612364004092732728e+00 6.806411738060887728e+00 8.221556912514250470e+00 1.021137459030596695e+01 9.670585417716001331e+00 7.649387381292513055e+00 6.222901393899386235e+00 5.062691163742954359e+00 7.073375642524709406e+00 7.913697457670374469e+00 8.555702469517788344e+00 9.274085604110172909e+00 1.010206253090524342e+01 8.813779832088851407e+00 9.916213930295754153e+00 1.144726974233010708e+01 1.372776924322018388e+01 1.327359984577717888e+01 1.064383428604079285e+01
9.295795956977429084e-04 8.490566896995234814e+00 6.488835364975612308e+00 7.307335821022530098e+00 8.204388137127734737e+00 9.207342745236902104e+00 1.036575240714609691e+01 1.178477754506638142e+01 1.378912883248578325e+01 1.477686697070651611e+01 1.278246435103634582e+01 1.136916080247300620e+01 1.154030084626867136e+01 9.910913398650706085e+00 7.913511787588503488e+00 9.155396147542411711e+00 7.158168318866461100e+00 5.740204089189958836e+00 5.615968085760717265e+00 6.172227853425948041e+00 7.588907976716306791e+00 9.586213836269275035e+00 9.569327863451352556e+00 7.547016416307137376e+00 6.119732881175100836e+00 4.959008960476874783e+00 6.969111958081183111e+00 7.532945473019827531e+00 7.884892505287115050e+00 8.254838178350809130e+00 8.644421674988786108e+00 7.691866148921109314e+00 8.663012852315699064e+00 9.924505557222667917e+00 1.149980196818227363e+01 1.386135012318008997e+01 1.307604781774305458e+01
4.266617656791241620e-04 8.356397181551752595e+00 6.354773949755099238e+00 7.172599320764625475e+00 8.069110153241608074e+00 9.072003487225286378e+00 1.023081010777708499e+01 1.165133501323703413e+01 1.365428414890989828e+01 1.294425030564541323e+01 1.178802698157580231e+01 1.159584838335482893e+01 1.084179368103978192e+01 8.843475134392630110e+00 7.427168109118825079e+00 9.423573795436382738e+00 8.907256163966430051e+00 6.910322550378303674e+00 5.495153557401812883e+00 6.651015201769417295e+00 8.066308611508803850e+00 1.006310691657045275e+01 9.466101279681176095e+00 7.443433149614863353e+00 6.016483018014066708e+00 4.855924152417628648e+00 5.181962418889983546e+00 5.512802782769123944e+00 5.858300245844394460e+00 6.220589597449134089e+00 6.602181506681591650e+00 7.014688825449334253e+00 8.033304498312702435e+00 9.227264906278023204e+00 1.073713553546094879e+01 1.298128145328397665e+01 1.315028247455262722e+01
3.385316822018920248e-04 8.224567986747649329e+00 6.223052176356253185e+00 7.118737286707609968e+00 8.120590262306617291e+00 9.277706988397333987e+00 1.069522142524193420e+01 1.269692499464006374e+01 1.294221081601521028e+01 1.094402806917707593e+01 9.787330942370218168e+00 9.598666441769138302e+00 9.578624783955627109e+00 8.987654230285409440e+00 6.989453756816373264e+00 8.986509375461604776e+00 8.791071635484865254e+00 6.792104681297397306e+00 5.375622879516548380e+00 6.532031967800025818e+00 7.947933874678824395e+00 9.945577404517820241e+00 9.367260679853202987e+00 7.345178937094246407e+00 5.918606911615594157e+00 4.758425701793887796e+00 6.767652582645514947e+00 7.532459045138408804e+00 7.884906617609981794e+00 8.254349507637069649e+00 8.041631843840240990e+00 7.657199983002913157e+00 8.381628695052066647e+00 9.234212164057762351e+00 1.032659714172236498e+01 1.271827184967573388e+01 1.309374029560258101e+01
9.466757784096109778e-04 8.094685475368398997e+00 6.093253860097417984e+00 6.801797181706179529e+00 7.560417979904615393e+00 8.380387149640800004e+00 9.385458276082458084e+00 1.139393164126141222e+01 1.230525306995863488e+01 1.030721192829259891e+01 8.891458778558858356e+00 8.183349648972079393e+00 7.579716793766776206e+00 8.574765975443876087e+00 6.579683428519449429e+00 7.904891151526038051e+00 8.671377155530555214e+00 6.674458661680995775e+00 5.257337939093677193e+00 6.413822282040958278e+00 7.829805238486326147e+00 9.827543873292290399e+00 9.268938919884964989e+00 7.247433044912843236e+00 5.821229496586560082e+00 4.661304664242950757e+00 6.639796765430902248e+00 7.808000480965493928e+00 8.553096968620970131e+00 9.415054453361548781e+00 1.011174493365806626e+01 9.744577423634027014e+00 1.052176448124289010e+01 1.147616087990526523e+01 1.206617355102713596e+01 1.424026568335439080e+01 1.180386581067618579e+01
1.473993631691957688e-04 7.967455577028053959e+00 5.966162078997111706e+00 7.382090885405285796e+00 9.381201142060330511e+00 1.038039281859926888e+01 1.080302253193974771e+01 1.280308246291478547e+01 1.235402189552814534e+01 1.035413006484186305e+01 8.937154121792149297e+00 7.780843200046748009e+00 7.023523279392676066e+00 6.595959317395716504e+00 6.186008466844853615e+00 5.905278856959779610e+00 7.903852260414431008e+00 7.140225240738248935e+00 5.140296994663225760e+00 6.296816884541716064e+00 7.712879815488959956e+00 9.710711799037632375e+00 9.171294126535826763e+00 7.150299998177100491e+00 5.724444113374238086e+00 4.564676393628471551e+00 5.169915195805628194e+00 5.806244913257839535e+00 6.519407003375746079e+00 7.346354461176329842e+00 8.369094470127739882e+00 9.574729638959386335e+00 1.111428599999964106e+01 1.341859503889176608e+01 1.456109051592182801e+01 1.414749381056701338e+01 1.179337730283898544e+01
4.750717830362406443e-04 7.841189294616636829e+00 5.839946145016981838e+00 6.657932866041416986e+00 7.555154412587299362e+00 8.558661167216104815e+00 9.717440050999167411e+00 1.113811189060481865e+01 1.314089328973781612e+01 1.234414585139484899e+01 1.034840901041240890e+01 8.935387755422317113e+00 9.020145634706958404e+00 8.592719356370395190e+00 7.630133312816480995e+00 5.631941729243264305e+00 7.629710822633074763e+00 7.024450527048755610e+00 5.024154859644059279e+00 6.180744780481809642e+00 7.596887843069905166e+00 9.594815808574812976e+00 9.075316610552178531e+00 7.054890811865558220e+00 5.629390939290470186e+00 4.469864632432098972e+00 5.178877543913907644e+00 5.938610461698561771e+00 6.761433830860521965e+00 7.666654733433550639e+00 8.686951862066868202e+00 9.883681094202708906e+00 1.139715670294777361e+01 1.363706414590444282e+01 1.531209820365677210e+01 1.328010554594962933e+01 1.146837201692843600e+01
5.713559294863377854e-04 7.716923419161129338e+00 5.715766932150860846e+00 6.533425788882430751e+00 7.429694790581966579e+00 8.432312111030430657e+00 9.590838931011987256e+00 1.101114950096147460e+01 1.301201275069352015e+01 1.137637629483724133e+01 9.380471170761866873e+00 7.966335303447563021e+00 8.321413551888067417e+00 7.884930646979757540e+00 7.363839561555508340e+00 5.365826986007126820e+00 6.890146812325864900e+00 6.679448471387082975e+00 4.908951320099146365e+00 6.065624520050829638e+00 7.481848555569034609e+00 9.479877243405095300e+00 8.980604997715550653e+00 6.960750179308965890e+00 5.535599926543491200e+00 4.376296740479417302e+00 5.085250911677809071e+00 5.845000842528155438e+00 6.668179092285337006e+00 7.574737969704368190e+00 8.598526434032594423e+00 9.802856722281639179e+00 1.133280764827272691e+01 1.359553379458605704e+01 1.420899112511465034e+01 1.181429826516206560e+01 9.906349348675584920e+00
