outputs_txt/Phd_CSDMS_200k_ky_05_03_2024/Basin_8_RLF_2500.txt
ncols         17
nrows         48
xllcorner     6600.000000
yllcorner     0.000000
cellsize      200
NODATA_value  -9999
8.6478 8.8299 8.9761 10.76 10.891 11.042 11.042 11.042 11.042 11.042 11.042 11.042 11.042 11.042 10.891 10.891 10.711
8.8299 9.0101 9.1563 10.91 11.042 11.19 11.19 11.19 11.19 11.19 11.19 11.19 11.19 11.19 11.042 11.042 -9999
9.0101 9.1601 9.3064 11.059 11.19 11.335 11.335 11.335 11.335 11.335 11.335 11.335 11.335 11.335 11.19 11.19 -9999
9.1601 9.3086 9.4549 11.204 11.335 11.476 11.476 11.476 11.476 11.476 11.476 11.476 11.476 11.476 11.335 -9999 -9999
-9999 9.4535 9.5998 11.345 11.476 11.614 11.614 11.614 11.614 11.614 11.614 11.614 11.614 11.614 11.476 -9999 -9999
-9999 -9999 9.7411 11.483 11.483 11.749 11.749 11.749 11.749 11.749 11.749 11.749 11.749 11.749 -9999 -9999 -9999
-9999 -9999 9.8793 11.618 11.618 11.882 11.882 11.882 11.882 11.882 11.882 11.882 11.882 11.882 -9999 -9999 -9999
-9999 -9999 10.014 10.147 11.75 11.88 12.011 12.011 12.011 12.011 12.011 12.011 12.011 12.011 -9999 -9999 -9999
-9999 10 10.147 10.276 11.88 12.007 12.138 12.138 12.138 12.138 12.138 12.138 12.138 12.138 -9999 -9999 -9999
-9999 10.13 10.13 10.403 10.403 12.132 12.132 12.263 12.263 12.263 12.263 12.263 12.263 12.263 -9999 -9999 -9999
10.13 10.257 10.257 10.528 10.528 12.255 12.255 12.255 12.386 12.386 12.386 12.386 12.386 12.386 -9999 -9999 -9999
-9999 10.382 10.382 10.505 10.651 10.774 12.378 12.378 12.378 12.378 12.509 12.509 12.509 12.509 -9999 -9999 -9999
-9999 -9999 10.505 10.628 10.774 10.893 10.893 12.497 12.497 12.497 12.497 12.497 12.628 12.628 -9999 -9999 -9999
-9999 -9999 10.614 10.733 10.733 11.01 11.01 11.01 11.01 12.614 12.614 12.614 12.614 -9999 -9999 -9999 -9999
-9999 -9999 -9999 10.85 10.85 10.966 11.126 11.126 11.126 11.126 11.126 12.73 12.73 -9999 -9999 -9999 -9999
-9999 -9999 -9999 10.966 10.966 11.08 11.08 11.08 11.24 11.24 11.24 11.24 11.24 -9999 -9999 -9999 -9999
-9999 -9999 -9999 11.08 11.08 11.193 11.193 11.193 11.193 11.193 11.353 11.353 11.353 -9999 -9999 -9999 -9999
-9999 -9999 -9999 11.193 11.193 11.305 11.305 11.305 11.305 10.903 10.903 10.625 10.625 -9999 -9999 -9999 -9999
-9999 -9999 -9999 11.305 11.305 11.415 11.415 11.013 11.013 10.735 10.735 10.735 10.735 -9999 -9999 -9999 -9999
-9999 -9999 -9999 11.013 11.013 11.122 11.122 10.844 10.844 10.844 10.844 10.844 10.844 -9999 -9999 -9999 -9999
-9999 -9999 -9999 -9999 10.844 10.951 10.951 10.951 10.951 10.951 10.951 10.951 10.951 -9999 -9999 -9999 -9999
-9999 -9999 -9999 -9999 10.951 11.058 11.058 11.058 11.058 11.058 11.058 11.058 11.058 -9999 -9999 -9999 -9999
-9999 -9999 -9999 -9999 11.058 11.163 11.163 11.163 11.163 11.163 11.163 11.163 10.65 -9999 -9999 -9999 -9999
-9999 -9999 -9999 -9999 11.163 11.267 11.267 11.267 11.267 11.267 11.267 10.754 10.754 -9999 -9999 -9999 -9999
-9999 -9999 -9999 -9999 11.267 11.369 11.369 11.369 11.369 10.856 10.856 10.856 10.791 -9999 -9999 -9999 -9999
-9999 -9999 -9999 -9999 -9999 11.472 11.472 10.959 10.959 10.959 10.893 10.893 10.789 -9999 -9999 -9999 -9999
-9999 -9999 -9999 -9999 -9999 15.381 15.381 15.381 15.575 15.575 15.575 15.575 15.575 -9999 -9999 -9999 -9999
-9999 -9999 -9999 -9999 -9999 22.907 22.907 22.907 22.907 22.907 22.907 22.902 22.902 -9999 -9999 -9999 -9999
-9999 -9999 -9999 -9999 -9999 23.402 23.402 23.402 23.402 23.402 23.402 23.402 23.402 -9999 -9999 -9999 -9999
-9999 -9999 -9999 -9999 -9999 23.893 23.893 23.893 23.893 23.893 23.893 23.893 23.893 -9999 -9999 -9999 -9999
-9999 -9999 -9999 -9999 -9999 24.378 24.378 24.378 24.378 24.378 24.378 24.378 24.378 -9999 -9999 -9999 -9999
-9999 -9999 -9999 -9999 -9999 24.858 24.858 24.858 24.858 24.858 24.858 24.858 24.858 -9999 -9999 -9999 -9999
-9999 -9999 -9999 -9999 -9999 25.334 25.334 25.334 25.334 25.334 25.334 25.334 25.334 -9999 -9999 -9999 -9999
-9999 -9999 -9999 -9999 -9999 25.808 25.808 25.808 25.808 25.808 25.808 25.808 25.808 -9999 -9999 -9999 -9999
-9999 -9999 -9999 -9999 -9999 26.281 26.281 26.281 26.281 26.281 26.281 26.281 26.281 -9999 -9999 -9999 -9999
-9999 -9999 -9999 -9999 -9999 26.754 26.754 26.754 26.754 26.754 26.754 26.754 26.754 -9999 -9999 -9999 -9999
-9999 -9999 -9999 -9999 26.754 26.754 26.754 26.754 26.754 26.754 26.754 26.754 26.754 -9999 -9999 -9999 -9999
-9999 -9999 -9999 -9999 26.754 26.754 26.754 26.754 26.754 26.754 26.754 26.754 26.754 -9999 -9999 -9999 -9999
-9999 -9999 -9999 -9999 -9999 26.754 26.754 26.754 26.754 26.754 26.754 26.754 26.754 -9999 -9999 -9999 -9999
-9999 -9999 -9999 -9999 -9999 -9999 26.754 26.754 26.754 26.754 26.754 26.754 26.754 -9999 -9999 -9999 -9999
-9999 -9999 -9999 -9999 -9999 -9999 26.754 26.754 26.754 26.754 26.754 26.754 26.754 -9999 -9999 -9999 -9999
-9999 -9999 -9999 -9999 -9999 -9999 26.754 26.754 26.754 26.754 26.754 26.754 26.754 -9999 -9999 -9999 -9999
-9999 -9999 -9999 -9999 -9999 -9999 26.754 26.754 26.754 26.754 26.754 26.754 26.754 -9999 -9999 -9999 -9999
-9999 -9999 -9999 -9999 -9999 -9999 -9999 26.754 26.754 26.754 26.754 26.754 26.754 -9999 -9999 -9999 -9999
-9999 -9999 -9999 -9999 -9999 -9999 -9999 26.754 26.754 26.754 26.754 -9999 -9999 -9999 -9999 -9999 -9999
-9999 -9999 -9999 -9999 -9999 -9999 -9999 -9999 26.754 26.754 26.754 -9999 -9999 -9999 -9999 -9999 -9999
-9999 -9999 -9999 -9999 -9999 -9999 -9999 -9999 26.754 26.754 -9999 -9999 -9999 -9999 -9999 -9999 -9999
-9999 -9999 -9999 -9999 -9999 -9999 -9999 -9999 26.754 26.754 -9999 -9999 -9999 -9999 -9999 -9999 -9999
