outputs_txt/Phd_CSDMS_200k_ky_05_03_2024/Basin_14_RLF_5000.txt
ncols         22
nrows         48
xllcorner     13400.000000
yllcorner     0.000000
cellsize      200
NODATA_value  -9999
-9999 11.894 11.992 11.992 12.085 12.085 12.085 12.085 12.085 12.085 12.085 12.085 12.085 12.085 12.085 12.085 12.085 11.992 11.992 11.894 11.894 -9999
-9999 11.992 12.085 12.085 12.178 12.178 12.178 12.178 12.178 12.178 12.178 12.178 12.178 12.178 12.178 12.178 12.178 12.085 12.085 11.992 11.992 -9999
-9999 12.085 12.178 12.178 12.271 12.271 12.271 12.271 12.271 12.271 12.271 12.271 12.271 12.271 12.271 12.271 12.271 12.178 12.178 12.085 -9999 -9999
-9999 12.178 12.271 12.271 12.364 12.364 12.364 12.364 12.364 12.364 12.364 12.364 12.364 12.364 12.364 12.364 12.364 12.271 12.271 12.178 -9999 -9999
12.271 12.271 12.364 12.364 12.447 12.447 12.447 12.447 12.447 12.447 12.447 12.447 12.447 12.447 12.447 12.447 12.447 12.364 12.364 12.271 -9999 -9999
-9999 12.364 12.447 12.447 12.531 12.531 12.531 12.531 12.531 12.531 12.531 12.531 12.531 12.531 12.531 12.531 12.531 12.447 12.447 12.364 12.364 -9999
-9999 12.447 12.531 12.531 12.615 12.615 12.615 12.615 12.615 12.615 12.615 12.615 12.615 12.615 12.615 12.615 12.615 12.531 12.531 12.447 12.447 -9999
-9999 12.531 12.615 12.615 12.698 12.698 12.698 12.698 12.698 12.698 12.698 12.698 12.698 12.698 12.698 12.698 12.698 12.615 12.615 12.531 12.531 -9999
-9999 12.615 12.698 12.698 12.777 12.777 12.777 12.777 12.777 12.777 12.777 12.777 12.777 12.777 12.777 12.777 12.777 12.698 12.698 12.615 12.615 -9999
-9999 12.698 12.777 12.777 12.857 12.857 12.857 12.857 12.857 12.857 12.857 12.857 12.857 12.857 12.857 12.857 12.857 12.777 12.777 12.698 12.698 -9999
-9999 12.777 12.857 12.857 12.935 12.935 12.935 12.935 12.935 12.935 12.935 12.935 12.935 12.935 12.935 12.935 12.935 12.857 12.857 12.777 -9999 -9999
-9999 12.857 12.935 12.935 13.013 13.013 13.013 13.013 13.013 13.013 13.013 13.013 13.013 13.013 13.013 13.013 13.013 12.935 12.935 12.857 -9999 -9999
-9999 12.935 13.013 13.013 13.089 13.089 13.089 13.089 13.089 13.089 13.089 13.089 13.089 13.089 13.089 13.089 13.089 13.013 13.013 12.935 -9999 -9999
-9999 13.013 13.089 13.089 13.166 13.166 13.166 13.166 13.166 13.166 13.166 13.166 13.166 13.166 13.166 13.166 13.166 13.089 13.089 13.013 13.013 -9999
-9999 15.55 15.627 15.627 15.7 15.7 15.7 15.7 15.7 15.7 16.459 18.094 18.094 18.094 18.094 18.094 18.094 18.021 18.021 17.945 17.945 17.868
-9999 28.33 28.403 28.403 28.777 28.777 28.777 28.777 28.777 28.777 28.777 28.777 27.109 26.167 26.167 26.167 26.167 25.794 25.794 25.721 25.721 25.644
-9999 28.403 28.777 28.777 29.146 29.146 29.146 29.146 29.146 29.146 29.146 29.146 29.146 29.146 27.479 26.537 26.537 26.167 26.167 25.794 25.794 -9999
-9999 28.777 29.146 29.146 29.514 29.514 29.514 29.514 29.514 29.514 29.514 29.514 29.514 29.514 29.514 29.514 27.847 26.537 26.537 26.167 -9999 -9999
-9999 29.146 29.514 29.514 29.88 29.88 29.88 29.88 29.88 29.88 29.88 29.88 29.88 29.88 29.88 29.88 29.88 29.514 27.847 26.537 -9999 -9999
-9999 29.514 29.88 29.88 30.245 30.245 30.245 30.245 30.245 30.245 30.245 30.245 30.245 30.245 30.245 30.245 30.245 29.88 29.88 29.514 -9999 -9999
-9999 -9999 30.245 30.245 30.608 30.608 30.608 30.608 30.608 30.608 30.608 30.608 30.608 30.608 30.608 30.608 30.608 30.245 30.245 -9999 -9999 -9999
-9999 -9999 30.608 30.608 30.97 30.97 30.97 30.97 30.97 30.97 30.97 30.97 30.97 30.97 30.97 30.97 30.97 30.608 30.608 30.245 -9999 -9999
-9999 -9999 30.97 30.97 31.333 31.333 31.333 31.333 31.333 31.333 31.333 31.333 31.333 31.333 31.333 31.333 31.333 30.97 30.97 30.608 30.608 -9999
-9999 -9999 31.333 31.333 31.696 31.696 31.696 31.696 31.696 31.696 31.696 31.696 31.696 31.696 31.696 31.696 31.696 31.696 31.333 30.97 30.97 -9999
-9999 -9999 -9999 31.696 31.696 31.696 31.696 31.696 31.696 31.696 31.696 31.696 31.696 31.696 31.696 31.696 31.696 31.696 31.696 31.696 31.333 -9999
-9999 -9999 31.696 31.696 31.696 31.696 31.696 31.696 31.696 31.696 31.696 31.696 31.696 31.696 31.696 31.696 31.696 31.696 31.696 31.696 -9999 -9999
-9999 -9999 31.696 31.696 31.696 31.696 31.696 31.696 31.696 31.696 31.696 31.696 31.696 31.696 31.696 31.696 31.696 31.696 31.696 31.696 -9999 -9999
-9999 -9999 31.696 31.696 31.696 31.696 31.696 31.696 31.696 31.696 31.696 31.696 31.696 31.696 31.696 31.696 31.696 31.696 31.696 31.696 31.696 -9999
-9999 -9999 31.696 31.696 31.696 31.696 31.696 31.696 31.696 31.696 31.696 31.696 31.696 31.696 31.696 31.696 31.696 31.696 31.696 31.696 31.696 -9999
-9999 -9999 31.696 31.696 31.696 31.696 31.696 31.696 31.696 31.696 31.696 31.696 31.696 31.696 31.696 31.696 31.696 31.696 31.696 31.696 31.696 -9999
-9999 -9999 -9999 31.696 31.696 31.696 31.696 31.696 31.696 31.696 31.696 31.696 31.696 31.696 31.696 31.696 31.696 31.696 31.696 31.696 31.696 -9999
-9999 -9999 31.696 31.696 31.696 31.696 31.696 31.696 31.696 31.696 31.696 31.696 31.696 31.696 31.696 31.696 31.696 31.696 31.696 31.696 31.696 -9999
-9999 -9999 31.696 31.696 31.696 31.696 31.696 31.696 31.696 31.696 31.696 31.696 31.696 31.696 31.696 31.696 31.696 31.696 31.696 31.696 31.696 -9999
-9999 -9999 31.696 31.696 31.696 31.696 31.696 31.696 31.696 31.696 31.696 31.696 31.696 31.696 31.696 31.696 31.696 31.696 31.696 31.696 31.696 -9999
-9999 -9999 31.696 31.696 31.696 31.696 31.696 31.696 31.696 31.696 31.696 31.696 31.696 31.696 31.696 31.696 31.696 31.696 31.696 -9999 -9999 -9999
-9999 -9999 31.696 31.696 31.696 31.696 31.696 31.696 31.696 31.696 31.696 31.696 31.696 31.696 31.696 31.696 31.696 31.696 -9999 -9999 -9999 -9999
-9999 -9999 -9999 31.696 31.696 31.696 31.696 31.696 31.696 31.696 31.696 31.696 31.696 31.696 31.696 31.696 31.696 31.696 31.696 -9999 -9999 -9999
-9999 -9999 -9999 31.696 31.696 31.696 31.696 31.696 31.696 31.696 31.696 31.696 31.696 31.696 31.696 31.696 31.696 31.696 31.696 -9999 -9999 -9999
-9999 -9999 -9999 31.696 31.696 31.696 31.696 31.696 31.696 31.696 31.696 31.696 31.696 31.696 31.696 31.696 31.696 31.696 31.696 -9999 -9999 -9999
-9999 -9999 -9999 -9999 31.696 31.696 31.696 31.696 31.696 31.696 31.696 31.696 31.696 31.696 31.696 31.696 31.696 -9999 -9999 -9999 -9999 -9999
-9999 -9999 -9999 -9999 -9999 -9999 -9999 31.696 31.696 31.696 31.696 31.696 31.696 31.696 -9999 -9999 -9999 -9999 -9999 -9999 -9999 -9999
-9999 -9999 -9999 -9999 -9999 -9999 -9999 31.696 31.696 31.696 31.696 31.696 31.696 31.696 -9999 -9999 -9999 -9999 -9999 -9999 -9999 -9999
-9999 -9999 -9999 -9999 -9999 -9999 -9999 -9999 31.696 31.696 31.696 31.696 31.696 -9999 -9999 -9999 -9999 -9999 -9999 -9999 -9999 -9999
-9999 -9999 -9999 -9999 -9999 -9999 -9999 -9999 31.696 31.696 31.696 31.696 31.696 -9999 -9999 -9999 -9999 -9999 -9999 -9999 -9999 -9999
-9999 -9999 -9999 -9999 -9999 -9999 -9999 -9999 31.696 31.696 31.696 31.696 31.696 -9999 -9999 -9999 -9999 -9999 -9999 -9999 -9999 -9999
-9999 -9999 -9999 -9999 -9999 -9999 -9999 -9999 -9999 31.696 31.696 31.696 -9999 -9999 -9999 -9999 -9999 -9999 -9999 -9999 -9999 -9999
-9999 -9999 -9999 -9999 -9999 -9999 -9999 -9999 -9999 -9999 31.696 31.696 -9999 -9999 -9999 -9999 -9999 -9999 -9999 -9999 -9999 -9999
-9999 -9999 -9999 -9999 -9999 -9999 -9999 -9999 -9999 -9999 31.696 31.696 -9999 -9999 -9999 -9999 -9999 -9999 -9999 -9999 -9999 -9999
