outputs_txt/Phd_CSDMS_200k_ky_05_03_2024/Basin_1_RLF_1000.txt
ncols         11
nrows         48
xllcorner     0.000000
yllcorner     0.000000
cellsize      200
NODATA_value  -9999
-9999 -9999 4.6932 5.5953 5.5953 5.5953 5.5953 5.5953 -9999 -9999 -9999
-9999 -9999 5.0819 5.9841 5.9841 5.9841 5.9841 5.9841 -9999 -9999 -9999
-9999 -9999 5.4424 6.3446 6.3446 6.3446 6.3446 6.3405 -9999 -9999 -9999
-9999 -9999 5.8537 6.7558 6.7558 6.7558 6.7558 6.676 6.676 -9999 -9999
-9999 -9999 6.2408 7.143 7.143 7.143 7.143 6.9939 6.9939 -9999 -9999
-9999 -9999 6.0002 6.4024 7.206 7.206 7.206 6.9967 -9999 -9999 -9999
-9999 -9999 5.6404 5.8425 7.5556 7.5556 7.5556 7.2697 -9999 -9999 -9999
-9999 -9999 5.3676 5.6713 7.8901 7.8901 7.8901 7.5333 7.5333 -9999 -9999
-9999 -9999 5.1506 5.6761 7.7337 7.7337 7.7337 7.3103 7.3103 7.3103 -9999
-9999 -9999 4.9759 5.9894 7.0389 7.0394 7.0394 6.9991 6.7775 6.5535 -9999
-9999 -9999 4.835 6.2949 7.3444 7.3449 7.3449 7.2177 6.7775 6.5535 -9999
-9999 -9999 4.7921 6.2636 7.643 7.6435 7.6435 7.4337 6.7775 6.5535 -9999
-9999 -9999 4.6395 6.5865 6.5868 7.814 7.814 7.4337 6.7775 6.5535 -9999
-9999 -9999 5.6445 6.7529 6.7532 7.9151 7.9151 7.3683 6.7122 6.4881 -9999
-9999 -9999 5.8076 6.9161 6.9164 8.0782 8.0782 7.3683 6.7122 -9999 -9999
-9999 -9999 5.9676 7.076 7.076 8.1161 8.1161 7.2461 -9999 -9999 -9999
-9999 -9999 6.1251 7.2336 7.2336 7.2336 7.6106 6.5831 -9999 -9999 -9999
-9999 -9999 6.2802 7.3887 7.3887 7.3887 7.7657 6.5831 -9999 -9999 -9999
-9999 -9999 6.4341 7.5426 7.5426 7.5426 7.9196 6.6592 6.6592 -9999 -9999
-9999 -9999 6.5868 7.6953 7.6953 7.6953 8.0723 7.7468 7.4171 7.0683 -9999
-9999 -9999 6.7241 7.8326 7.8326 7.8326 8.2096 7.7468 7.4171 7.0683 6.3109
-9999 -9999 6.8608 7.6463 7.6463 7.9194 8.3463 7.7468 7.4171 7.0683 6.3109
-9999 -9999 6.8277 6.8277 7.7775 8.0535 8.4803 7.7468 7.4171 7.0683 6.3109
-9999 -9999 6.7097 6.7097 7.6535 8.1852 8.612 7.7468 7.4171 7.0683 -9999
-9999 -9999 6.0652 6.6525 7.7834 7.7834 8.7418 8.0336 7.4171 7.0683 -9999
-9999 -9999 4.88 6.9085 7.9105 7.9105 8.2602 7.4249 6.8084 -9999 -9999
-9999 -9999 4.9664 7.0347 8.0367 8.0367 8.0367 7.219 6.4587 -9999 -9999
-9999 -9999 5.0907 7.159 8.161 8.161 8.161 7.3435 -9999 -9999 -9999
-9999 -9999 5.2131 7.2814 8.2834 8.2834 8.2834 7.3879 -9999 -9999 -9999
-9999 -9999 5.334 7.4023 8.4043 8.4043 8.4043 7.5086 -9999 -9999 -9999
-9999 -9999 5.4534 7.5217 8.3834 8.3834 8.3834 7.5656 6.67 -9999 -9999
-9999 -9999 5.5712 7.6394 8.0382 8.0382 8.0382 7.2196 -9999 -9999 -9999
-9999 -9999 5.6873 7.7556 8.1543 8.1543 8.1543 7.2196 -9999 -9999 -9999
-9999 -9999 5.8031 7.8714 8.2702 8.2702 8.2702 7.8259 -9999 -9999 -9999
-9999 -9999 13.061 13.431 15.436 17.904 17.904 17.35 16.89 -9999 -9999
-9999 -9999 17.156 17.156 21.656 29.277 29.277 28.162 27.702 -9999 -9999
-9999 -9999 17.713 17.713 22.212 29.833 29.833 28.162 27.702 27.198 -9999
-9999 -9999 18.266 18.266 22.765 30.386 30.386 28.162 27.702 27.198 -9999
-9999 -9999 18.815 18.815 23.314 30.936 30.936 28.162 27.702 27.198 -9999
-9999 -9999 19.361 19.361 23.861 -9999 -9999 -9999 27.702 27.198 -9999
-9999 -9999 19.904 19.904 24.403 -9999 -9999 -9999 -9999 -9999 -9999
-9999 -9999 20.444 20.444 24.943 -9999 -9999 -9999 -9999 -9999 -9999
-9999 -9999 21.519 21.519 26.018 -9999 -9999 -9999 -9999 -9999 -9999
-9999 -9999 21.519 21.519 26.019 -9999 -9999 -9999 -9999 -9999 -9999
-9999 -9999 20.947 20.947 20.947 -9999 -9999 -9999 -9999 -9999 -9999
-9999 -9999 20.368 20.368 -9999 -9999 -9999 -9999 -9999 -9999 -9999
19.793 19.793 19.793 19.793 -9999 -9999 -9999 -9999 -9999 -9999 -9999
19.223 19.223 19.223 19.223 -9999 -9999 -9999 -9999 -9999 -9999 -9999
