outputs_txt/Phd_CSDMS_200k_ky_05_03_2024/Basin_8_RLF_1000.txt
ncols         17
nrows         48
xllcorner     6600.000000
yllcorner     0.000000
cellsize      200
NODATA_value  -9999
5.5575 5.9279 6.2725 6.5959 6.9022 7.1077 5.7745 5.7745 5.7745 5.7745 7.7997 9.4035 9.5348 9.5348 8.5666 7.6801 6.6472
5.5575 5.9279 6.2725 6.5959 6.9022 7.6159 7.6159 7.4831 6.2924 5.986 8.0113 9.615 9.7464 9.7464 8.7105 7.6801 -9999
5.5575 5.9279 6.2725 6.5959 6.9022 8.0553 8.0553 7.6873 6.4966 6.1903 8.2155 9.8193 9.9506 9.9506 8.7105 7.6801 -9999
5.5575 5.9279 6.2725 6.5959 6.9022 8.2559 8.2559 7.8878 6.6971 6.3908 8.416 10.02 10.151 10.151 9.3673 -9999 -9999
-9999 5.9279 6.8011 6.8011 6.9022 8.4472 8.4472 8.0792 6.8885 6.5821 8.6074 10.211 10.342 10.342 9.3673 -9999 -9999
-9999 -9999 7.2878 7.2878 7.2878 8.6339 8.6339 8.2658 7.0752 6.7688 8.7941 10.398 10.398 10.398 -9999 -9999 -9999
-9999 -9999 7.7752 8.0942 8.0942 8.816 8.816 8.4479 7.2573 6.9509 8.9761 10.58 10.58 10.58 -9999 -9999 -9999
-9999 -9999 7.7752 8.4066 8.7027 8.9962 8.9962 8.6281 7.4375 7.1311 9.1563 9.1563 9.1563 9.1563 -9999 -9999 -9999
-9999 7.3436 7.7752 8.4066 8.7027 9.1463 9.1463 8.7782 7.5875 7.2812 9.3064 9.3064 9.3064 9.3064 -9999 -9999 -9999
-9999 7.3436 7.7752 8.4066 8.7027 9.2947 9.2947 8.9266 7.736 7.401 7.401 7.401 7.401 7.401 -9999 -9999 -9999
6.8809 7.3436 7.7752 8.4066 8.7027 9.4396 9.4396 8.2472 6.8254 7.5459 7.5459 7.5459 7.5459 7.5459 -9999 -9999 -9999
-9999 6.9423 7.3739 8.0053 8.3353 9.1797 9.1797 8.3885 6.9668 7.4907 7.4907 7.4907 7.4907 7.4907 -9999 -9999 -9999
-9999 -9999 7.0957 7.7271 8.1928 9.0397 9.0397 8.5267 7.1049 7.6289 7.6289 7.6289 7.6289 7.6289 -9999 -9999 -9999
-9999 -9999 7.0957 7.7271 8.3213 9.1747 9.1747 8.6617 7.24 7.7639 7.7639 7.7639 7.7639 -9999 -9999 -9999 -9999
-9999 -9999 -9999 7.7271 8.4288 9.3069 9.3069 8.7939 7.3722 7.8961 7.8961 7.8961 7.8961 -9999 -9999 -9999 -9999
-9999 -9999 -9999 7.7271 8.5131 9.4364 9.4364 8.9234 7.5017 7.4833 7.4833 7.4833 7.4833 -9999 -9999 -9999 -9999
-9999 -9999 -9999 7.5843 8.6382 9.5637 9.5637 9.0507 7.6289 7.6105 7.6105 7.6105 7.6105 -9999 -9999 -9999 -9999
-9999 -9999 -9999 7.6869 8.7581 9.6888 9.6888 9.1757 7.754 5.783 5.783 5.783 5.783 -9999 -9999 -9999 -9999
-9999 -9999 -9999 7.1739 8.2451 9.2987 9.2987 9.2987 7.8028 6.0748 5.7597 5.7597 5.7597 -9999 -9999 -9999 -9999
-9999 -9999 -9999 7.8722 8.6469 9.3554 9.3554 9.3554 7.9254 6.1975 5.7395 5.7395 5.7395 -9999 -9999 -9999 -9999
-9999 -9999 -9999 -9999 8.5427 9.3703 9.3703 9.3703 8.0446 6.3166 5.7189 5.7189 5.7189 -9999 -9999 -9999 -9999
-9999 -9999 -9999 -9999 8.401 9.3461 9.3461 9.3461 8.1619 6.434 5.6995 5.6995 5.6995 -9999 -9999 -9999 -9999
-9999 -9999 -9999 -9999 8.287 9.3136 9.3136 9.3136 8.2777 6.5498 5.7998 5.7998 5.7998 -9999 -9999 -9999 -9999
-9999 -9999 -9999 -9999 7.887 8.913 8.913 8.913 8.392 6.6641 5.9141 5.9141 5.9141 -9999 -9999 -9999 -9999
-9999 -9999 -9999 -9999 7.4794 8.5048 8.5048 8.5048 8.5048 6.7769 6.0269 6.0269 6.0269 -9999 -9999 -9999 -9999
-9999 -9999 -9999 -9999 -9999 8.6163 8.6163 8.6163 8.6163 6.8883 6.1384 6.1384 6.1384 -9999 -9999 -9999 -9999
-9999 -9999 -9999 -9999 -9999 8.7263 8.7263 8.7263 8.7263 6.9984 6.2484 6.2484 6.2484 -9999 -9999 -9999 -9999
-9999 -9999 -9999 -9999 -9999 8.1334 8.1334 8.1334 8.1334 6.4556 5.4765 5.4765 5.4765 -9999 -9999 -9999 -9999
-9999 -9999 -9999 -9999 -9999 8.2408 8.2408 8.2408 8.2408 6.5631 5.584 5.584 5.584 -9999 -9999 -9999 -9999
-9999 -9999 -9999 -9999 -9999 6.6694 6.6694 6.6694 6.6694 6.6694 5.5721 5.5721 5.5721 -9999 -9999 -9999 -9999
-9999 -9999 -9999 -9999 -9999 6.6651 6.6651 6.6651 6.6651 6.6651 5.5589 5.5589 5.5589 -9999 -9999 -9999 -9999
-9999 -9999 -9999 -9999 -9999 6.6707 6.6707 6.6707 6.6707 6.6707 5.5462 5.5462 5.5462 -9999 -9999 -9999 -9999
-9999 -9999 -9999 -9999 -9999 6.6766 6.6766 6.6766 6.6766 6.6766 5.5338 5.5338 5.5338 -9999 -9999 -9999 -9999
-9999 -9999 -9999 -9999 -9999 6.6931 6.6931 6.6931 6.6931 6.6931 5.5224 5.5224 5.5224 -9999 -9999 -9999 -9999
-9999 -9999 -9999 -9999 -9999 15.381 15.381 15.381 15.575 15.575 15.575 15.575 15.575 -9999 -9999 -9999 -9999
-9999 -9999 -9999 -9999 -9999 22.907 22.907 22.907 22.907 22.907 22.907 22.902 22.902 -9999 -9999 -9999 -9999
-9999 -9999 -9999 -9999 21.685 23.402 23.402 23.402 23.402 23.402 23.402 23.397 23.397 -9999 -9999 -9999 -9999
-9999 -9999 -9999 -9999 21.685 23.893 23.893 23.893 23.893 23.893 23.893 23.887 23.887 -9999 -9999 -9999 -9999
-9999 -9999 -9999 -9999 -9999 24.378 24.378 24.378 24.378 24.378 24.378 24.373 24.373 -9999 -9999 -9999 -9999
-9999 -9999 -9999 -9999 -9999 -9999 24.858 24.858 24.858 24.858 24.858 24.853 24.853 -9999 -9999 -9999 -9999
-9999 -9999 -9999 -9999 -9999 -9999 25.334 25.334 25.334 25.334 25.334 25.329 25.329 -9999 -9999 -9999 -9999
-9999 -9999 -9999 -9999 -9999 -9999 25.808 25.808 25.808 25.808 25.808 25.803 25.803 -9999 -9999 -9999 -9999
-9999 -9999 -9999 -9999 -9999 -9999 26.281 26.281 26.281 26.281 26.281 26.276 26.276 -9999 -9999 -9999 -9999
-9999 -9999 -9999 -9999 -9999 -9999 -9999 26.754 26.754 26.754 26.754 26.748 26.748 -9999 -9999 -9999 -9999
-9999 -9999 -9999 -9999 -9999 -9999 -9999 26.265 26.265 26.265 26.265 -9999 -9999 -9999 -9999 -9999 -9999
-9999 -9999 -9999 -9999 -9999 -9999 -9999 -9999 25.755 25.755 25.755 -9999 -9999 -9999 -9999 -9999 -9999
-9999 -9999 -9999 -9999 -9999 -9999 -9999 -9999 25.277 25.277 -9999 -9999 -9999 -9999 -9999 -9999 -9999
-9999 -9999 -9999 -9999 -9999 -9999 -9999 -9999 24.782 24.782 -9999 -9999 -9999 -9999 -9999 -9999 -9999
