outputs_txt/Phd_CSDMS_200k_ky_05_03_2024/Basin_9_RLF_1000.txt
ncols         6
nrows         48
xllcorner     9200.000000
yllcorner     0.000000
cellsize      200
NODATA_value  -9999
-9999 -9999 -9999 -9999 3.9007 -9999
-9999 -9999 -9999 4.8861 4.8861 4.8861
-9999 -9999 -9999 5.3366 5.3366 5.3366
-9999 -9999 5.8749 5.8749 5.8749 -9999
-9999 -9999 6.5042 6.5042 6.5042 6.5042
-9999 6.814 6.814 6.814 6.814 6.814
-9999 6.3253 6.3253 6.3253 6.3253 6.3253
-9999 5.9605 5.9605 5.9605 5.9605 5.9605
-9999 5.6745 5.6745 5.6745 5.6745 5.6745
-9999 5.8918 5.8918 5.8918 5.8918 -9999
-9999 6.1374 6.1374 6.1374 6.1374 -9999
-9999 6.3504 6.3504 6.3504 6.3504 6.3504
-9999 5.1896 5.1896 5.1896 5.1896 -9999
5.4048 5.4048 5.4048 5.4048 5.4048 -9999
5.6155 5.6155 5.6155 5.6155 5.6155 5.6155
5.0287 5.7607 5.7607 5.7607 5.7607 5.7607
5.2251 5.5014 5.5014 5.5014 5.5014 5.5014
5.416 5.6923 5.6923 5.6923 5.6923 -9999
4.9641 5.8781 5.8781 5.8781 5.8781 5.8781
4.9156 6.0592 6.0592 6.0592 6.0592 6.0592
4.9585 6.0201 6.0201 6.0201 6.0201 6.0201
5.1311 5.5651 5.5651 5.5651 5.5651 5.5651
4.7937 5.7339 5.7339 5.7339 5.7339 5.7339
4.7595 5.8992 5.8992 5.8992 5.8992 5.8992
4.7278 5.8737 5.8737 5.8737 5.8737 5.8737
4.6984 6.0325 6.0325 6.0325 6.0325 6.0325
4.6717 6.1883 6.1883 6.1883 6.1883 6.1883
4.6441 6.3413 6.3413 6.3413 6.3413 6.3413
4.6197 5.5876 5.5876 5.5876 5.5876 5.5876
4.5978 5.7363 5.7363 5.7363 5.7363 5.7363
4.5775 5.7175 5.7175 5.7175 5.7175 -9999
4.5586 5.6986 5.6986 5.6986 5.6986 -9999
4.5412 5.6811 5.6811 5.6811 5.6811 -9999
4.525 5.6648 5.6648 5.6648 5.6648 -9999
13.553 13.553 13.553 13.553 13.553 -9999
16.924 22.605 22.605 22.605 22.605 -9999
17.608 23.289 23.289 23.289 23.289 -9999
18.283 23.964 23.964 23.964 23.964 -9999
18.951 24.632 24.632 24.632 24.632 -9999
19.614 25.295 25.295 25.295 25.295 25.295
20.271 25.952 25.952 25.952 25.952 25.952
20.925 26.606 26.606 26.606 26.606 26.606
21.579 27.26 27.26 27.26 27.26 -9999
22.234 27.915 27.915 27.915 27.915 -9999
21.572 27.271 27.271 27.271 -9999 -9999
-9999 26.646 26.646 26.646 -9999 -9999
-9999 20.255 20.255 -9999 -9999 -9999
-9999 19.607 19.607 -9999 -9999 -9999
