outputs_txt/Phd_CSDMS_200k_ky_05_03_2024/Basin_4_DEM.txt
ncols         14
nrows         48
xllcorner     1600.000000
yllcorner     0.000000
cellsize      200
NODATA_value  -9999
16.01 14.54 14.196 13.583 13.06 12.597 12.776 11.021 12.445 14.516 14.791 17.04 -32768 -32768
15.628 13.526 12.762 12.154 11.634 11.172 10.753 10.351 11.773 13.824 13.344 15.447 -32768 -32768
17.746 15.628 14.828 14.202 13.671 13.201 12.037 10.021 12.036 12.867 12.334 14.392 -32768 -32768
-32768 16.903 15.316 14.263 13.421 12.698 11.717 9.7032 10.26 10.841 11.512 13.552 -32768 -32768
-32768 14.665 13.217 12.207 11.385 10.673 10.038 9.4327 11.444 12.865 13.55 -32768 -32768 -32768
16.303 15.004 13.949 13.169 12.523 11.959 11.198 9.1895 10.348 11.771 13.831 -32768 -32768 -32768
15.005 12.909 11.899 11.137 10.501 9.9435 9.4413 8.9547 10.112 11.533 13.586 -32768 -32768 -32768
-32768 15.004 13.952 13.17 12.523 11.958 10.755 8.7481 9.7497 10.909 12.336 -32768 -32768 -32768
-32768 -32768 15.164 13.039 11.608 10.447 9.4437 8.5476 9.5496 10.709 12.134 14.213 -32768 -32768
-32768 -32768 14.956 12.843 11.414 10.254 9.2518 8.3566 10.362 11.761 12.177 14.251 -32768 -32768
-32768 -32768 13.492 12.053 10.891 9.8861 8.9891 8.1713 8.9285 9.7477 10.753 12.786 -32768 -32768
-32768 -32768 14.544 13.062 12.04 11.211 9.9996 7.9965 8.997 10.154 11.576 13.635 -32768 -32768
-32768 -32768 12.456 11.027 10.021 9.2017 8.4928 7.8253 8.8259 9.9831 11.405 13.462 -32768 -32768
-32768 -32768 14.221 12.143 10.718 9.5587 8.5571 7.6625 8.6628 9.8198 11.241 13.292 -32768 -32768
-32768 14.183 12.724 12.398 12.102 10.078 8.6605 7.5048 8.5048 9.6613 11.082 13.13 -32768 -32768
14.185 12.722 10.69 10.37 10.474 10.021 9.3508 7.3509 8.0548 9.2106 10.63 12.669 -32768 -32768
12.996 10.953 9.5303 8.9512 8.4649 8.0165 7.5985 7.1978 7.0553 8.2106 9.6288 11.653 -32768 -32768
13.832 11.773 10.35 10.37 10.474 10.022 9.6005 8.9135 6.9156 8.0701 9.4872 11.509 -32768 -32768
-32768 13.558 11.512 12.398 12.383 10.352 8.9335 7.7775 6.7774 7.9318 9.3487 11.369 -32768 -32768
-32768 -32768 13.561 13.17 11.116 9.6936 8.5363 7.5358 6.6419 7.7964 9.2139 11.232 -32768 -32768
-32768 -32768 -32768 13.034 10.981 9.5599 8.4031 7.4029 6.5092 7.9231 9.9296 11.102 -32768 -32768
-32768 -32768 -32768 12.901 10.851 9.4291 8.2724 7.2723 6.3786 7.5361 9.5394 9.4107 11.31 -32768
-32768 -32768 -32768 13.422 11.51 9.4867 8.0683 7.0668 6.2498 6.1228 8.1235 8.3237 10.264 -32768
-32768 -32768 13.422 11.38 11.563 10.978 10.072 9.0687 7.9934 5.9966 7.9941 7.4556 8.8422 10.825
-32768 -32768 11.643 10.219 9.5493 8.9696 8.4336 9.288 7.2856 5.8711 7.6177 6.7575 8.157 10.149
-32768 14.913 12.805 11.378 11.561 9.9206 7.9161 9.1644 7.1621 5.7464 5.6224 6.1568 7.5662 9.5661
-32768 12.993 11.813 11.622 10.86 8.8472 7.43 9.4315 8.9159 6.9149 5.5021 6.6557 8.0703 10.078
12.991 10.952 9.7917 9.6034 9.5872 8.9945 6.9926 8.9933 8.7999 6.7972 5.3831 6.5372 7.9524 9.9606
12.343 10.314 8.8945 8.186 7.5825 8.5808 6.5834 7.9103 8.6803 6.68 5.2653 6.4195 7.8346 9.8423
12.398 10.361 8.9406 7.7836 7.0267 6.5997 6.1905 5.9104 7.9093 7.147 5.1487 6.303 7.718 9.7252
-32768 12.388 10.356 8.9388 9.027 8.5988 7.6355 5.6376 7.6351 7.0316 5.0329 6.1873 7.6024 9.6091
13.169 11.381 9.3598 7.9448 8.3027 7.876 7.3692 5.3721 6.897 6.6876 4.9181 6.0726 7.4877 9.4939
11.398 9.3636 7.9453 6.7889 6.3033 5.8762 5.4833 5.1111 4.9 4.6908 4.804 5.9594 7.3753 9.3823
12.047 9.9944 8.5772 7.4217 7.4577 7.2905 6.8982 7.1096 6.5875 4.5915 5.5909 6.7452 8.1604 10.169
-32768 11.679 9.6539 8.2397 8.8733 9.2942 8.899 7.9072 5.9078 4.4928 5.4929 6.6479 8.0638 10.073
-32768 12.834 10.803 9.3949 10.886 9.9808 7.969 6.5526 5.3961 4.3949 5.3958 6.5513 7.9673 9.9754
-32768 -32768 11.325 9.2941 8.9483 8.2429 7.6488 7.124 6.2904 4.2982 6.2206 7.4019 8.2294 9.3354
-32768 -32768 8.9892 7.676 6.8514 6.1736 5.609 5.1039 4.6447 4.2015 4.8092 5.447 6.2116 7.232
-32768 -32768 23.893 20.413 17.642 18.196 18.134 15.601 13.309 4.1096 13.217 15.538 17.611 17.658
-32768 -32768 32.733 -32768 -32768 27.035 26.469 16.543 9.4407 3.6413 9.44 16.539 26.504 32.31
-32768 -32768 -32768 -32768 -32768 -32768 26.047 16.096 8.9711 3.1786 8.9711 16.096 26.079 -32768
-32768 -32768 -32768 -32768 -32768 -32768 -32768 19.79 9.8085 2.7195 9.8086 19.799 -32768 -32768
-32768 -32768 -32768 -32768 -32768 -32768 -32768 19.348 9.3544 2.2618 9.3544 19.341 -32768 -32768
-32768 -32768 -32768 -32768 -32768 -32768 -32768 18.879 8.897 1.8064 8.897 18.861 -32768 -32768
-32768 -32768 -32768 -32768 -32768 -32768 -32768 18.424 8.4547 1.3533 8.4546 18.392 -32768 -32768
-32768 -32768 -32768 -32768 -32768 -32768 -32768 -32768 10.862 0.90297 10.862 -32768 -32768 -32768
-32768 -32768 -32768 -32768 -32768 -32768 -32768 -32768 -32768 0.45207 -32768 -32768 -32768 -32768
-32768 -32768 -32768 -32768 -32768 -32768 -32768 -32768 -32768 0.00098872 -32768 -32768 -32768 -32768
