outputs_txt/Phd_CSDMS_200k_ky_05_03_2024/Basin_14_DEM.txt
ncols         22
nrows         48
xllcorner     13400.000000
yllcorner     0.000000
cellsize      200
NODATA_value  -9999
-32768 14.984 13.508 12.488 11.658 10.941 11.241 10.798 10.392 10.016 9.6577 9.5264 10.696 12.135 14.253 13.558 12.112 14.199 14.563 15.625 16.532 -32768
-32768 16.078 13.834 12.381 11.207 10.299 9.8078 9.3657 8.9608 8.5851 8.2278 8.8113 9.9804 11.417 13.506 13.342 11.283 13.262 13.099 14.123 15.029 -32768
-32768 15.99 13.73 14.105 13.267 12.343 11.845 11.399 10.99 9.9563 7.9334 9.9553 11.268 11.686 13.782 12.613 10.565 11.206 11.924 12.941 -32768 -32768
-32768 14.392 12.245 11.98 12.017 11.496 11.021 10.582 10.172 9.6683 7.6475 8.4106 9.2365 10.25 12.302 12.153 10.113 11.545 13.622 14.91 -32768 -32768
15.157 12.76 11.207 10.521 9.9534 9.4442 8.9784 8.5465 8.1419 7.7598 7.3846 8.3938 9.5612 10.995 13.072 11.737 9.7004 10.867 12.306 14.425 -32768 -32768
-32768 14.857 12.681 12.601 12.017 11.497 11.021 10.582 10.17 9.1937 7.1756 9.1943 10.583 11.003 13.076 11.358 9.3254 10.335 11.504 12.949 15.117 -32768
-32768 15.612 14.514 13.29 12.365 12.497 12.012 11.564 10.427 8.3969 6.9693 7.732 8.5572 9.57 11.611 11.011 8.9843 9.9927 11.161 12.602 14.749 -32768
-32768 14.517 12.399 11.225 10.319 10.443 9.9655 9.5247 10.227 8.2005 6.7734 7.9379 9.3661 11.407 12.142 10.097 8.6693 9.6771 10.844 12.283 14.412 -32768
-32768 13.719 11.632 10.459 9.5535 9.0126 8.5353 8.0939 10.116 8.6001 6.5829 8.5985 9.5485 11.59 11.848 9.8055 8.3783 9.3857 10.552 11.989 14.104 -32768
-32768 14.834 13.714 12.508 11.59 11.04 9.711 7.6891 9.7107 8.4127 6.3946 7.2178 8.121 9.5528 11.595 10.128 8.1066 9.1137 10.28 11.716 13.82 -32768
-32768 14.273 12.362 11.987 11.954 9.9055 8.4741 7.3068 9.3263 8.2299 6.2128 7.376 8.8034 10.837 11.31 9.2751 7.8484 9.0113 10.44 12.5 -32768 -32768
-32768 11.851 10.207 9.9197 9.9675 9.4795 8.9728 6.955 8.3738 8.0476 6.0345 7.4594 9.4825 10.923 11.123 9.6214 7.6022 8.7649 10.193 12.248 -32768 -32768
-32768 11.234 9.1556 8.4712 7.927 7.4489 7.0177 6.6137 6.3576 6.1073 5.8589 7.2839 9.3045 8.8906 9.0883 9.3805 7.3645 8.5278 9.9559 12.004 -32768 -32768
-32768 12.436 10.351 9.9192 9.3672 8.8835 8.4487 8.6341 8.374 7.7282 5.7169 7.1421 9.1591 7.4642 7.6621 8.7142 7.1347 9.1489 10.031 10.752 11.773 -32768
-32768 13.794 12.436 11.984 11.418 10.925 10.483 10.191 8.165 6.7392 5.5761 7.5896 8.3143 6.3003 6.499 6.7019 6.9076 7.4284 8.0108 8.7244 9.7359 11.777
-32768 13.61 11.939 11.475 10.928 10.459 10.045 10.05 8.0253 6.5999 5.437 7.4507 8.1191 6.1063 8.1172 8.716 8.925 8.8541 9.4369 10.153 11.777 13.435
-32768 11.938 9.887 9.433 8.8932 8.43 8.0185 8.228 7.863 7.3093 5.2996 7.3128 7.9268 5.9148 7.0784 8.5039 10.531 10.884 11.473 12.204 13.437 -32768
-32768 10.754 8.7204 8.0066 7.4676 7.0049 6.5933 6.2121 5.8497 5.5037 5.1629 7.1728 7.3828 5.7276 7.7383 8.4717 9.0149 9.6547 9.8875 11.936 -32768 -32768
-32768 11.937 9.8868 9.1706 8.8929 8.4305 8.6104 8.2267 7.8615 7.046 5.0367 5.2042 5.3723 5.5419 5.982 6.4574 6.9966 7.6346 8.4588 10.488 -32768 -32768
-32768 12.931 11.941 10.603 10.926 10.46 10.562 8.5332 7.1075 5.9437 4.9363 6.9448 7.3842 7.5566 7.4066 7.8818 8.4214 9.0604 9.8869 11.476 -32768 -32768
-32768 -32768 13.7 12.672 11.524 10.503 9.6744 8.9566 8.3153 6.8484 4.8366 5.9996 7.4237 9.4426 9.4297 9.906 10.449 11.095 11.935 -32768 -32768 -32768
-32768 -32768 13.004 10.922 9.4869 8.4769 7.6535 6.9411 6.3041 6.7478 4.7375 6.7465 7.3842 8.8096 10.842 10.466 10.248 11.015 11.929 13.123 -32768 -32768
-32768 -32768 14.088 12.281 10.219 8.7906 7.6281 6.622 5.7223 6.646 4.6386 5.3996 6.2224 7.6491 9.671 8.4415 8.2263 8.988 9.8905 11.059 13.126 -32768
-32768 -32768 12.658 10.579 9.1441 7.9784 6.9705 6.0696 5.2476 4.8917 4.5408 5.702 7.125 9.1431 9.0317 7.0168 7.5546 8.5612 9.7248 11.155 13.24 -32768
-32768 -32768 -32768 12.5 10.43 9.001 7.8381 6.8313 6.0091 6.4541 4.4473 5.6088 7.0334 9.0517 8.5555 6.5416 7.441 8.4472 9.6106 11.041 13.125 -32768
-32768 -32768 12.162 11.104 9.8519 8.9194 9.1327 8.8444 7.7887 5.778 4.354 5.7772 7.7893 8.3559 8.1503 6.1385 7.0381 8.0446 9.2081 10.639 -32768 -32768
-32768 -32768 11.09 8.9704 7.784 6.8756 7.1002 7.2872 6.9024 6.2693 4.2614 6.2688 6.6741 6.3412 7.1887 5.7822 6.7879 7.9496 9.3744 11.413 -32768 -32768
-32768 -32768 10.784 8.7203 7.2798 6.1114 5.6716 5.2683 4.8872 4.525 4.1687 4.415 4.6632 4.9171 5.1795 5.4509 6.351 7.3575 8.5204 9.9483 12.001 -32768
-32768 -32768 11.039 8.925 7.4683 6.7508 7.6945 7.2864 6.9 6.0923 4.085 6.0924 6.6742 6.9289 6.6023 6.0326 6.6694 7.3816 8.2043 9.2117 11.23 -32768
-32768 -32768 11.844 9.6119 8.3878 8.798 9.6114 7.5922 6.169 5.0072 4.001 5.4248 7.4365 8.3141 8.615 8.0452 8.6804 9.3879 10.205 10.627 12.637 -32768
-32768 -32768 -32768 11.891 10.52 10.441 8.4108 6.985 5.823 4.8171 3.9178 5.9252 6.5237 6.2924 7.2666 7.6734 8.1206 8.7273 9.4402 10.314 11.69 -32768
-32768 -32768 11.629 11.534 10.768 9.7564 8.0915 6.8095 5.7122 4.7299 3.8349 4.1709 4.5117 4.8679 5.249 5.6521 6.0918 6.674 7.3465 8.1724 10.344 -32768
-32768 -32768 11.31 8.7508 8.2555 8.0972 7.5069 6.9971 6.529 5.7619 3.7551 5.7619 6.5221 6.8823 7.2675 7.0769 6.853 8.7079 9.4357 9.361 11.671 -32768
-32768 -32768 9.7232 7.347 6.5569 5.9448 5.409 4.9272 4.4853 4.0745 3.675 4.6812 5.8429 7.2655 9.2831 9.1197 7.6772 8.6914 10.175 11.651 12.911 -32768
-32768 -32768 11.284 8.7788 8.6857 8.0979 7.5067 6.9966 6.5282 5.604 3.5972 4.4964 5.502 6.6635 8.0883 10.119 9.7633 10.858 12.517 -32768 -32768 -32768
-32768 -32768 11.475 11.561 10.937 8.929 7.4648 6.2879 5.2727 4.3632 3.5196 4.2803 5.1021 6.0024 7.01 8.1795 9.6429 11.905 -32768 -32768 -32768 -32768
-32768 -32768 -32768 10.193 8.8955 8.0191 7.3384 6.7748 6.2712 5.4458 3.443 5.441 6.2304 6.7138 7.2487 7.8857 8.6632 9.6704 11.26 -32768 -32768 -32768
-32768 -32768 -32768 7.969 6.7271 5.9081 5.2721 4.7344 4.2473 3.8001 3.3662 3.7749 4.1977 4.6571 5.1606 5.7436 6.4452 7.3759 8.8334 -32768 -32768 -32768
-32768 -32768 -32768 18.921 18.993 18.335 16.985 16.211 14.408 12.43 3.2933 12.542 14.784 17.24 16.668 17.375 19.753 21.388 20.116 -32768 -32768 -32768
-32768 -32768 -32768 -32768 25.407 31.697 30.029 22.097 14.508 8.3769 2.9197 8.7419 15.863 25.814 28.041 22.99 29.087 -32768 -32768 -32768 -32768 -32768
-32768 -32768 -32768 -32768 -32768 -32768 -32768 25.462 15.47 8.3555 2.5502 8.3614 15.501 25.486 -32768 -32768 -32768 -32768 -32768 -32768 -32768 -32768
-32768 -32768 -32768 -32768 -32768 -32768 -32768 25.093 15.126 7.9903 2.1825 8.4875 17.427 28.176 -32768 -32768 -32768 -32768 -32768 -32768 -32768 -32768
-32768 -32768 -32768 -32768 -32768 -32768 -32768 -32768 18.911 8.92 1.8167 8.9246 18.937 -32768 -32768 -32768 -32768 -32768 -32768 -32768 -32768 -32768
-32768 -32768 -32768 -32768 -32768 -32768 -32768 -32768 18.54 8.5554 1.4517 8.5555 18.553 -32768 -32768 -32768 -32768 -32768 -32768 -32768 -32768 -32768
-32768 -32768 -32768 -32768 -32768 -32768 -32768 -32768 18.152 8.1991 1.0881 8.1992 18.179 -32768 -32768 -32768 -32768 -32768 -32768 -32768 -32768 -32768
-32768 -32768 -32768 -32768 -32768 -32768 -32768 -32768 -32768 10.695 0.72625 10.695 -32768 -32768 -32768 -32768 -32768 -32768 -32768 -32768 -32768 -32768
-32768 -32768 -32768 -32768 -32768 -32768 -32768 -32768 -32768 -32768 0.3636 9.866 -32768 -32768 -32768 -32768 -32768 -32768 -32768 -32768 -32768 -32768
-32768 -32768 -32768 -32768 -32768 -32768 -32768 -32768 -32768 -32768 0.00045557 0.00045797 -32768 -32768 -32768 -32768 -32768 -32768 -32768 -32768 -32768 -32768
