outputs_txt/Phd_CSDMS_200k_ky_05_03_2024/Basin_10_RLF_1000.txt
ncols         10
nrows         48
xllcorner     10200.000000
yllcorner     0.000000
cellsize      200
NODATA_value  -9999
8.3114 8.3114 8.3114 8.3114 8.3114 6.6666 6.6666 6.6666 6.6666 6.2849
-9999 8.5876 8.5876 8.5876 8.5876 6.9427 6.9427 6.9427 6.9427 6.2849
-9999 8.8453 8.8453 8.8453 8.8453 7.2005 7.2005 7.2005 7.2005 6.2849
9.0879 9.0879 9.0879 9.0879 9.0879 7.443 7.443 7.443 7.443 -9999
-9999 9.3175 9.3175 9.3175 9.3175 7.6727 7.6727 7.6727 7.6727 -9999
-9999 7.6264 7.6264 7.6264 7.6264 7.8914 7.8914 7.8914 7.8914 -9999
-9999 7.8344 7.8344 7.8344 7.8344 7.4006 7.382 7.382 7.382 -9999
-9999 8.0342 8.0342 8.0342 8.0342 7.1547 7.1547 7.1547 7.1547 -9999
-9999 6.8433 6.8433 6.8433 7.3021 7.3021 7.3021 7.3021 7.3021 -9999
7.0292 7.0292 7.0292 7.0292 7.4879 7.4879 7.4879 7.4879 7.4879 -9999
7.2083 7.2083 7.2083 7.2083 7.4011 7.4011 7.4011 7.4011 -9999 -9999
-9999 7.3822 7.3822 7.3822 7.3822 7.3208 7.3208 7.3208 7.3208 -9999
7.551 7.551 7.551 7.551 7.551 7.2505 7.2505 7.2505 7.2505 -9999
7.7153 7.7153 7.7153 7.7153 7.7153 7.1867 7.1867 7.1867 7.1867 -9999
-9999 7.4825 7.4825 7.4825 7.4825 6.9241 6.9241 6.9241 6.9241 -9999
-9999 7.6387 7.6387 7.6387 7.6387 7.0803 7.0803 7.0803 7.0803 -9999
-9999 7.7916 7.7916 7.7916 7.7916 7.0337 7.0337 7.0337 7.0337 -9999
7.4521 7.4521 7.4521 7.4521 7.4521 6.992 6.992 6.992 6.992 -9999
-9999 7.3266 7.3266 7.3266 7.3266 6.9544 6.9544 6.9544 -9999 -9999
-9999 7.471 7.471 7.471 7.471 6.92 6.92 6.92 -9999 -9999
-9999 7.6128 7.6128 7.6128 7.6128 6.8886 6.8886 6.8886 -9999 -9999
-9999 7.7523 7.7523 7.7523 7.7523 6.8598 6.8598 6.8598 -9999 -9999
-9999 5.8091 5.8091 5.8091 5.8091 5.8091 5.8079 5.8079 -9999 -9999
-9999 5.787 5.787 5.787 5.787 5.787 5.7845 5.7845 -9999 -9999
-9999 5.764 5.764 5.764 5.764 5.764 5.7606 5.7606 -9999 -9999
-9999 5.742 5.742 5.742 5.7649 5.7649 5.7649 5.7649 -9999 -9999
-9999 5.7207 5.7207 5.7207 5.893 5.893 5.893 5.893 -9999 -9999
-9999 5.8372 5.8372 5.8372 6.0198 6.0198 6.0198 6.0198 -9999 -9999
-9999 6.0868 6.0868 6.0868 6.2694 6.2694 6.2694 6.2694 6.1453 -9999
-9999 6.2088 6.2088 6.2088 6.5286 6.5286 6.5286 6.5286 6.2825 -9999
6.3288 6.3288 6.3288 6.3288 6.6485 6.6485 6.6485 6.6485 6.2825 -9999
6.4469 6.4469 6.4469 6.4469 6.7666 6.7666 6.7666 6.7666 6.2825 -9999
6.5631 6.5631 6.5631 6.5631 6.8829 6.8829 6.8829 6.8829 6.2825 -9999
6.6787 6.6787 6.6787 6.6787 6.9984 6.9984 6.9984 6.9984 6.4689 -9999
15.881 15.881 15.881 15.881 16.624 16.624 16.624 16.624 15.984 -9999
17.127 17.127 22.896 28.538 28.538 28.538 28.538 28.538 27.337 -9999
17.68 17.68 23.449 29.091 29.091 29.091 29.091 29.091 27.337 -9999
18.228 18.228 23.997 29.639 29.639 29.639 29.639 29.639 27.337 -9999
18.771 18.771 24.54 30.182 30.182 30.182 30.182 30.182 27.337 -9999
-9999 19.309 25.078 30.72 30.72 30.72 30.72 30.72 -9999 -9999
-9999 19.841 25.61 31.253 31.253 31.253 31.253 -9999 -9999 -9999
-9999 20.372 26.141 31.783 31.783 31.783 31.783 -9999 -9999 -9999
-9999 20.901 26.67 32.312 32.312 32.312 32.312 -9999 -9999 -9999
-9999 21.429 27.198 32.84 32.84 32.84 32.84 -9999 -9999 -9999
-9999 -9999 26.654 26.654 26.654 26.654 -9999 -9999 -9999 -9999
-9999 -9999 26.083 26.083 26.083 -9999 -9999 -9999 -9999 -9999
-9999 -9999 -9999 25.518 -9999 -9999 -9999 -9999 -9999 -9999
-9999 -9999 -9999 24.995 -9999 -9999 -9999 -9999 -9999 -9999
