outputs_txt/Phd_CSDMS_200k_ky_05_03_2024/Basin_8_DEM.txt
ncols         17
nrows         48
xllcorner     6600.000000
yllcorner     0.000000
cellsize      200
NODATA_value  -9999
16.614 14.484 13.469 14.092 13.685 13.318 12.977 12.657 12.353 11.311 11.771 11.412 12.068 12.805 14.042 15.741 18.495
16.194 14.076 12.636 12.649 12.24 11.871 11.529 11.207 10.902 9.851 10.314 10.815 11.848 13.039 14.502 16.711 -32768
15.377 13.392 11.953 11.468 11.057 10.686 10.342 10.018 9.7119 9.4173 10.307 11.317 12.48 13.897 15.968 18.364 -32768
16.069 13.964 12.788 12.65 12.506 12.743 12.398 12.074 11.244 9.1844 10.11 11.14 12.324 13.776 15.934 -32768 -32768
-32768 16.068 14.23 14.094 14.581 14.735 12.638 11.187 9.9969 8.9606 9.9288 11.066 12.454 14.401 16.76 -32768 -32768
-32768 -32768 16.365 16.232 15.041 13.996 13.151 12.271 10.21 8.749 9.7849 10.974 12.425 14.523 -32768 -32768 -32768
-32768 -32768 16.6 14.402 12.953 11.936 11.106 12.066 10.006 8.5448 10.605 11.158 12.607 14.706 -32768 -32768 -32768
-32768 -32768 16.199 14.023 12.576 11.402 10.383 11.865 9.8065 8.3443 9.1281 9.9721 11.427 13.502 -32768 -32768 -32768
-32768 15.793 14.516 14.149 13.028 11.224 9.813 11.853 10.215 8.1529 9.1935 10.423 12.041 14.459 -32768 -32768 -32768
-32768 14.062 12.377 11.797 11.801 11.323 9.3123 10.564 10.029 7.9662 9.0246 10.315 12.073 14.488 -32768 -32768 -32768
14.061 11.945 10.897 10.238 9.7193 9.2566 8.825 8.5059 9.8409 7.7842 9.8443 11.426 12.623 14.51 -32768 -32768 -32768
-32768 14.06 12.105 11.442 11.287 11.326 10.252 8.1936 7.8975 7.604 8.4488 9.3729 10.563 12.626 -32768 -32768 -32768
-32768 -32768 13.605 12.939 13.63 12.468 10.734 9.3675 9.5094 7.4539 8.6457 10.1 12.161 13.968 -32768 -32768 -32768
-32768 -32768 15.921 15.2 13.986 11.896 10.446 9.26 8.2297 7.3054 8.4973 9.9528 12.015 -32768 -32768 -32768 -32768
-32768 -32768 -32768 15.408 12.885 11.222 9.9778 8.9307 8.0041 7.1605 8.3521 9.8075 11.869 -32768 -32768 -32768 -32768
-32768 -32768 -32768 15.342 12.918 11.152 9.8627 8.7966 7.8636 7.0192 8.2103 9.6657 11.726 -32768 -32768 -32768 -32768
-32768 -32768 -32768 15.238 12.957 11.098 9.7622 8.6717 7.7279 6.881 8.0718 9.527 11.586 -32768 -32768 -32768 -32768
-32768 -32768 -32768 15.096 13.058 11.083 9.6877 8.5629 7.5994 6.746 7.9364 9.3912 11.449 -32768 -32768 -32768 -32768
-32768 -32768 -32768 14.948 13.445 11.214 9.688 8.4994 7.4919 6.6138 7.8037 9.2581 11.315 -32768 -32768 -32768 -32768
-32768 -32768 -32768 14.433 13.715 11.322 9.6879 8.4501 7.4076 6.4843 7.6736 9.1275 11.183 -32768 -32768 -32768 -32768
-32768 -32768 -32768 -32768 13.683 11.302 9.6032 8.3364 7.2825 6.357 7.5457 8.9992 11.054 -32768 -32768 -32768 -32768
-32768 -32768 -32768 -32768 13.624 11.306 9.5355 8.2338 7.1626 6.232 7.4208 8.8742 10.929 -32768 -32768 -32768 -32768
-32768 -32768 -32768 -32768 13.912 12.184 10.1 8.6438 8.1592 6.109 8.1605 9.3844 11.434 -32768 -32768 -32768 -32768
-32768 -32768 -32768 -32768 12.74 10.419 8.7374 7.4697 6.6949 5.9864 6.9071 7.9362 9.9892 -32768 -32768 -32768 -32768
-32768 -32768 -32768 -32768 13.21 11.481 9.4478 8.0215 6.8574 5.8673 7.0537 8.504 10.553 -32768 -32768 -32768 -32768
-32768 -32768 -32768 -32768 -32768 11.532 9.418 7.9622 6.777 5.7499 6.9358 8.3861 10.435 -32768 -32768 -32768 -32768
-32768 -32768 -32768 -32768 -32768 11.423 9.3025 7.8454 6.6606 5.6341 6.8193 8.2689 10.317 -32768 -32768 -32768 -32768
-32768 -32768 -32768 -32768 -32768 11.325 9.1906 7.7304 6.5458 5.5198 6.7043 8.1533 10.2 -32768 -32768 -32768 -32768
-32768 -32768 -32768 -32768 -32768 11.228 9.0808 7.6171 6.4324 5.407 6.5908 8.0392 10.085 -32768 -32768 -32768 -32768
-32768 -32768 -32768 -32768 -32768 11.142 8.9757 7.5057 6.3205 5.2956 6.4788 7.9265 9.9713 -32768 -32768 -32768 -32768
-32768 -32768 -32768 -32768 -32768 11.064 8.8752 7.3963 6.2101 5.1855 6.3681 7.8152 9.859 -32768 -32768 -32768 -32768
-32768 -32768 -32768 -32768 -32768 10.996 8.7805 7.2893 6.101 5.0768 6.2587 7.7052 9.7481 -32768 -32768 -32768 -32768
-32768 -32768 -32768 -32768 -32768 10.927 8.6892 7.1843 5.9934 4.9693 6.1506 7.5965 9.6384 -32768 -32768 -32768 -32768
-32768 -32768 -32768 -32768 -32768 10.878 8.6101 7.0834 5.8874 4.863 6.0438 7.489 9.5299 -32768 -32768 -32768 -32768
-32768 -32768 -32768 -32768 -32768 10.826 8.5355 6.9852 5.7829 4.7579 5.9381 7.3828 9.4227 -32768 -32768 -32768 -32768
-32768 -32768 -32768 -32768 -32768 10.767 8.4631 6.8902 5.6805 4.654 5.8336 7.2776 9.3165 -32768 -32768 -32768 -32768
-32768 -32768 -32768 -32768 10.368 9.804 8.6305 7.773 6.5545 4.5512 5.73 7.1728 9.2091 -32768 -32768 -32768 -32768
-32768 -32768 -32768 -32768 9.6818 7.5781 6.5092 5.7217 5.0691 4.4489 5.3672 6.3947 7.8479 -32768 -32768 -32768 -32768
-32768 -32768 -32768 -32768 -32768 19.732 19.228 16.31 13.637 4.35 13.639 16.661 19.925 -32768 -32768 -32768 -32768
-32768 -32768 -32768 -32768 -32768 -32768 26.754 16.843 9.7136 3.8469 9.7137 16.844 26.749 -32768 -32768 -32768 -32768
-32768 -32768 -32768 -32768 -32768 -32768 26.265 16.329 9.1987 3.3515 9.1987 16.329 26.259 -32768 -32768 -32768 -32768
-32768 -32768 -32768 -32768 -32768 -32768 25.755 15.823 8.6987 2.8613 8.6987 15.823 25.75 -32768 -32768 -32768 -32768
-32768 -32768 -32768 -32768 -32768 -32768 25.277 15.345 8.2085 2.3762 8.2037 15.322 25.245 -32768 -32768 -32768 -32768
-32768 -32768 -32768 -32768 -32768 -32768 -32768 19 9.0186 1.896 7.7287 14.85 24.782 -32768 -32768 -32768 -32768
-32768 -32768 -32768 -32768 -32768 -32768 -32768 18.494 8.5494 1.4199 11.403 -32768 -32768 -32768 -32768 -32768 -32768
-32768 -32768 -32768 -32768 -32768 -32768 -32768 -32768 10.934 0.94552 10.897 -32768 -32768 -32768 -32768 -32768 -32768
-32768 -32768 -32768 -32768 -32768 -32768 -32768 -32768 9.8857 0.47251 -32768 -32768 -32768 -32768 -32768 -32768 -32768
-32768 -32768 -32768 -32768 -32768 -32768 -32768 -32768 0.00030045 0.00024536 -32768 -32768 -32768 -32768 -32768 -32768 -32768
