outputs_txt/Phd_CSDMS_200k_ky_05_03_2024/Basin_17_DEM.txt
ncols         13
nrows         48
xllcorner     17000.000000
yllcorner     0.000000
cellsize      200
NODATA_value  -9999
-32768 -32768 -32768 15.666 15.04 14.101 12.659 14.733 13.791 11.735 13.788 12.901 14.985
-32768 -32768 -32768 14.196 13.584 13.881 11.829 13.882 12.948 10.905 12.767 11.992 13.165
-32768 -32768 13.851 13.022 12.41 13.194 11.151 13.194 12.224 10.188 10.729 11.315 12.752
-32768 -32768 12.838 12.007 11.395 12.479 10.565 12.601 11.807 9.7746 10.786 11.956 13.396
-32768 -32768 14.402 12.325 10.888 10.445 10.023 12.055 11.434 9.4057 10.416 11.586 13.025
-32768 -32768 -32768 14.397 12.322 11.722 9.6989 11.728 11.095 9.0693 10.079 11.248 12.685
-32768 -32768 -32768 14.067 11.989 10.555 9.3869 11.414 10.782 8.7582 9.7668 10.936 12.373
-32768 -32768 -32768 13.762 11.692 10.259 9.0925 11.117 10.489 8.4675 9.8938 11.93 13.251
-32768 -32768 -32768 13.474 11.411 9.9779 8.8129 10.835 10.208 8.1884 9.6145 11.647 11.814
-32768 -32768 -32768 13.2 11.143 9.7103 8.5461 10.566 9.9369 7.9196 9.9371 11.283 10.799
-32768 -32768 14.236 12.157 11.749 9.7167 8.2904 10.308 9.6733 7.6578 9.672 9.2576 9.9721
-32768 -32768 12.764 10.721 10.968 10.059 8.0428 9.5926 9.3752 7.4025 9.4125 8.6198 10.047
-32768 -32768 11.741 9.7087 8.9445 8.3366 7.7989 7.5798 7.3642 7.1511 7.6005 8.0617 9.4884
-32768 -32768 -32768 11.738 10.374 9.7634 9.8164 9.5933 9.0075 6.9993 9.0071 9.2238 10.652
-32768 -32768 -32768 -32768 12.414 11.798 11.464 9.433 8.0079 6.8482 7.8522 9.0142 10.443
-32768 -32768 -32768 -32768 12.249 11.337 11.317 9.285 7.8597 6.7007 7.7045 8.867 10.296
-32768 -32768 -32768 11.382 10.212 9.3076 11.332 9.9955 7.9762 6.5564 8.5641 10.007 10.429
-32768 -32768 13.248 11.19 9.7584 8.5936 10.613 9.8511 7.8336 6.4132 7.1716 7.9925 9.0008
-32768 -32768 11.478 10.647 10.032 8.035 9.1478 8.8035 8.2793 6.2739 7.2762 8.4363 9.8621
-32768 -32768 9.4491 8.6242 8.0169 7.4976 7.1369 6.7923 6.4621 6.1363 7.1387 8.2989 9.7252
-32768 12.659 10.617 9.7889 9.4422 9.5137 9.1491 8.8007 8.0153 6.0111 7.014 8.1749 9.6015
-32768 -32768 12.661 11.223 11.475 11.505 9.4742 8.0498 6.8899 5.8871 7.8924 9.3541 10.37
-32768 -32768 -32768 13.283 12.301 10.255 8.8259 7.6641 6.6606 5.7645 6.5225 7.3426 8.3494
-32768 -32768 -32768 13.026 10.961 9.5291 8.365 7.3599 6.4628 5.6449 6.6474 7.8065 9.2306
-32768 -32768 -32768 12.903 10.842 9.4121 8.2487 7.2436 6.3461 5.5276 7.5307 8.1483 9.5727
-32768 -32768 12.708 11.703 9.6673 9.4932 8.8537 8.2927 7.4143 5.4118 6.1696 6.9892 8.4125
-32768 -32768 11.707 9.6703 8.2405 7.4797 6.8438 6.2865 5.7844 5.2976 6.2992 7.4574 8.8804
-32768 -32768 -32768 11.701 9.6669 9.4926 8.8531 8.2918 7.1898 5.1875 6.1892 7.3477 8.7708
-32768 -32768 -32768 12.439 10.389 8.9619 7.8 6.7951 5.8972 5.0781 6.0801 7.2394 8.6627
-32768 -32768 -32768 11.673 9.6308 8.2052 8.4167 7.8572 6.9722 4.9708 6.3885 8.3972 9.0828
-32768 -32768 -32768 9.6373 8.2067 7.0446 6.4096 5.8525 5.3504 4.8637 6.8662 7.9503 7.6597
-32768 -32768 -32768 11.679 9.6305 8.2049 8.4162 7.8564 6.761 4.7596 5.3388 5.9444 6.6545
-32768 -32768 -32768 12.048 9.9666 8.5369 7.3762 6.3725 5.4756 4.6574 6.6581 7.9471 8.0753
-32768 -32768 -32768 10.671 9.2037 8.0341 7.0283 6.1311 5.3131 4.5562 5.5584 6.7169 8.1382
-32768 12.698 12.823 10.576 9.1061 7.9357 6.9293 6.0318 5.2136 4.4566 5.458 6.6157 8.037
12.705 10.281 11.105 10.495 9.8913 9.4415 7.9926 6.6035 5.4249 4.3585 5.3598 6.5174 7.9384
-32768 9.0731 8.7792 8.1584 7.6559 7.5118 7.3068 6.9043 6.258 4.2613 5.2625 6.4195 7.8395
-32768 8.1153 7.3112 6.6718 6.1425 5.684 5.2733 4.8871 4.5222 4.1646 4.8884 5.6827 6.6548
-32768 16.19 18.435 19.112 17.554 18.279 17.668 15.458 13.359 4.0734 13.198 15.657 17.823
-32768 -32768 -32768 27.951 32.892 28.882 26.513 16.55 9.4235 3.6087 8.7781 14.661 21.897
-32768 -32768 -32768 -32768 -32768 -32768 28.686 17.319 9.1502 3.1499 8.9456 16.053 26.048
-32768 -32768 -32768 -32768 -32768 -32768 -32768 19.797 9.7966 2.6942 8.4936 15.624 25.608
-32768 -32768 -32768 -32768 -32768 -32768 -32768 19.325 9.342 2.2411 9.3363 19.333 -32768
-32768 -32768 -32768 -32768 -32768 -32768 -32768 18.849 8.8866 1.7898 8.8867 18.876 -32768
-32768 -32768 -32768 -32768 -32768 -32768 -32768 18.384 8.4464 1.3409 8.4465 18.402 -32768
-32768 -32768 -32768 -32768 -32768 -32768 -32768 -32768 10.857 0.8945 10.857 17.011 -32768
-32768 -32768 -32768 -32768 -32768 -32768 -32768 -32768 9.8678 0.44745 9.8672 7.1091 -32768
-32768 -32768 -32768 -32768 -32768 -32768 -32768 -32768 0.00064875 1.4654e-05 7.2575e-05 0.0005796 -32768
