outputs_txt/Phd_CSDMS_200k_ky_05_03_2024/Basin_10_RLF_2500.txt
ncols         10
nrows         48
xllcorner     10200.000000
yllcorner     0.000000
cellsize      200
NODATA_value  -9999
10.136 10.136 10.136 10.136 10.136 10.136 10.136 10.136 10.136 9.944
-9999 10.322 10.322 10.322 10.322 10.322 10.322 10.322 10.322 10.136
-9999 10.502 10.502 10.502 10.502 10.502 10.502 10.502 10.502 10.322
10.675 10.675 10.675 10.675 10.675 10.675 10.675 10.675 10.675 -9999
-9999 10.844 10.844 10.844 10.844 10.844 10.844 10.844 10.844 -9999
-9999 11.009 11.009 11.009 11.009 11.009 11.009 11.009 11.009 -9999
-9999 11.168 11.168 11.168 11.168 11.168 11.168 11.168 11.168 -9999
-9999 11.324 11.324 11.324 11.324 11.324 11.324 11.324 11.324 -9999
-9999 11.477 11.477 11.477 11.477 11.477 11.477 11.477 11.477 -9999
11.627 11.627 11.627 11.627 11.627 11.627 11.627 11.627 11.627 -9999
11.774 11.774 11.774 11.774 11.774 11.774 11.774 11.774 -9999 -9999
-9999 11.919 11.919 11.919 11.919 11.919 11.919 10.274 10.274 -9999
12.06 12.06 12.06 12.06 12.06 10.416 10.416 10.416 10.416 -9999
10.29 10.29 10.29 10.29 10.29 10.555 10.555 10.555 10.555 -9999
-9999 10.427 10.427 10.427 10.427 10.427 10.427 9.9747 9.9747 -9999
-9999 10.562 10.562 10.562 10.562 9.6826 9.6826 9.6826 9.6826 -9999
-9999 9.5041 9.7701 9.7701 9.7701 9.7701 9.7701 9.7701 9.7701 -9999
9.4416 9.4416 9.6344 9.6344 9.9004 9.9004 9.9004 9.9004 9.9004 -9999
-9999 9.5698 9.5698 9.5698 9.7625 9.7625 9.7625 9.7625 -9999 -9999
-9999 9.6965 9.6965 9.6965 9.6965 9.6965 9.6965 9.6965 -9999 -9999
-9999 9.9461 9.9461 9.9461 9.9461 9.9461 9.9461 9.6456 -9999 -9999
-9999 10.068 10.068 10.068 10.068 9.6757 9.6757 9.6757 -9999 -9999
-9999 9.7957 9.7957 9.7957 9.7957 9.7957 9.7957 9.7957 -9999 -9999
-9999 9.9138 9.9138 9.9138 9.9138 9.9138 9.9138 9.4244 -9999 -9999
-9999 10.03 10.03 10.03 10.03 9.5406 9.5406 9.2721 -9999 -9999
-9999 9.6561 9.6561 9.6561 9.6561 9.3835 9.3835 9.3835 -9999 -9999
-9999 15.881 15.881 15.881 16.624 16.624 16.624 16.624 -9999 -9999
-9999 17.127 22.896 28.538 28.538 28.538 28.538 28.538 -9999 -9999
-9999 29.091 29.091 29.091 29.091 29.091 29.091 29.091 28.538 -9999
-9999 29.639 29.639 29.639 29.639 29.639 29.639 29.639 29.091 -9999
30.182 30.182 30.182 30.182 30.182 30.182 30.182 30.182 29.639 -9999
30.72 30.72 30.72 30.72 30.72 30.72 30.72 30.72 30.182 -9999
31.253 31.253 31.253 31.253 31.253 31.253 31.253 31.253 30.72 -9999
31.783 31.783 31.783 31.783 31.783 31.783 31.783 31.783 31.253 -9999
32.312 32.312 32.312 32.312 32.312 32.312 32.312 32.312 31.783 -9999
32.84 32.84 32.84 32.84 32.84 32.84 32.84 32.84 32.312 -9999
32.84 32.84 32.84 32.84 32.84 32.84 32.84 32.84 32.84 -9999
32.84 32.84 32.84 32.84 32.84 32.84 32.84 32.84 32.84 -9999
32.84 32.84 32.84 32.84 32.84 32.84 32.84 32.84 32.84 -9999
-9999 32.84 32.84 32.84 32.84 32.84 32.84 32.84 -9999 -9999
-9999 32.84 32.84 32.84 32.84 32.84 32.84 -9999 -9999 -9999
-9999 32.84 32.84 32.84 32.84 32.84 32.84 -9999 -9999 -9999
-9999 32.84 32.84 32.84 32.84 32.84 32.84 -9999 -9999 -9999
-9999 32.84 32.84 32.84 32.84 32.84 32.84 -9999 -9999 -9999
-9999 -9999 32.84 32.84 32.84 32.84 -9999 -9999 -9999 -9999
-9999 -9999 32.84 32.84 32.84 -9999 -9999 -9999 -9999 -9999
-9999 -9999 -9999 32.84 -9999 -9999 -9999 -9999 -9999 -9999
-9999 -9999 -9999 32.84 -9999 -9999 -9999 -9999 -9999 -9999
