outputs_txt/Phd_CSDMS_200k_ky_05_03_2024/Basin_14_RLF_2500.txt
ncols         22
nrows         48
xllcorner     13400.000000
yllcorner     0.000000
cellsize      200
NODATA_value  -9999
-9999 9.6835 9.8653 9.8653 10.044 10.044 10.219 10.219 10.673 10.673 10.673 10.673 10.673 10.673 10.673 10.498 10.498 10.32 10.32 10.138 9.9495 -9999
-9999 9.8653 10.044 10.044 10.219 10.219 10.361 10.361 10.815 10.815 10.815 10.815 10.815 10.815 10.815 10.673 10.673 10.498 10.498 10.32 10.138 -9999
-9999 10.044 10.219 10.219 10.361 10.361 10.502 10.502 10.956 10.956 10.956 10.956 10.956 10.956 10.956 10.815 10.815 10.673 10.673 10.498 -9999 -9999
-9999 10.219 10.361 10.361 10.502 10.502 10.641 10.641 11.095 11.095 11.095 11.095 11.095 11.095 11.095 10.956 10.956 10.815 10.815 10.673 -9999 -9999
10.219 10.361 10.502 10.502 10.641 10.641 10.779 10.779 11.233 11.233 11.233 11.233 11.233 11.233 11.233 11.095 11.095 10.956 10.956 10.815 -9999 -9999
-9999 10.502 10.641 10.641 10.779 10.779 10.915 10.915 10.915 11.37 11.37 11.37 11.37 11.37 11.37 11.233 11.233 11.095 11.095 10.956 10.815 -9999
-9999 10.641 10.779 10.779 10.915 10.915 11.041 11.041 11.041 11.496 11.496 11.496 11.496 11.496 11.496 11.37 11.37 11.233 11.233 11.095 10.956 -9999
-9999 10.779 10.915 10.915 11.041 11.041 11.142 11.142 11.142 11.142 11.596 11.596 11.596 11.596 11.596 11.496 11.496 11.37 11.37 11.233 11.095 -9999
-9999 10.915 11.041 11.041 11.142 11.142 11.242 11.242 11.242 11.242 11.696 11.696 11.696 11.696 11.696 11.596 11.596 11.496 11.496 11.37 11.233 -9999
-9999 11.041 11.142 11.142 11.242 11.242 11.341 11.341 11.341 11.341 11.341 11.795 11.795 11.795 11.795 11.696 11.696 11.596 11.596 11.496 11.37 -9999
-9999 11.142 11.242 11.242 11.341 11.341 11.44 11.44 11.44 11.44 11.44 11.352 11.894 11.894 11.894 11.795 11.795 11.696 11.696 11.596 -9999 -9999
-9999 11.242 11.341 11.341 11.44 11.44 11.537 11.537 11.537 11.537 11.45 11.071 11.071 11.085 11.992 11.894 11.894 11.795 11.795 11.696 -9999 -9999
-9999 11.341 11.44 11.44 11.537 11.537 11.631 11.631 11.543 11.543 11.164 11.164 11.164 10.67 10.67 11.085 11.992 11.894 11.894 11.795 -9999 -9999
-9999 11.44 11.537 11.537 11.631 11.631 11.636 11.636 11.258 11.258 11.258 11.258 10.763 10.763 10.763 10.67 10.67 10.576 10.576 10.478 10.38 -9999
-9999 11.45 11.543 11.543 11.636 11.636 11.35 11.35 11.35 11.35 11.35 11.35 10.856 10.856 10.856 10.763 10.763 10.67 10.67 10.576 10.478 10.28
-9999 11.164 11.258 11.258 11.35 11.35 11.443 11.443 11.443 11.443 11.443 10.665 10.948 10.948 10.948 10.856 10.856 10.763 10.763 10.67 10.576 10.38
-9999 11.258 11.35 11.35 11.443 11.443 11.527 11.527 11.527 11.527 10.749 10.749 10.664 10.664 11.032 10.948 10.948 10.856 10.856 10.763 10.67 -9999
-9999 11.35 11.443 11.443 11.527 11.527 11.611 11.611 10.833 10.833 10.833 10.833 10.411 10.411 10.748 10.664 11.032 10.948 10.948 10.856 -9999 -9999
-9999 11.443 11.527 11.527 11.611 11.611 10.916 10.916 10.916 10.916 10.916 10.356 10.186 10.186 10.495 10.411 10.748 10.664 10.664 10.58 -9999 -9999
-9999 10.749 10.833 10.833 10.916 10.916 10.999 10.999 10.999 10.999 10.439 10.253 10.253 10.253 10.269 10.186 10.495 10.411 10.411 10.327 -9999 -9999
-9999 -9999 10.916 10.916 10.999 10.999 11.079 11.079 10.518 10.518 10.333 10.333 10.333 10.333 10.333 9.9854 10.269 10.186 10.186 -9999 -9999 -9999
-9999 -9999 10.999 10.999 11.079 11.079 10.598 10.598 10.413 10.413 10.413 10.413 10.413 10.413 10.413 9.6815 10.065 9.9854 9.9854 9.9025 -9999 -9999
-9999 -9999 10.518 10.518 10.598 10.598 10.49 10.49 10.49 10.49 10.49 10.49 10.49 10.49 10.49 9.7615 9.7615 9.6815 9.6815 9.6017 9.5188 -9999
-9999 -9999 10.413 10.413 10.49 10.49 10.568 10.568 10.568 10.568 10.568 10.568 10.568 10.568 10.568 9.8393 9.8393 9.7615 9.7615 9.6815 9.6017 -9999
-9999 -9999 -9999 10.49 10.568 10.568 10.645 10.645 10.645 10.645 10.645 10.645 10.645 10.645 10.645 9.9169 9.9169 9.8393 9.8393 9.7615 9.6815 -9999
-9999 -9999 10.568 10.568 10.645 10.645 10.721 10.721 10.721 10.721 10.721 10.721 10.721 10.721 10.721 9.9935 9.9935 9.9169 9.9169 9.8393 -9999 -9999
-9999 -9999 15.55 15.55 15.627 15.627 15.7 15.7 15.7 15.042 13.946 14.082 16.459 18.094 18.094 18.021 18.021 17.945 17.945 17.868 -9999 -9999
-9999 -9999 28.33 28.33 28.403 28.403 28.777 28.777 28.777 28.777 27.109 25.122 26.167 26.167 26.167 25.794 25.794 25.721 25.721 25.644 25.567 -9999
-9999 -9999 28.403 28.403 28.777 28.777 29.146 29.146 29.146 29.146 29.146 29.146 27.479 26.537 26.537 26.167 26.167 25.794 25.794 25.721 25.644 -9999
-9999 -9999 28.777 28.777 29.146 29.146 29.514 29.514 29.514 29.514 29.514 29.514 29.514 29.514 27.847 26.537 26.537 26.167 26.167 25.794 25.721 -9999
-9999 -9999 -9999 29.146 29.514 29.514 29.88 29.88 29.88 29.88 29.88 29.88 29.88 29.88 29.88 27.847 26.904 26.537 26.537 26.167 25.794 -9999
-9999 -9999 29.514 29.514 29.88 29.88 30.245 30.245 30.245 30.245 30.245 30.245 30.245 30.245 30.245 29.88 28.212 26.904 26.904 26.537 26.167 -9999
-9999 -9999 29.88 29.88 30.245 30.245 30.608 30.608 30.608 30.608 30.608 30.608 30.608 30.608 30.608 30.245 28.577 27.27 27.27 26.904 26.537 -9999
-9999 -9999 30.245 30.245 30.608 30.608 30.97 30.97 30.97 30.97 30.97 30.97 30.97 30.97 30.97 30.608 30.608 28.577 27.635 27.27 26.904 -9999
-9999 -9999 30.608 30.608 30.97 30.97 31.333 31.333 31.333 31.333 31.333 31.333 31.333 31.333 31.333 30.97 30.97 28.941 27.999 -9999 -9999 -9999
-9999 -9999 30.97 30.97 31.333 31.333 31.696 31.696 31.696 31.696 31.696 31.696 31.696 31.696 31.696 31.696 31.333 30.97 -9999 -9999 -9999 -9999
-9999 -9999 -9999 31.333 31.696 31.696 31.696 31.696 31.696 31.696 31.696 31.696 31.696 31.696 31.696 31.696 31.696 31.696 29.666 -9999 -9999 -9999
-9999 -9999 -9999 31.696 31.696 31.696 31.696 31.696 31.696 31.696 31.696 31.696 31.696 31.696 31.696 31.696 31.696 31.696 30.029 -9999 -9999 -9999
-9999 -9999 -9999 31.696 31.696 31.696 31.696 31.696 31.696 31.696 31.696 31.696 31.696 31.696 31.696 31.696 31.696 31.696 30.029 -9999 -9999 -9999
-9999 -9999 -9999 -9999 31.696 31.696 31.696 31.696 31.696 31.696 31.696 31.696 31.696 31.696 31.696 31.696 31.696 -9999 -9999 -9999 -9999 -9999
-9999 -9999 -9999 -9999 -9999 -9999 -9999 31.696 31.696 31.696 31.696 31.696 31.696 31.696 -9999 -9999 -9999 -9999 -9999 -9999 -9999 -9999
-9999 -9999 -9999 -9999 -9999 -9999 -9999 31.696 31.696 31.696 31.696 31.696 31.696 31.696 -9999 -9999 -9999 -9999 -9999 -9999 -9999 -9999
-9999 -9999 -9999 -9999 -9999 -9999 -9999 -9999 31.696 31.696 31.696 31.696 31.696 -9999 -9999 -9999 -9999 -9999 -9999 -9999 -9999 -9999
-9999 -9999 -9999 -9999 -9999 -9999 -9999 -9999 31.696 31.696 31.696 31.696 31.696 -9999 -9999 -9999 -9999 -9999 -9999 -9999 -9999 -9999
-9999 -9999 -9999 -9999 -9999 -9999 -9999 -9999 31.696 31.696 31.696 31.696 31.696 -9999 -9999 -9999 -9999 -9999 -9999 -9999 -9999 -9999
-9999 -9999 -9999 -9999 -9999 -9999 -9999 -9999 -9999 31.696 31.696 31.696 -9999 -9999 -9999 -9999 -9999 -9999 -9999 -9999 -9999 -9999
-9999 -9999 -9999 -9999 -9999 -9999 -9999 -9999 -9999 -9999 31.696 31.696 -9999 -9999 -9999 -9999 -9999 -9999 -9999 -9999 -9999 -9999
-9999 -9999 -9999 -9999 -9999 -9999 -9999 -9999 -9999 -9999 31.696 31.696 -9999 -9999 -9999 -9999 -9999 -9999 -9999 -9999 -9999 -9999
