outputs_txt/Phd_CSDMS_200k_ky_05_03_2024/Basin_9_DEM.txt
ncols         6
nrows         48
xllcorner     9200.000000
yllcorner     0.000000
cellsize      200
NODATA_value  -9999
-32768 -32768 -32768 -32768 17.51 -32768
-32768 -32768 -32768 18.33 16.389 18.33
-32768 -32768 -32768 17.546 15.609 17.543
-32768 -32768 16.383 16.897 14.978 -32768
-32768 -32768 14.997 15.344 14.43 16.344
-32768 15.856 13.964 13.444 13.921 15.833
-32768 15.041 13.152 12.994 14.324 16.308
-32768 14.344 12.456 12.578 14.126 16.288
-32768 13.611 11.826 12.19 13.422 14.903
-32768 13.199 11.516 12.851 14.804 -32768
-32768 12.562 11.221 13.131 14.904 -32768
-32768 12.85 10.937 11.884 12.985 14.847
-32768 12.019 10.67 11.769 13.133 -32768
13.719 11.769 10.416 12.338 14.115 -32768
13.477 11.526 10.171 11.124 12.224 14.028
13.247 11.296 9.9379 11.044 12.413 14.391
13.027 11.074 9.7144 10.823 12.195 14.174
12.814 10.861 9.4992 11.431 13.112 -32768
12.606 10.652 9.2886 10.218 11.244 12.787
12.406 10.452 9.0861 10.199 11.574 13.546
12.213 10.258 8.8896 10.005 11.381 13.354
12.024 10.068 8.6987 9.8153 11.193 13.166
11.842 9.8842 8.5129 9.6316 11.011 12.984
11.661 9.7046 8.3319 10.275 11.38 13.359
11.486 9.5277 8.1535 9.0212 9.9967 11.962
11.316 9.3563 7.9809 9.1023 10.484 12.454
11.149 9.1886 7.8121 8.9346 10.318 12.289
10.985 9.0244 7.6468 8.7702 10.154 12.125
10.825 8.8635 7.4848 8.6091 9.9937 11.965
10.668 8.7056 7.326 8.4511 9.8364 11.807
10.513 8.5506 7.1702 8.2962 9.6828 -32768
10.362 8.3984 7.0172 8.3944 10.298 -32768
10.212 8.2483 6.8664 8.2483 10.212 -32768
10.065 8.1003 6.7178 8.0999 10.051 -32768
9.9194 7.9544 6.5711 7.9539 9.9045 -32768
9.7759 7.8103 6.4264 7.8097 9.7591 -32768
9.633 7.6678 6.2836 7.6672 9.6148 -32768
8.6771 7.2788 6.1426 7.2786 8.6755 -32768
19.558 15.259 6.005 15.076 18.512 -32768
22.234 12.324 5.3103 11.028 18.068 27.916
21.572 11.641 4.6266 10.342 17.39 27.271
20.91 10.974 3.9511 9.6784 16.749 26.647
20.255 10.314 3.2834 10.308 20.244 -32768
19.608 9.6606 2.6208 9.6732 19.596 -32768
18.983 9.0255 1.9639 11.902 -32768 -32768
-32768 11.232 1.3095 11.249 -32768 -32768
-32768 9.8713 0.65566 -32768 -32768 -32768
-32768 0.00083155 0.00035539 -32768 -32768 -32768
