outputs_txt/Phd_CSDMS_200k_ky_05_03_2024/Basin_1_RLF_2500.txt
ncols         11
nrows         48
xllcorner     0.000000
yllcorner     0.000000
cellsize      200
NODATA_value  -9999
-9999 -9999 8.5153 8.5153 8.5153 8.5153 8.5153 8.194 -9999 -9999 -9999
-9999 -9999 8.8286 8.8286 8.8286 8.8286 8.8286 8.7883 -9999 -9999 -9999
-9999 -9999 9.1341 9.1341 9.1341 9.1341 9.1341 9.0069 -9999 -9999 -9999
-9999 -9999 9.4327 9.4327 9.4327 9.4327 9.4327 9.2229 9.1341 -9999 -9999
-9999 -9999 9.6033 9.6033 9.6033 9.6033 9.6033 9.4327 9.4327 -9999 -9999
-9999 -9999 9.7697 9.7697 9.7697 9.7697 9.7697 9.6033 -9999 -9999 -9999
-9999 -9999 9.9328 9.9328 9.9328 9.9328 9.9328 9.7697 -9999 -9999 -9999
-9999 -9999 10.093 10.093 10.093 10.093 10.093 9.9328 9.9328 -9999 -9999
-9999 -9999 10.25 10.25 10.25 10.25 10.25 10.093 10.093 9.9328 -9999
-9999 -9999 10.405 10.405 10.405 10.405 10.405 10.25 10.25 10.093 -9999
-9999 -9999 10.559 10.559 10.559 10.559 10.559 10.405 10.405 10.25 -9999
-9999 -9999 10.712 10.712 10.712 10.712 10.712 10.559 10.559 10.405 -9999
-9999 -9999 10.545 10.849 10.849 10.849 10.849 10.712 10.712 10.559 -9999
-9999 -9999 10.682 10.682 10.682 10.682 10.682 10.545 10.545 10.408 -9999
-9999 -9999 10.816 10.816 10.816 10.816 10.816 10.682 10.682 -9999 -9999
-9999 -9999 10.47 10.47 10.948 10.948 10.948 10.816 -9999 -9999 -9999
-9999 -9999 9.5924 9.5924 10.6 10.6 10.6 10.47 -9999 -9999 -9999
-9999 -9999 9.7195 9.7195 9.7195 9.7195 9.7195 9.5924 -9999 -9999 -9999
-9999 -9999 9.8458 9.8458 9.8458 9.8458 9.8458 9.7195 9.7195 -9999 -9999
-9999 -9999 9.9046 9.97 9.97 9.97 9.97 9.8458 9.8458 9.7195 -9999
-9999 -9999 10.027 10.027 10.027 10.092 10.092 9.97 9.97 9.8458 9.8458
-9999 -9999 10.026 10.148 10.148 10.148 10.148 10.027 10.027 9.9046 9.9046
-9999 -9999 9.4822 10.145 10.145 10.267 10.267 10.148 10.148 10.027 10.027
-9999 -9999 9.5999 9.5999 9.5999 10.263 10.263 10.145 10.145 10.026 -9999
-9999 -9999 9.7161 9.7161 9.7161 9.7161 9.7161 9.5999 9.5999 9.4822 -9999
-9999 -9999 9.8319 9.8319 9.8319 9.8319 9.8319 9.7161 9.7161 -9999 -9999
-9999 -9999 13.061 13.431 15.436 17.904 17.904 17.794 17.794 -9999 -9999
-9999 -9999 17.156 18.465 21.656 29.277 29.277 28.716 -9999 -9999 -9999
-9999 -9999 22.212 29.833 29.833 29.833 29.833 29.277 -9999 -9999 -9999
-9999 -9999 30.386 30.386 30.386 30.386 30.386 29.833 -9999 -9999 -9999
-9999 -9999 30.936 30.936 30.936 30.936 30.936 30.386 30.386 -9999 -9999
-9999 -9999 31.482 31.482 31.482 31.482 31.482 30.936 -9999 -9999 -9999
-9999 -9999 32.025 32.025 32.025 32.025 32.025 31.482 -9999 -9999 -9999
-9999 -9999 32.564 32.564 32.564 32.564 32.564 32.025 -9999 -9999 -9999
-9999 -9999 33.64 33.64 33.64 33.102 33.102 32.564 32.564 -9999 -9999
-9999 -9999 33.64 33.64 33.64 33.64 33.64 33.64 33.102 -9999 -9999
-9999 -9999 33.64 33.64 33.64 33.64 33.64 33.64 33.64 33.64 -9999
-9999 -9999 33.64 33.64 33.64 33.64 33.64 33.64 33.64 33.64 -9999
-9999 -9999 33.64 33.64 33.64 33.64 33.64 33.64 33.64 33.64 -9999
-9999 -9999 33.64 33.64 33.64 -9999 -9999 -9999 33.64 33.64 -9999
-9999 -9999 33.64 33.64 33.64 -9999 -9999 -9999 -9999 -9999 -9999
-9999 -9999 33.64 33.64 33.64 -9999 -9999 -9999 -9999 -9999 -9999
-9999 -9999 33.64 33.64 33.64 -9999 -9999 -9999 -9999 -9999 -9999
-9999 -9999 33.64 33.64 33.64 -9999 -9999 -9999 -9999 -9999 -9999
-9999 -9999 33.64 33.64 33.64 -9999 -9999 -9999 -9999 -9999 -9999
-9999 -9999 33.64 33.64 -9999 -9999 -9999 -9999 -9999 -9999 -9999
33.64 33.64 33.64 33.64 -9999 -9999 -9999 -9999 -9999 -9999 -9999
33.64 33.64 33.64 33.64 -9999 -9999 -9999 -9999 -9999 -9999 -9999
