outputs_txt/Phd_CSDMS_200k_ky_05_03_2024/Basin_1_DEM.txt
ncols         11
nrows         48
xllcorner     0.000000
yllcorner     0.000000
cellsize      200
NODATA_value  -9999
-32768 -32768 14.717 16.202 16.604 14.453 15.297 17.506 -32768 -32768 -32768
-32768 -32768 13.875 15.996 15.526 13.424 14.262 16.398 -32768 -32768 -32768
-32768 -32768 13.192 15.287 14.917 12.835 14.017 15.489 -32768 -32768 -32768
-32768 -32768 12.603 14.679 14.41 12.342 13.519 14.983 17.202 -32768 -32768
-32768 -32768 12.079 14.141 13.967 11.91 13.084 14.541 16.724 -32768 -32768
-32768 -32768 11.602 13.653 13.57 11.522 12.692 14.145 -32768 -32768 -32768
-32768 -32768 11.161 13.204 13.207 11.165 12.598 14.666 -32768 -32768 -32768
-32768 -32768 10.75 12.785 12.865 10.83 12.261 14.337 15.716 -32768 -32768
-32768 -32768 10.363 12.392 12.542 10.512 12.541 13.64 13.598 15.716 -32768
-32768 -32768 9.9958 12.02 12.231 10.205 10.875 11.589 12.417 14.495 -32768
-32768 -32768 9.6462 11.666 11.954 9.932 11.355 13.406 14.489 15.651 -32768
-32768 -32768 9.3117 11.328 11.687 9.6685 11.092 13.138 13.406 15.529 -32768
-32768 -32768 8.9904 10.727 10.95 9.4137 11.429 12.307 11.962 14.023 -32768
-32768 -32768 8.677 8.7174 8.9389 9.1629 9.6994 10.28 10.951 12.995 -32768
-32768 -32768 8.3715 8.4988 10.506 11.177 11.72 12.309 12.12 -32768 -32768
-32768 -32768 8.0729 8.2828 9.2851 10.445 11.876 13.95 -32768 -32768 -32768
-32768 -32768 7.9024 8.797 9.799 10.961 12.396 14.489 -32768 -32768 -32768
-32768 -32768 7.736 8.7366 9.8944 11.32 13.38 14.166 -32768 -32768 -32768
-32768 -32768 7.5728 8.5735 9.7316 11.158 13.213 12.095 14.163 -32768 -32768
-32768 -32768 7.4129 8.5684 9.9879 12.02 12.964 10.924 12.358 14.439 -32768
-32768 -32768 7.2553 8.4116 9.8322 11.861 12.189 10.163 11.326 12.765 14.866
-32768 -32768 7.1002 9.1051 10.877 10.219 10.644 9.5831 10.743 12.175 14.257
-32768 -32768 6.9463 8.9472 8.8648 8.2067 8.6338 9.0817 10.241 11.671 13.738
-32768 -32768 6.7936 7.1191 7.4488 7.7977 8.555 9.4518 10.614 12.654 -32768
-32768 -32768 6.6563 8.6563 9.4514 9.8038 10.566 11.473 12.655 13.7 -32768
-32768 -32768 6.5197 7.3374 8.2332 9.2353 10.396 11.827 13.907 -32768 -32768
-32768 -32768 6.3856 7.2028 8.0981 9.1 10.26 11.692 13.767 -32768 -32768
-32768 -32768 6.2539 7.1489 8.1495 9.3062 10.729 12.777 -32768 -32768 -32768
-32768 -32768 6.1241 6.8323 7.59 8.4089 9.4134 11.448 -32768 -32768 -32768
-32768 -32768 5.9969 7.412 9.4125 10.419 10.837 12.905 -32768 -32768 -32768
-32768 -32768 5.8707 6.6884 7.5847 8.5872 9.7469 11.181 13.304 -32768 -32768
-32768 -32768 5.7464 6.5639 7.4594 8.461 9.6203 11.054 -32768 -32768 -32768
-32768 -32768 5.624 6.5196 7.5206 8.6774 10.103 12.188 -32768 -32768 -32768
-32768 -32768 5.5031 6.3988 7.3999 8.5566 9.9808 12.054 -32768 -32768 -32768
-32768 -32768 5.3837 6.2015 7.0972 8.0987 9.2581 10.695 12.829 -32768 -32768
-32768 -32768 5.266 6.0845 6.9807 7.9824 9.1407 10.572 12.677 -32768 -32768
-32768 -32768 5.1498 7.1467 7.9599 8.4851 9.0653 9.7395 10.57 11.757 -32768
-32768 -32768 5.034 5.4783 5.9383 6.4423 7.0036 7.6486 8.4263 9.5282 -32768
-32768 -32768 4.9236 14.358 17.416 17.985 16.019 18.354 20.36 22.828 -32768
-32768 -32768 4.3632 11.504 21.52 -32768 -32768 -32768 26.019 33.64 -32768
-32768 -32768 3.8068 10.932 20.948 -32768 -32768 -32768 -32768 -32768 -32768
-32768 -32768 3.2539 10.372 20.368 -32768 -32768 -32768 -32768 -32768 -32768
-32768 -32768 2.7044 9.8154 19.793 -32768 -32768 -32768 -32768 -32768 -32768
-32768 -32768 2.1582 9.263 19.223 -32768 -32768 -32768 -32768 -32768 -32768
-32768 -32768 1.6153 8.7268 18.662 -32768 -32768 -32768 -32768 -32768 -32768
-32768 -32768 1.0759 11.044 -32768 -32768 -32768 -32768 -32768 -32768 -32768
0.00037054 9.8862 0.53788 9.8692 -32768 -32768 -32768 -32768 -32768 -32768 -32768
0.00045805 0.00030835 0.00023149 0.00027742 -32768 -32768 -32768 -32768 -32768 -32768 -32768
