outputs_txt/Phd_CSDMS_200k_ky_05_03_2024/Basin_14_RLF_1000.txt
ncols         22
nrows         48
xllcorner     13400.000000
yllcorner     0.000000
cellsize      200
NODATA_value  -9999
-9999 6.6339 7.0997 7.5316 7.9362 8.3183 6.7202 6.7202 5.8824 4.9586 6.8686 6.8686 6.8686 6.8686 7.1788 7.2316 7.2959 6.8319 6.8319 6.8319 6.8319 -9999
-9999 6.6339 7.0997 7.5316 7.9362 8.3183 6.9292 6.9292 6.0914 5.1676 7.0776 7.0776 7.0776 7.0776 7.3878 7.2316 7.2959 7.207 7.207 7.207 7.207 -9999
-9999 6.6339 7.0997 7.5316 7.9362 8.3183 7.5448 7.1354 6.2976 5.5273 7.2839 7.2839 7.2839 7.2839 7.5941 7.8934 7.9751 7.548 7.548 7.548 -9999 -9999
-9999 6.6339 7.0997 7.5316 7.9362 8.3183 7.7407 7.3313 6.4935 5.7232 7.4798 7.4798 7.4798 7.4798 7.79 7.8934 7.9751 7.8631 7.8631 7.8631 -9999 -9999
6.5246 7.0655 7.5427 7.9842 7.9842 8.3183 7.9313 7.5219 6.6841 5.9137 7.6703 7.6703 7.6703 7.6703 7.9805 7.8934 8.154 8.154 8.154 8.154 -9999 -9999
-9999 7.0655 7.5427 8.3889 8.3889 8.3889 8.1196 7.7102 6.8724 6.102 7.3871 7.3871 7.3871 7.3871 7.3871 7.6926 7.0105 7.0105 7.0105 7.0105 7.0105 -9999
-9999 6.9779 7.5164 8.6837 8.6837 8.6837 8.3014 7.892 7.0542 6.2838 7.5689 7.5689 7.5689 7.5689 7.5689 7.6926 7.2686 7.2686 7.2686 7.2686 7.2686 -9999
-9999 6.599 7.1375 8.6565 8.6565 8.6565 8.4796 7.2554 6.4621 6.4621 7.0414 7.0414 7.0414 7.0414 7.5877 7.6926 7.5149 7.5149 7.5149 7.5149 7.5149 -9999
-9999 8.1626 8.5939 8.9979 9.2539 9.5043 8.6552 7.431 6.6377 6.6377 7.217 7.217 7.217 7.217 7.217 7.2076 7.7526 7.7526 7.7526 7.7526 7.7526 -9999
-9999 8.1626 8.5939 8.9979 9.2539 9.5043 8.7972 7.573 6.7797 6.7797 7.359 7.359 7.359 7.359 7.359 5.9413 7.9824 7.9824 7.9824 7.9824 7.9824 -9999
-9999 8.1626 8.5939 8.9979 9.2539 9.5043 8.9381 7.7138 6.9205 6.9205 6.5659 6.5659 6.5659 6.5659 6.5659 6.3015 8.4486 8.4486 8.2499 8.047 -9999 -9999
-9999 7.3849 7.8162 8.2201 8.4762 8.7265 8.2771 7.071 6.5167 6.1527 6.705 6.705 6.705 6.705 6.705 6.3939 8.306 8.306 7.9133 7.7104 -9999 -9999
-9999 7.3849 7.8162 8.2201 8.4762 8.7265 8.4145 7.2084 6.6541 6.2901 6.548 6.548 6.548 6.548 6.548 6.5854 8.1891 8.1891 7.6049 7.402 -9999 -9999
-9999 7.8289 8.2405 8.6217 8.9841 9.3301 8.5512 7.3451 6.7908 5.8775 6.4317 6.4317 6.4317 6.4317 6.4317 6.7726 8.0926 8.0926 7.3213 7.1184 6.9127 -9999
-9999 7.2685 7.6801 8.0613 8.4237 8.7697 7.399 6.9502 6.9169 5.888 6.2731 6.2731 6.2731 6.2731 6.4365 7.296 8.0642 7.8946 7.4546 6.9792 6.529 6.0081
-9999 6.7888 7.2004 7.5816 7.944 8.29 7.4994 7.0479 6.4821 5.9884 6.1867 6.1867 6.1867 6.1867 6.5369 7.0439 8.0642 7.8946 7.4546 6.9792 6.529 6.0081
-9999 6.7888 7.2004 7.5816 7.944 8.29 8.863 7.8357 6.6878 6.0882 5.7259 5.3549 5.6941 6.2585 7.098 6.9997 8.0642 7.8946 7.4546 6.9792 6.529 -9999
-9999 6.7888 7.2004 7.5816 7.944 8.29 8.9621 7.9348 6.7869 6.1873 6.1045 6.1045 6.1045 6.3576 7.1971 7.9192 8.0642 7.8946 7.4546 6.9792 -9999 -9999
-9999 7.0827 7.4944 7.8756 8.3653 8.584 9.4491 8.0337 6.8858 6.2862 6.2034 6.2034 6.2034 6.4565 7.296 7.9192 8.0642 7.8946 7.4546 6.9792 -9999 -9999
-9999 7.0827 7.4944 8.018 8.8401 9.196 9.5469 8.1315 6.9836 6.0217 6.3012 6.3012 6.3012 6.5543 7.3938 7.9192 8.0642 7.8946 7.4546 6.9792 -9999 -9999
-9999 -9999 7.4944 8.018 8.8401 9.196 9.6404 8.225 7.0771 6.1152 6.3947 6.3947 6.3947 6.6478 7.4873 7.9192 8.0642 7.8946 7.4546 -9999 -9999 -9999
-9999 -9999 7.4944 8.018 8.8401 9.196 9.7336 8.3183 7.1703 6.2084 6.4879 6.4879 6.4879 6.7411 7.5806 7.9192 7.8678 7.6982 7.2582 7.1017 -9999 -9999
-9999 -9999 7.2121 8.018 8.8401 9.196 9.8263 8.4109 7.263 6.3011 6.5806 6.5806 6.5806 6.8337 7.6732 7.9192 7.8678 7.6982 7.458 7.458 6.4523 -9999
-9999 -9999 8.4161 8.8194 9.2005 9.5626 9.919 8.5036 7.3557 6.3938 6.6733 6.6733 6.6733 6.9264 7.7659 8.7084 8.5769 8.3231 8.0606 7.7893 6.8891 -9999
-9999 -9999 -9999 8.8194 9.2005 9.5626 10.003 8.5873 7.4393 6.4176 6.757 6.757 6.757 7.0101 7.8496 8.7084 8.5769 8.3231 8.0606 7.7893 6.8891 -9999
-9999 -9999 8.4161 8.8194 9.2005 9.5626 10.087 8.4993 6.4291 5.6104 6.8409 6.8409 6.8409 7.0139 7.928 8.7084 8.5769 8.3231 8.0606 7.7893 -9999 -9999
-9999 -9999 8.4161 8.8194 9.2005 9.5626 10.17 8.5825 6.6023 6.5228 5.7532 5.7532 5.7532 5.7532 6.2871 6.9982 8.5769 8.3231 8.0606 7.7893 -9999 -9999
-9999 -9999 6.9868 7.3901 7.7712 8.1333 8.8235 8.6655 6.9333 6.6058 5.7766 5.3082 5.3082 5.553 6.37 7.2423 8.7285 8.3722 8.0606 7.7893 7.1484 -9999
-9999 -9999 6.8288 7.232 7.6131 7.9753 8.7452 8.7452 7.013 6.6855 5.8563 5.2966 5.2966 5.6328 6.4498 7.2423 8.6135 8.2573 7.9457 7.6743 7.0334 -9999
-9999 -9999 6.7527 7.2346 7.6764 8.0873 8.4867 8.2158 7.0931 6.7656 5.9364 5.6081 5.6081 5.7128 6.5299 7.4797 8.3993 8.0431 7.7315 7.4601 6.8192 -9999
-9999 -9999 -9999 6.9637 7.4056 7.8164 8.2936 8.2936 7.1709 6.8434 6.0142 6.5219 6.5219 7.2611 8.9196 8.346 8.3993 8.0431 7.7315 7.4601 6.8192 -9999
-9999 -9999 6.4818 6.9637 7.4056 7.8164 8.3712 8.3712 7.4173 6.921 6.0918 6.5995 6.5995 8.385 8.9972 8.346 8.3993 8.0431 7.7315 7.4601 6.8192 -9999
-9999 -9999 6.4818 6.9637 7.4056 7.8164 8.4478 8.4478 7.4938 6.9976 6.1684 6.6761 6.6761 8.4616 9.0738 8.346 8.3993 8.0431 7.662 7.2589 6.8192 -9999
-9999 -9999 6.6187 7.1565 7.6435 8.0908 8.5247 8.5247 7.5707 7.0745 6.2453 6.753 6.753 8.5384 9.1507 8.742 8.7133 8.2539 7.7503 7.2589 6.8192 -9999
-9999 -9999 13.721 14.259 14.746 15.193 15.7 15.7 15.7 15.042 13.946 14.082 16.459 18.094 18.094 17.613 17.19 16.731 16.227 -9999 -9999 -9999
-9999 -9999 26.425 26.962 27.449 27.897 28.777 28.777 28.777 28.777 27.109 25.122 26.167 26.167 26.167 25.312 24.889 24.43 -9999 -9999 -9999 -9999
-9999 -9999 -9999 26.962 27.449 27.897 29.146 29.146 29.146 29.146 27.479 25.491 26.537 26.537 26.537 25.312 24.889 24.43 23.926 -9999 -9999 -9999
-9999 -9999 -9999 26.962 27.449 27.897 29.514 29.514 29.514 29.514 27.847 25.993 26.904 26.904 26.904 25.312 24.889 24.43 23.926 -9999 -9999 -9999
-9999 -9999 -9999 26.962 27.449 27.897 29.88 29.88 29.88 29.88 28.212 26.359 27.27 27.27 27.27 25.312 24.889 24.43 23.926 -9999 -9999 -9999
-9999 -9999 -9999 -9999 27.449 27.897 30.245 30.245 30.245 30.245 28.577 26.724 27.635 27.635 27.635 25.312 24.889 -9999 -9999 -9999 -9999 -9999
-9999 -9999 -9999 -9999 -9999 -9999 -9999 30.608 30.608 30.608 28.941 27.088 27.999 27.999 -9999 -9999 -9999 -9999 -9999 -9999 -9999 -9999
-9999 -9999 -9999 -9999 -9999 -9999 -9999 30.97 30.97 30.97 29.303 27.45 28.361 28.361 -9999 -9999 -9999 -9999 -9999 -9999 -9999 -9999
-9999 -9999 -9999 -9999 -9999 -9999 -9999 -9999 31.333 31.333 29.666 27.812 28.723 -9999 -9999 -9999 -9999 -9999 -9999 -9999 -9999 -9999
-9999 -9999 -9999 -9999 -9999 -9999 -9999 -9999 31.696 31.696 30.029 28.175 29.086 -9999 -9999 -9999 -9999 -9999 -9999 -9999 -9999 -9999
-9999 -9999 -9999 -9999 -9999 -9999 -9999 -9999 25.462 28.175 28.175 28.175 28.175 -9999 -9999 -9999 -9999 -9999 -9999 -9999 -9999 -9999
-9999 -9999 -9999 -9999 -9999 -9999 -9999 -9999 -9999 28.175 28.175 28.175 -9999 -9999 -9999 -9999 -9999 -9999 -9999 -9999 -9999 -9999
-9999 -9999 -9999 -9999 -9999 -9999 -9999 -9999 -9999 -9999 18.937 18.937 -9999 -9999 -9999 -9999 -9999 -9999 -9999 -9999 -9999 -9999
-9999 -9999 -9999 -9999 -9999 -9999 -9999 -9999 -9999 -9999 18.553 18.553 -9999 -9999 -9999 -9999 -9999 -9999 -9999 -9999 -9999 -9999
