outputs_txt/Phd_CSDMS_200k_ky_05_03_2024/Basin_5_RLF_2500.txt
ncols         17
nrows         48
xllcorner     3800.000000
yllcorner     0.000000
cellsize      200
NODATA_value  -9999
-9999 9.0945 9.0945 9.0945 9.1325 9.1325 9.1325 9.1325 9.1325 9.1325 8.9347 8.9347 8.7291 8.7291 -9999 -9999 -9999
-9999 9.2882 9.2882 9.2882 9.3262 9.3262 9.3262 9.3262 9.3262 9.3262 9.1325 9.1325 8.9347 8.9347 -9999 -9999 -9999
-9999 9.4728 9.4728 9.5108 9.5108 9.5108 9.5108 9.5108 9.5108 9.5108 9.3262 9.3262 9.1325 9.1325 -9999 -9999 -9999
-9999 9.6518 9.6518 9.6898 9.6898 9.6898 9.6898 9.6898 9.6898 9.6898 9.5108 9.5108 9.3262 9.3262 -9999 -9999 -9999
8.8394 9.8262 9.8262 9.8642 9.8642 9.8642 9.8642 9.8642 9.8642 9.8642 9.6898 9.6898 9.5108 9.5108 9.3262 -9999 -9999
9.0138 9.9964 9.9964 10.034 10.034 10.034 10.034 10.034 10.034 10.034 9.8642 9.8642 9.6898 9.6898 9.5108 9.3262 -9999
9.184 10.163 10.163 10.201 10.201 10.201 10.201 10.201 10.201 10.201 10.034 10.034 9.8642 9.8642 9.6898 9.5108 -9999
9.3503 9.5128 10.325 10.363 10.363 10.363 10.363 10.363 10.363 10.363 10.201 10.201 10.034 10.034 9.8642 9.6898 -9999
-9999 9.6725 10.485 10.523 10.523 10.523 10.523 10.523 10.523 10.523 10.363 10.363 10.349 10.201 10.034 -9999 -9999
-9999 9.8293 9.8293 10.68 10.68 10.68 10.68 10.68 10.68 10.68 10.523 10.523 10.511 10.363 10.349 -9999 -9999
-9999 9.9839 9.9839 10.834 10.834 10.834 10.834 10.834 10.834 10.834 10.83 10.83 10.673 10.523 -9999 -9999 -9999
-9999 10.137 10.288 10.804 11.139 11.139 11.139 11.139 11.139 11.139 11.139 10.988 10.83 10.83 10.673 -9999 -9999
-9999 10.288 10.395 10.395 11.245 11.245 11.245 11.245 11.245 11.245 11.245 11.139 11.139 10.988 10.83 10.83 -9999
-9999 10.005 10.111 10.111 11.017 11.351 11.351 11.351 11.351 11.351 11.351 11.245 11.245 11.139 11.139 10.988 -9999
-9999 9.3423 9.4476 9.7426 10.892 11.457 11.457 11.457 11.457 11.457 11.457 11.351 11.351 11.245 11.245 11.139 10.988
-9999 9.4476 9.5482 9.8431 10.993 11.223 11.557 11.557 11.557 11.557 11.557 11.457 11.457 11.351 11.351 11.245 11.139
-9999 9.5482 9.6483 9.9433 11.093 11.093 11.323 11.657 11.657 11.657 11.657 11.557 11.557 11.457 11.457 11.351 11.245
-9999 9.636 9.7351 9.9514 11.192 11.192 11.192 11.422 11.422 11.757 11.757 11.657 11.657 11.557 11.557 11.457 11.351
-9999 9.7351 9.8328 10.395 11.29 11.29 11.29 11.29 11.29 11.519 11.519 11.757 11.757 11.657 11.657 11.557 11.457
-9999 9.8328 9.9293 10.491 11.294 11.386 11.386 11.386 11.386 11.386 11.386 11.519 11.519 11.422 11.422 11.323 11.223
-9999 9.3799 10.019 10.586 11.244 11.482 11.482 11.482 11.482 11.482 11.482 11.386 11.386 11.29 11.29 11.192 11.093
-9999 -9999 10.113 10.681 11.169 11.483 11.576 11.576 11.576 11.576 11.576 11.482 11.482 11.386 11.386 11.29 11.192
-9999 -9999 10.206 10.774 11.033 11.431 11.669 11.669 11.669 11.669 11.669 11.576 11.576 11.482 11.482 11.386 -9999
-9999 -9999 -9999 10.865 11.052 11.354 11.668 11.761 11.761 11.761 11.761 11.669 11.669 11.576 11.576 11.482 -9999
-9999 -9999 -9999 10.956 10.956 11.216 11.614 11.759 11.852 11.852 11.852 11.761 11.761 11.669 11.669 -9999 -9999
-9999 -9999 -9999 11.047 11.047 11.234 11.536 11.705 11.85 11.85 11.943 11.852 11.852 11.761 11.761 11.669 -9999
-9999 -9999 -9999 15.572 15.572 15.572 15.572 15.572 14.627 15.146 15.841 16.474 16.474 16.383 16.383 16.292 -9999
-9999 -9999 -9999 22.97 22.97 22.97 25.137 30.158 30.158 30.158 30.158 29.717 29.717 29.631 29.631 29.54 -9999
-9999 -9999 -9999 23.405 25.571 30.593 30.593 30.593 30.593 30.593 30.593 30.158 30.158 29.717 29.717 -9999 -9999
-9999 -9999 -9999 31.024 31.024 31.024 31.024 31.024 31.024 31.024 31.024 30.593 30.593 30.158 -9999 -9999 -9999
-9999 -9999 -9999 31.453 31.453 31.453 31.453 31.453 31.453 31.453 31.453 31.024 31.024 30.593 -9999 -9999 -9999
-9999 -9999 -9999 31.879 31.879 31.879 31.879 31.879 31.879 31.879 31.879 31.453 31.453 31.024 -9999 -9999 -9999
-9999 -9999 -9999 32.302 32.302 32.302 32.302 32.302 32.302 32.302 32.302 31.879 31.879 31.453 -9999 -9999 -9999
-9999 -9999 -9999 32.723 32.723 32.723 32.723 32.723 32.723 32.723 32.723 32.302 32.302 31.879 -9999 -9999 -9999
-9999 -9999 -9999 33.143 33.143 33.143 33.143 33.143 33.143 33.143 33.143 32.723 32.723 32.302 -9999 -9999 -9999
-9999 -9999 -9999 33.564 33.564 33.564 33.564 33.564 33.564 33.564 33.564 33.563 33.143 32.723 32.723 -9999 -9999
-9999 -9999 -9999 33.564 33.564 33.564 33.564 33.564 33.564 33.564 33.564 33.564 33.564 33.563 33.143 32.723 -9999
-9999 -9999 -9999 33.564 33.564 33.564 33.564 33.564 33.564 33.564 33.564 33.564 33.564 33.564 33.564 33.563 -9999
-9999 -9999 -9999 33.564 33.564 33.564 33.564 33.564 33.564 33.564 33.564 33.564 33.564 33.564 33.564 33.564 -9999
-9999 -9999 -9999 33.564 33.564 33.564 33.564 33.564 33.564 33.564 33.564 33.564 33.564 33.564 -9999 -9999 -9999
-9999 -9999 -9999 33.564 33.564 33.564 33.564 33.564 33.564 33.564 -9999 -9999 -9999 -9999 -9999 -9999 -9999
-9999 -9999 -9999 -9999 33.564 33.564 33.564 33.564 33.564 -9999 -9999 -9999 -9999 -9999 -9999 -9999 -9999
-9999 -9999 -9999 -9999 33.564 33.564 33.564 33.564 33.564 -9999 -9999 -9999 -9999 -9999 -9999 -9999 -9999
-9999 -9999 -9999 -9999 33.564 33.564 33.564 33.564 33.564 -9999 -9999 -9999 -9999 -9999 -9999 -9999 -9999
-9999 -9999 -9999 -9999 33.564 33.564 33.564 33.564 33.564 -9999 -9999 -9999 -9999 -9999 -9999 -9999 -9999
-9999 -9999 -9999 -9999 -9999 33.564 33.564 33.564 -9999 -9999 -9999 -9999 -9999 -9999 -9999 -9999 -9999
-9999 -9999 -9999 -9999 -9999 33.564 33.564 33.564 -9999 -9999 -9999 -9999 -9999 -9999 -9999 -9999 -9999
-9999 -9999 -9999 -9999 -9999 33.564 33.564 33.564 -9999 -9999 -9999 -9999 -9999 -9999 -9999 -9999 -9999
