outputs_txt/Phd_CSDMS_200k_ky_05_03_2024/Basin_4_RLF_1000.txt
ncols         14
nrows         48
xllcorner     1600.000000
yllcorner     0.000000
cellsize      200
NODATA_value  -9999
6.3613 7.0726 7.7081 8.3133 8.3133 7.4703 5.8832 7.6069 7.6069 7.6069 7.6069 7.6069 -9999 -9999
6.3613 7.0726 7.7081 8.5565 8.5565 7.7135 6.1264 7.8501 7.8501 7.8501 7.8501 7.8501 -9999 -9999
7.245 7.8025 8.3047 8.7914 8.7914 7.9483 6.3612 8.0849 8.0849 8.0849 8.0849 8.0849 -9999 -9999
-9999 7.8025 8.3047 8.9979 8.9979 8.1549 6.5678 8.2915 8.2915 8.2915 8.2915 8.2915 -9999 -9999
-9999 7.8025 8.3047 9.1985 9.1985 8.3554 6.7683 8.492 8.492 8.492 8.492 -9999 -9999 -9999
7.245 7.8025 8.4942 9.3894 9.3894 8.5463 6.9592 7.0907 7.0907 7.0907 7.0907 -9999 -9999 -9999
7.245 7.8599 8.7569 9.5747 9.5747 8.7317 7.1446 6.2208 6.2208 6.2208 6.2208 -9999 -9999 -9999
-9999 7.0168 7.9139 8.9065 8.9065 8.9065 7.3194 6.2663 6.2548 6.2548 6.2548 -9999 -9999 -9999
-9999 -9999 7.81 8.4775 8.4775 7.3387 7.3387 6.426 6.426 6.426 6.426 6.426 -9999 -9999
-9999 -9999 7.81 8.6404 8.6404 7.5015 7.5015 6.5888 6.5888 6.5888 6.5888 6.5888 -9999 -9999
-9999 -9999 6.6712 7.6592 7.6592 7.6592 7.6592 6.7465 6.7465 6.7465 6.7465 6.7465 -9999 -9999
-9999 -9999 6.6712 7.8131 7.8131 7.8131 7.8131 6.9004 6.9004 6.9004 6.9004 6.9004 -9999 -9999
-9999 -9999 7.5654 7.9662 8.1087 8.1087 8.1087 7.196 7.196 7.196 7.196 7.196 -9999 -9999
-9999 -9999 7.3572 7.7579 8.0401 8.0401 8.0401 7.3357 7.3357 7.3357 7.3357 7.3357 -9999 -9999
-9999 6.5274 6.9453 7.3461 7.7665 7.7665 7.7665 6.8576 6.8576 6.8576 6.8576 6.8576 -9999 -9999
6.0789 6.5274 6.9453 7.3461 7.902 7.902 7.902 6.9931 6.9931 6.9931 6.9931 6.9931 -9999 -9999
5.7564 6.2049 6.6228 7.0236 7.7122 7.7122 7.7122 6.9526 6.9526 6.9526 6.9526 6.9526 -9999 -9999
5.7564 6.2049 6.6228 7.0236 7.8428 7.8428 7.8428 6.9135 6.9135 6.9135 6.9135 6.9135 -9999 -9999
-9999 6.1682 6.5861 7.1179 7.9349 8.0602 7.4384 7.2995 7.0074 7.0074 7.0074 7.0074 -9999 -9999
-9999 -9999 6.5861 7.1179 7.9349 7.5645 7.5645 7.4256 6.6722 6.6722 6.6722 6.6722 -9999 -9999
-9999 -9999 -9999 6.7649 7.5819 7.69 7.69 7.5512 6.5114 5.782 5.782 5.782 -9999 -9999
-9999 -9999 -9999 7.8461 8.6632 9.1666 7.9387 7.7998 6.7601 5.8863 5.8863 5.8863 5.8863 -9999
-9999 -9999 -9999 7.8461 8.6632 9.1666 8.059 7.9201 6.8804 5.8667 5.8667 5.8667 5.8667 -9999
-9999 -9999 7.9203 7.9203 8.6632 9.1666 8.1781 8.0392 6.1799 5.9265 5.9265 5.9265 5.9265 5.9265
-9999 -9999 8.3295 8.3295 8.6632 9.1666 8.157 8.157 6.2977 6.0443 6.0443 6.0443 6.0443 6.0443
-9999 8.3132 8.7224 9.0026 9.0026 9.1666 8.2736 8.2736 6.4143 6.1609 6.1609 6.1609 6.1609 6.1609
-9999 8.3132 8.7224 9.2753 9.2753 9.2753 8.3893 8.3893 6.53 5.9447 5.7918 5.7918 5.7918 5.7918
7.8863 8.3132 8.7224 9.5408 9.5408 9.5408 8.5039 6.7043 6.6448 6.0595 5.9066 5.9066 5.9066 5.9066
8.6097 9.0367 9.4297 9.8018 10.013 10.222 8.1138 6.9317 6.8699 5.4587 5.4587 5.4587 5.4587 5.4587
8.6097 9.0367 9.4297 9.8018 10.013 10.321 8.2131 7.031 6.9692 5.5779 5.5779 5.5779 5.5779 5.5779
-9999 7.2926 7.6856 8.0577 8.2689 8.5002 7.3201 7.1297 6.3677 5.6766 5.6766 5.6766 5.6766 5.6766
6.8656 7.2926 7.6856 8.0577 8.2689 8.4394 6.4913 6.4913 6.4913 5.7745 5.7745 5.7745 5.7745 5.7745
6.8656 7.2926 7.6856 8.0577 8.2689 8.536 7.0263 6.5879 6.5879 5.8711 5.8711 5.8711 5.8711 5.8711
6.8656 7.2926 7.6856 8.065 8.5242 8.6328 7.123 6.6847 6.6847 5.9679 5.9679 5.9679 5.9679 5.9679
-9999 18.017 18.41 18.79 19.249 19.784 19.784 16.303 14.086 14.086 14.025 13.548 13.548 13.548
-9999 26.856 27.249 27.629 28.088 29.091 29.091 23.394 23.394 28.669 28.669 28.669 28.669 28.669
-9999 -9999 27.249 27.629 28.088 29.554 29.554 23.857 23.857 29.131 29.131 29.131 29.131 29.131
-9999 -9999 27.124 27.629 28.088 30.013 30.013 24.316 24.316 29.59 29.59 29.59 29.59 29.59
-9999 -9999 27.124 27.629 28.088 30.471 30.471 24.774 24.774 30.048 30.048 30.048 30.048 30.048
-9999 -9999 27.124 -9999 -9999 30.926 30.926 25.229 25.229 30.504 30.504 30.504 30.504 30.504
-9999 -9999 -9999 -9999 -9999 -9999 31.379 25.682 25.682 30.957 30.957 30.957 30.957 -9999
-9999 -9999 -9999 -9999 -9999 -9999 -9999 26.132 26.132 31.407 31.407 31.407 -9999 -9999
-9999 -9999 -9999 -9999 -9999 -9999 -9999 26.583 26.583 31.858 31.858 31.858 -9999 -9999
-9999 -9999 -9999 -9999 -9999 -9999 -9999 27.034 27.034 32.309 32.309 32.309 -9999 -9999
-9999 -9999 -9999 -9999 -9999 -9999 -9999 26.046 26.078 26.078 26.078 26.078 -9999 -9999
-9999 -9999 -9999 -9999 -9999 -9999 -9999 -9999 19.798 19.798 19.798 -9999 -9999 -9999
-9999 -9999 -9999 -9999 -9999 -9999 -9999 -9999 -9999 19.347 -9999 -9999 -9999 -9999
-9999 -9999 -9999 -9999 -9999 -9999 -9999 -9999 -9999 18.878 -9999 -9999 -9999 -9999
