outputs_txt/Phd_CSDMS_200k_ky_05_03_2024/Basin_12_RLF_2500.txt
ncols         11
nrows         48
xllcorner     11800.000000
yllcorner     0.000000
cellsize      200
NODATA_value  -9999
-9999 -9999 8.1275 8.1275 8.1275 8.1275 8.1275 8.1275 8.1275 -9999 -9999
-9999 -9999 8.3177 8.3177 8.3177 8.3177 8.3177 8.3177 8.3177 -9999 -9999
-9999 -9999 8.5012 8.5012 8.5012 8.5012 8.5012 8.5012 8.5012 -9999 -9999
-9999 8.6781 8.6781 8.6781 8.6781 8.6781 8.6781 8.6781 8.6781 -9999 -9999
-9999 8.8489 8.8489 8.8489 8.8489 8.8489 8.8489 8.8489 -9999 -9999 -9999
-9999 9.015 9.015 9.015 9.015 9.015 9.015 9.015 9.015 -9999 -9999
-9999 9.177 9.177 9.177 9.177 9.177 9.177 9.177 9.177 -9999 -9999
-9999 9.3367 9.3367 9.3367 9.3367 9.3367 9.3367 9.3367 9.3367 -9999 -9999
-9999 9.6478 9.6478 9.6478 9.6478 9.6478 9.6478 9.6478 9.6478 -9999 -9999
-9999 9.7942 9.7942 9.7942 9.7942 9.7942 9.7942 9.7942 9.7942 -9999 -9999
9.938 9.938 9.938 9.938 9.938 9.938 9.938 9.938 9.938 -9999 -9999
-9999 10.078 10.078 10.078 10.078 10.078 10.078 10.078 10.078 -9999 -9999
-9999 10.215 10.215 10.215 10.215 10.215 10.215 10.215 10.215 -9999 -9999
-9999 10.351 10.351 10.351 10.351 10.351 10.351 10.351 10.351 -9999 -9999
-9999 10.617 10.617 10.617 10.617 10.617 10.617 10.617 10.617 -9999 -9999
-9999 10.742 10.742 10.742 10.742 10.742 10.742 10.742 9.6822 -9999 -9999
-9999 10.868 10.868 10.868 10.868 10.868 9.8075 9.8075 9.8075 -9999 -9999
-9999 9.9304 9.9304 9.9304 9.9304 9.9304 9.9304 9.9304 9.6588 -9999 -9999
9.9304 10.051 10.051 10.051 10.051 10.051 9.7797 9.7797 9.7291 -9999 -9999
9.7797 9.8984 9.8984 9.8984 9.8984 9.8984 9.8478 9.8478 8.8374 -9999 -9999
9.8478 9.9644 9.9644 9.9644 9.9644 9.9644 8.9084 8.9084 8.9084 8.8998 -9999
8.9084 9.0233 9.0233 9.0233 9.0233 9.0233 9.0233 9.0147 9.0147 9.0147 -9999
9.0233 9.1365 9.1365 9.1365 9.1365 9.128 9.128 9.128 9.0878 9.0878 -9999
9.128 9.2397 9.2397 9.2397 9.2397 9.2397 9.1994 9.1994 9.001 9.001 -9999
9.1994 9.3095 9.3095 9.3095 9.3095 9.3095 9.1111 9.1111 8.921 8.921 8.6281
9.1111 9.2204 9.2204 9.2204 9.2204 9.2204 9.0303 9.0303 8.8475 8.8475 -9999
14.966 15.07 15.07 15.07 15.07 15.07 13.764 13.764 13.764 13.764 -9999
24.266 24.796 24.796 24.796 24.796 24.796 24.796 23.76 23.76 23.76 -9999
-9999 25.322 25.322 25.322 25.322 25.322 25.322 25.322 25.322 24.286 -9999
-9999 25.845 25.845 25.845 25.845 25.845 25.845 25.845 25.845 25.845 -9999
-9999 26.365 26.365 26.365 26.365 26.365 26.365 26.365 26.365 26.365 25.845
-9999 26.881 26.881 26.881 26.881 26.881 26.881 26.881 26.881 26.881 -9999
-9999 27.395 27.395 27.395 27.395 27.395 27.395 27.395 27.395 27.395 -9999
-9999 27.905 27.905 27.905 27.905 27.905 27.905 27.905 27.905 27.905 -9999
-9999 28.416 28.416 28.416 28.416 28.416 28.416 28.416 28.416 28.416 -9999
-9999 28.927 28.927 28.927 28.927 28.927 28.927 28.927 28.927 28.927 -9999
-9999 28.927 28.927 28.927 28.927 28.927 28.927 28.927 28.927 28.927 28.927
-9999 28.927 28.927 28.927 28.927 28.927 28.927 28.927 28.927 28.927 28.927
-9999 28.927 28.927 28.927 28.927 28.927 28.927 28.927 28.927 28.927 28.927
-9999 -9999 28.927 28.927 28.927 28.927 28.927 28.927 28.927 -9999 -9999
-9999 -9999 -9999 28.927 28.927 28.927 28.927 28.927 -9999 -9999 -9999
-9999 -9999 -9999 28.927 28.927 28.927 28.927 28.927 -9999 -9999 -9999
-9999 -9999 -9999 28.927 28.927 28.927 28.927 28.927 -9999 -9999 -9999
-9999 -9999 -9999 28.927 28.927 28.927 28.927 28.927 -9999 -9999 -9999
-9999 -9999 -9999 28.927 28.927 28.927 28.927 28.927 -9999 -9999 -9999
-9999 -9999 -9999 -9999 28.927 28.927 28.927 -9999 -9999 -9999 -9999
-9999 -9999 -9999 -9999 28.927 28.927 -9999 -9999 -9999 -9999 -9999
-9999 -9999 -9999 -9999 28.927 28.927 -9999 -9999 -9999 -9999 -9999
