outputs_txt/Phd_CSDMS_200k_ky_05_03_2024/Basin_5_DEM.txt
ncols         17
nrows         48
xllcorner     3800.000000
yllcorner     0.000000
cellsize      200
NODATA_value  -9999
-32768 15.589 14.123 13.864 12.424 11.408 13.459 14.114 15.144 14.364 13.168 13.821 14.61 15.688 -32768 -32768 -32768
-32768 15.199 13.108 14.196 12.125 10.688 12.728 12.67 13.684 12.898 11.711 12.361 13.139 14.174 -32768 -32768 -32768
-32768 14.343 12.279 13.597 11.537 10.1 10.778 11.498 12.514 13.267 11.198 12.65 14.768 16.402 -32768 -32768 -32768
-32768 13.609 11.56 13.175 11.122 9.6838 10.858 12.296 14.379 12.806 10.738 11.923 13.382 15.548 -32768 -32768 -32768
14.431 12.353 10.916 12.955 11.349 9.3116 11.347 12.932 14.41 12.391 10.327 12.387 13.513 13.818 16.003 -32768 -32768
13.875 11.808 10.371 11.479 10.991 8.9561 9.8671 10.886 12.324 11.997 9.9379 10.664 11.44 12.359 13.819 16.009 -32768
13.377 11.317 9.8768 9.4421 9.0337 8.6332 9.8085 11.246 13.305 11.664 9.6043 10.522 11.547 12.732 14.196 16.44 -32768
14.418 13.372 11.315 11.476 10.423 8.3894 9.5651 11.004 13.061 11.356 9.2976 10.215 11.241 12.426 13.888 16.105 -32768
-32768 13.869 11.788 10.35 9.1734 8.1533 9.3295 10.768 12.822 11.07 9.0122 9.9303 10.956 12.141 13.602 -32768 -32768
-32768 13.849 11.773 11.351 9.964 7.929 9.1055 10.545 12.596 10.801 8.7442 9.7709 10.956 12.41 14.53 -32768 -32768
-32768 12.383 10.335 9.3156 8.4825 7.7108 8.8879 10.328 12.376 10.546 8.4887 9.6742 11.125 13.206 -32768 -32768 -32768
-32768 13.207 11.14 9.702 8.5257 7.5052 8.6827 10.123 12.169 10.299 8.2423 9.2697 10.455 11.908 14.011 -32768 -32768
-32768 13.248 11.179 10.755 9.3417 7.3073 8.4853 9.9257 11.971 10.063 8.0059 8.9251 9.952 11.137 12.592 14.726 -32768
-32768 11.788 9.7405 8.7203 7.8864 7.1137 8.2921 9.7329 11.777 9.8364 7.7796 8.699 9.7258 10.91 12.363 14.492 -32768
-32768 12.622 10.565 9.1264 7.95 6.929 8.1081 9.55 11.592 9.6183 7.5622 8.4022 9.3246 10.366 11.604 13.266 15.876
-32768 12.445 10.389 8.9487 7.7715 6.7501 8.1938 10.232 10.866 8.8086 7.3538 8.1949 9.1226 10.18 11.458 13.22 15.783
-32768 12.268 10.215 8.7749 7.5973 6.5756 8.02 10.06 10.665 8.6094 7.1544 7.997 8.9304 10.001 11.301 13.107 15.638
-32768 12.097 10.046 8.6053 7.4273 6.4054 7.8502 9.8901 10.615 9.0182 6.963 7.8081 8.751 9.8407 11.173 13.044 15.469
-32768 11.93 9.8804 8.4396 7.2613 6.2392 7.6848 9.7218 8.5696 8.8303 6.7778 7.6268 8.5808 9.6876 11.039 12.939 15.24
-32768 11.77 9.7196 8.2778 7.099 6.0766 8.1173 9.1636 7.1196 8.3032 6.5984 7.4666 8.4586 9.6208 11.089 13.261 15.167
-32768 12.357 9.9401 8.225 6.9589 5.917 7.9576 8.1393 6.091 6.2569 6.4237 7.0511 8.0233 9.1657 10.574 12.592 14.604
-32768 -32768 10.426 8.384 6.9407 5.7601 7.8001 7.6514 5.9286 7.9715 8.4725 7.9982 9.0844 10.401 12.218 14.635 14.276
-32768 -32768 10.272 8.2309 6.7864 5.6055 7.3381 5.6094 5.767 6.6048 7.5215 8.5458 9.7361 11.234 13.521 14.98 -32768
-32768 -32768 -32768 8.9413 6.8994 5.4526 5.3011 5.4523 6.0605 6.7378 7.5031 8.3955 9.5158 10.882 12.927 14.618 -32768
-32768 -32768 -32768 9.8555 7.8171 6.3742 5.1945 7.2336 8.1027 8.7706 9.5169 10.271 9.898 11.814 14.413 -32768 -32768
-32768 -32768 -32768 9.7509 7.7123 6.2687 5.0885 7.1272 7.8184 8.2523 8.7228 9.2392 8.5364 10.18 12.657 13.975 -32768
-32768 -32768 -32768 9.6454 7.6065 6.1632 4.9831 5.357 5.7411 6.1512 6.5931 7.0747 7.6224 8.9557 10.798 13.19 -32768
-32768 -32768 -32768 9.5432 7.505 6.0621 4.8825 6.919 7.8164 8.2513 8.7226 8.8517 8.5506 9.7565 11.792 13.437 -32768
-32768 -32768 -32768 9.4415 7.404 5.9615 4.7824 5.7758 6.8655 8.1168 9.6946 11.218 10.822 12.164 13.979 -32768 -32768
-32768 -32768 -32768 9.341 7.3042 5.8621 4.6833 5.4554 6.2903 7.209 8.2486 9.4775 11.059 13.441 -32768 -32768 -32768
-32768 -32768 -32768 9.2418 7.2057 5.7639 4.5856 5.3574 6.1928 7.1141 8.1602 9.4014 11.009 13.406 -32768 -32768 -32768
-32768 -32768 -32768 9.1439 7.1084 5.667 4.4891 5.2609 6.0975 7.0232 8.0785 9.3353 10.972 13.377 -32768 -32768 -32768
-32768 -32768 -32768 9.0471 7.0124 5.5714 4.3939 5.1659 6.0054 6.9388 8.008 9.2861 10.962 13.37 -32768 -32768 -32768
-32768 -32768 -32768 8.9527 6.9174 5.4768 4.2998 5.0725 5.9159 6.8583 7.9413 9.2392 10.953 13.345 -32768 -32768 -32768
-32768 -32768 -32768 8.8582 6.8236 5.3834 4.2068 4.9817 5.8331 6.7897 7.892 9.2157 10.98 13.335 -32768 -32768 -32768
-32768 -32768 -32768 8.7648 6.7308 5.2911 4.1149 5.1061 6.184 7.3912 8.8486 9.9798 10.735 11.595 12.543 -32768 -32768
-32768 -32768 -32768 8.6693 6.6381 5.1994 4.0238 6.0526 6.7461 7.1763 7.6454 7.7649 8.2075 8.9626 10.882 11.432 -32768
-32768 -32768 -32768 7.3222 5.8738 4.8488 3.9329 4.3005 4.6763 5.0754 5.5029 5.9783 6.5381 7.2454 8.3329 10.054 -32768
-32768 -32768 -32768 19.418 16.132 13.123 3.8466 13.226 15.271 17.334 17.307 18.142 18.473 18.993 19.688 20.407 -32768
-32768 -32768 -32768 26.376 16.389 9.2626 3.406 9.2646 16.398 26.357 28.543 33.564 32.202 27.724 -32768 -32768 -32768
-32768 -32768 -32768 25.945 15.96 8.8146 2.9712 8.9196 16.746 28.036 -32768 -32768 -32768 -32768 -32768 -32768 -32768
-32768 -32768 -32768 -32768 19.684 9.677 2.5402 9.6789 19.685 -32768 -32768 -32768 -32768 -32768 -32768 -32768 -32768
-32768 -32768 -32768 -32768 19.245 9.2441 2.1112 9.2441 19.235 -32768 -32768 -32768 -32768 -32768 -32768 -32768 -32768
-32768 -32768 -32768 -32768 18.784 8.8081 1.685 8.8081 18.777 -32768 -32768 -32768 -32768 -32768 -32768 -32768 -32768
-32768 -32768 -32768 -32768 18.334 8.3873 1.2615 8.3873 18.33 -32768 -32768 -32768 -32768 -32768 -32768 -32768 -32768
-32768 -32768 -32768 -32768 -32768 10.819 0.84107 10.819 -32768 -32768 -32768 -32768 -32768 -32768 -32768 -32768 -32768
-32768 -32768 -32768 -32768 -32768 9.8671 0.42046 9.8676 -32768 -32768 -32768 -32768 -32768 -32768 -32768 -32768 -32768
-32768 -32768 -32768 -32768 -32768 0.00033823 1.1037e-05 0.00076753 -32768 -32768 -32768 -32768 -32768 -32768 -32768 -32768 -32768
