outputs_txt/Phd_CSDMS_200k_ky_05_03_2024/Basin_9_RLF_2500.txt
ncols         6
nrows         48
xllcorner     9200.000000
yllcorner     0.000000
cellsize      200
NODATA_value  -9999
-9999 -9999 -9999 -9999 7.6609 -9999
-9999 -9999 -9999 7.9142 7.9142 7.9142
-9999 -9999 -9999 8.1598 8.1598 8.1598
-9999 -9999 8.3925 8.3925 8.3925 -9999
-9999 -9999 8.616 8.616 8.616 8.616
-9999 8.8313 8.8313 8.8313 8.8313 8.8313
-9999 9.0419 9.0419 9.0419 9.0419 9.0419
-9999 9.2444 9.2444 9.2444 9.2444 9.2444
-9999 9.4409 9.4409 9.4409 9.4409 9.4409
-9999 9.6318 9.6318 9.6318 9.6318 -9999
-9999 9.8176 9.8176 9.8176 9.8176 -9999
-9999 9.9986 9.9986 9.9986 9.9986 9.9986
-9999 10.177 10.177 10.177 10.177 -9999
10.349 10.35 10.35 10.35 10.35 -9999
9.7339 9.7339 9.7339 9.7339 9.7339 9.7339
9.2505 9.2505 9.2505 9.2505 9.2505 9.2505
8.8233 8.8592 8.8592 8.8592 8.8592 8.8592
8.9821 8.9821 8.9821 8.9821 8.9821 -9999
9.1181 9.1379 9.1379 9.1379 9.1379 9.1379
7.8868 9.2711 9.2711 9.2711 9.2711 9.2711
8.0376 8.0376 8.0376 8.0376 8.0376 8.0376
8.1863 8.1863 8.1863 8.1863 8.1863 8.1863
8.3329 8.3329 8.3329 8.3329 8.3329 8.3329
7.9646 8.4204 8.4204 8.4204 8.4204 8.4204
8.1075 8.1075 8.1075 8.1075 8.1075 8.1075
8.2485 8.2485 8.2485 8.2485 8.2485 8.2485
13.553 13.553 13.553 13.553 13.553 12.507
16.924 22.605 22.605 22.605 22.605 22.605
23.289 23.289 23.289 23.289 23.289 23.289
23.964 23.964 23.964 23.964 23.964 23.964
24.632 24.632 24.632 24.632 24.632 -9999
25.295 25.295 25.295 25.295 25.295 -9999
25.952 25.952 25.952 25.952 25.952 -9999
26.606 26.606 26.606 26.606 26.606 -9999
27.26 27.26 27.26 27.26 27.26 -9999
27.915 27.915 27.915 27.915 27.915 -9999
27.915 27.915 27.915 27.915 27.915 -9999
27.915 27.915 27.915 27.915 27.915 -9999
27.915 27.915 27.915 27.915 27.915 -9999
27.915 27.915 27.915 27.915 27.915 27.915
27.915 27.915 27.915 27.915 27.915 27.915
27.915 27.915 27.915 27.915 27.915 27.915
27.915 27.915 27.915 27.915 27.915 -9999
27.915 27.915 27.915 27.915 27.915 -9999
27.915 27.915 27.915 27.915 -9999 -9999
-9999 27.915 27.915 27.915 -9999 -9999
-9999 27.915 27.915 -9999 -9999 -9999
-9999 27.915 27.915 -9999 -9999 -9999
