outputs_txt/Phd_CSDMS_200k_ky_05_03_2024/Basin_5_RLF_5000.txt
ncols         17
nrows         48
xllcorner     3800.000000
yllcorner     0.000000
cellsize      200
NODATA_value  -9999
-9999 11.245 11.245 11.245 11.245 11.245 11.245 11.245 11.245 11.245 11.245 11.245 11.245 11.139 -9999 -9999 -9999
-9999 11.351 11.351 11.351 11.351 11.351 11.351 11.351 11.351 11.351 11.351 11.351 11.351 11.245 -9999 -9999 -9999
-9999 11.457 11.457 11.457 11.457 11.457 11.457 11.457 11.457 11.457 11.457 11.457 11.457 11.351 -9999 -9999 -9999
-9999 11.557 11.557 11.557 11.557 11.557 11.557 11.557 11.557 11.557 11.557 11.557 11.557 11.457 -9999 -9999 -9999
11.657 11.657 11.657 11.657 11.657 11.657 11.657 11.657 11.657 11.657 11.657 11.657 11.657 11.557 11.557 -9999 -9999
11.757 11.757 11.757 11.757 11.757 11.757 11.757 11.757 11.757 11.757 11.757 11.757 11.757 11.657 11.657 11.557 -9999
11.854 11.854 11.854 11.854 11.854 11.854 11.854 11.854 11.854 11.854 11.854 11.854 11.854 11.757 11.757 11.657 -9999
11.951 11.951 11.951 11.951 11.951 11.951 11.951 11.951 11.951 11.951 11.951 11.951 11.951 11.854 11.854 11.757 -9999
-9999 12.046 12.046 12.046 12.046 12.046 12.046 12.046 12.046 12.046 12.046 12.046 12.046 11.951 11.951 -9999 -9999
-9999 12.14 12.14 12.14 12.14 12.14 12.14 12.14 12.14 12.14 12.14 12.14 12.14 12.046 12.046 -9999 -9999
-9999 12.233 12.233 12.233 12.233 12.233 12.233 12.233 12.233 12.233 12.233 12.233 12.233 12.14 -9999 -9999 -9999
-9999 12.325 12.325 12.325 12.325 12.325 12.325 12.325 12.325 12.325 12.325 12.325 12.325 12.233 12.233 -9999 -9999
-9999 12.416 12.416 12.416 12.416 12.416 12.416 12.416 12.416 12.416 12.416 12.416 12.416 12.325 12.325 12.233 -9999
-9999 12.507 12.507 12.507 12.507 12.507 12.507 12.507 12.507 12.507 12.507 12.507 12.507 12.416 12.416 12.325 -9999
-9999 15.572 15.572 15.572 15.572 15.572 15.572 15.572 15.841 16.56 16.56 16.56 16.56 16.474 16.474 16.383 16.383
-9999 22.97 22.97 22.97 25.137 30.158 30.158 30.158 30.158 30.158 30.158 30.158 30.158 29.717 29.717 29.631 29.631
-9999 23.405 25.571 30.593 30.593 30.593 30.593 30.593 30.593 30.593 30.593 30.593 30.593 30.158 30.158 29.717 29.717
-9999 31.024 31.024 31.024 31.024 31.024 31.024 31.024 31.024 31.024 31.024 31.024 31.024 30.593 30.593 30.158 30.158
-9999 31.453 31.453 31.453 31.453 31.453 31.453 31.453 31.453 31.453 31.453 31.453 31.453 31.024 31.024 30.593 30.593
-9999 31.879 31.879 31.879 31.879 31.879 31.879 31.879 31.879 31.879 31.879 31.879 31.879 31.453 31.453 31.024 31.024
-9999 32.302 32.302 32.302 32.302 32.302 32.302 32.302 32.302 32.302 32.302 32.302 32.302 31.879 31.879 31.453 31.453
-9999 -9999 32.723 32.723 32.723 32.723 32.723 32.723 32.723 32.723 32.723 32.723 32.723 32.302 32.302 31.879 31.879
-9999 -9999 33.143 33.143 33.143 33.143 33.143 33.143 33.143 33.143 33.143 33.143 33.143 32.723 32.723 32.302 -9999
-9999 -9999 -9999 33.564 33.564 33.564 33.564 33.564 33.564 33.564 33.564 33.564 33.564 33.563 33.143 32.723 -9999
-9999 -9999 -9999 33.564 33.564 33.564 33.564 33.564 33.564 33.564 33.564 33.564 33.564 33.564 33.564 -9999 -9999
-9999 -9999 -9999 33.564 33.564 33.564 33.564 33.564 33.564 33.564 33.564 33.564 33.564 33.564 33.564 33.564 -9999
-9999 -9999 -9999 33.564 33.564 33.564 33.564 33.564 33.564 33.564 33.564 33.564 33.564 33.564 33.564 33.564 -9999
-9999 -9999 -9999 33.564 33.564 33.564 33.564 33.564 33.564 33.564 33.564 33.564 33.564 33.564 33.564 33.564 -9999
-9999 -9999 -9999 33.564 33.564 33.564 33.564 33.564 33.564 33.564 33.564 33.564 33.564 33.564 33.564 -9999 -9999
-9999 -9999 -9999 33.564 33.564 33.564 33.564 33.564 33.564 33.564 33.564 33.564 33.564 33.564 -9999 -9999 -9999
-9999 -9999 -9999 33.564 33.564 33.564 33.564 33.564 33.564 33.564 33.564 33.564 33.564 33.564 -9999 -9999 -9999
-9999 -9999 -9999 33.564 33.564 33.564 33.564 33.564 33.564 33.564 33.564 33.564 33.564 33.564 -9999 -9999 -9999
-9999 -9999 -9999 33.564 33.564 33.564 33.564 33.564 33.564 33.564 33.564 33.564 33.564 33.564 -9999 -9999 -9999
-9999 -9999 -9999 33.564 33.564 33.564 33.564 33.564 33.564 33.564 33.564 33.564 33.564 33.564 -9999 -9999 -9999
-9999 -9999 -9999 33.564 33.564 33.564 33.564 33.564 33.564 33.564 33.564 33.564 33.564 33.564 -9999 -9999 -9999
-9999 -9999 -9999 33.564 33.564 33.564 33.564 33.564 33.564 33.564 33.564 33.564 33.564 33.564 33.564 -9999 -9999
-9999 -9999 -9999 33.564 33.564 33.564 33.564 33.564 33.564 33.564 33.564 33.564 33.564 33.564 33.564 33.564 -9999
-9999 -9999 -9999 33.564 33.564 33.564 33.564 33.564 33.564 33.564 33.564 33.564 33.564 33.564 33.564 33.564 -9999
-9999 -9999 -9999 33.564 33.564 33.564 33.564 33.564 33.564 33.564 33.564 33.564 33.564 33.564 33.564 33.564 -9999
-9999 -9999 -9999 33.564 33.564 33.564 33.564 33.564 33.564 33.564 33.564 33.564 33.564 33.564 -9999 -9999 -9999
-9999 -9999 -9999 33.564 33.564 33.564 33.564 33.564 33.564 33.564 -9999 -9999 -9999 -9999 -9999 -9999 -9999
-9999 -9999 -9999 -9999 33.564 33.564 33.564 33.564 33.564 -9999 -9999 -9999 -9999 -9999 -9999 -9999 -9999
-9999 -9999 -9999 -9999 33.564 33.564 33.564 33.564 33.564 -9999 -9999 -9999 -9999 -9999 -9999 -9999 -9999
-9999 -9999 -9999 -9999 33.564 33.564 33.564 33.564 33.564 -9999 -9999 -9999 -9999 -9999 -9999 -9999 -9999
-9999 -9999 -9999 -9999 33.564 33.564 33.564 33.564 33.564 -9999 -9999 -9999 -9999 -9999 -9999 -9999 -9999
-9999 -9999 -9999 -9999 -9999 33.564 33.564 33.564 -9999 -9999 -9999 -9999 -9999 -9999 -9999 -9999 -9999
-9999 -9999 -9999 -9999 -9999 33.564 33.564 33.564 -9999 -9999 -9999 -9999 -9999 -9999 -9999 -9999 -9999
-9999 -9999 -9999 -9999 -9999 33.564 33.564 33.564 -9999 -9999 -9999 -9999 -9999 -9999 -9999 -9999 -9999
