outputs_txt/Phd_CSDMS_200k_ky_05_03_2024/Basin_12_RLF_1000.txt
ncols         11
nrows         48
xllcorner     11800.000000
yllcorner     0.000000
cellsize      200
NODATA_value  -9999
-9999 -9999 6.1733 6.1733 6.1733 6.1733 5.9212 5.9185 5.9185 -9999 -9999
-9999 -9999 6.4884 6.4884 6.4884 6.4884 6.2364 6.2337 6.2337 -9999 -9999
-9999 -9999 6.7697 6.7697 6.7697 6.7697 6.5176 6.5149 6.5149 -9999 -9999
-9999 7.0284 7.0284 7.0284 7.0284 7.0284 6.7764 6.7736 6.7736 -9999 -9999
-9999 7.2711 7.2711 7.2711 7.2711 7.2711 7.0191 7.0164 -9999 -9999 -9999
-9999 7.5036 7.5036 7.5036 7.5036 7.5036 7.2516 7.2489 7.2489 -9999 -9999
-9999 7.7273 7.7273 7.7273 7.7273 7.7273 7.004 7.004 7.004 -9999 -9999
-9999 7.9298 7.9298 7.9298 7.9298 7.9298 6.787 6.787 6.787 -9999 -9999
-9999 8.1275 8.1275 8.1275 8.1275 8.1275 6.7949 5.7349 5.7349 -9999 -9999
-9999 7.2576 7.2576 7.2576 7.2576 7.2576 5.9251 5.9251 5.9251 -9999 -9999
6.4485 7.4412 7.4412 7.4412 7.4412 7.4412 6.1087 6.1087 6.1087 -9999 -9999
-9999 7.3465 7.3465 7.3465 7.3465 7.3465 6.2855 6.2855 6.2855 -9999 -9999
-9999 7.4667 7.4667 7.4667 7.4667 7.4667 6.2037 6.2037 6.2037 -9999 -9999
-9999 6.5767 6.5767 6.5767 6.5767 6.5681 5.6893 5.6893 5.6893 -9999 -9999
-9999 6.7387 6.7387 6.7387 6.7387 6.7302 5.8513 5.8513 5.8513 -9999 -9999
-9999 6.8898 6.8898 6.8898 6.8898 6.8898 6.011 6.011 6.011 -9999 -9999
-9999 7.1607 7.1607 7.1607 7.1607 7.1607 6.1201 6.1201 6.1201 -9999 -9999
-9999 7.1087 7.1087 7.1087 7.1087 7.1087 6.5005 6.5005 6.5005 -9999 -9999
7.0625 7.0625 7.0625 7.0625 7.0625 7.0625 6.6444 6.6444 6.6444 -9999 -9999
7.0194 7.0194 7.0194 7.0194 7.0194 7.0194 6.7841 6.7841 6.7841 -9999 -9999
6.9813 6.9813 6.9813 6.9813 6.9813 6.9813 6.9215 6.9215 6.9215 6.2001 -9999
6.4996 6.4996 6.4996 6.4996 6.4996 7.0571 7.0571 7.0571 7.0571 6.2001 -9999
6.6312 6.7629 6.7629 6.7629 6.7629 7.3229 7.3229 7.3229 7.3229 7.3229 -9999
6.1326 6.3899 6.3899 6.3899 6.3899 7.4486 7.4486 7.4486 7.4486 7.4486 -9999
6.1326 6.5152 6.5152 6.5152 6.5152 7.5739 7.5739 7.5739 7.5739 7.5739 6.8783
6.1326 6.6381 6.6381 6.6381 6.6381 7.6968 7.6968 7.6968 7.6968 7.6968 -9999
6.1326 6.759 6.759 6.759 6.759 7.3689 7.3746 7.3746 7.3746 7.3746 -9999
5.9891 6.7342 6.7342 6.7342 6.7342 7.4876 7.4933 7.4933 7.4933 7.4933 -9999
-9999 6.7107 6.7107 6.7107 6.7107 6.2207 7.6099 7.6099 7.6099 7.6099 -9999
-9999 6.7592 6.7592 6.7592 6.7592 6.3356 6.8691 6.8691 6.8691 6.8691 -9999
-9999 6.8725 6.8725 6.8725 6.8725 6.4489 6.9823 6.9823 6.9823 6.9823 6.0045
-9999 6.9842 6.9842 6.9842 6.9842 6.5606 7.094 7.094 7.094 7.094 -9999
-9999 6.5002 6.5002 6.5002 6.5002 6.5002 7.204 7.204 7.204 7.204 -9999
-9999 6.484 6.484 6.484 6.484 6.484 7.3134 7.3134 7.3134 7.3134 -9999
-9999 15.07 15.07 15.07 15.07 15.07 13.764 13.764 13.764 13.764 -9999
-9999 24.796 24.796 24.796 24.796 24.796 24.796 23.76 23.76 23.76 -9999
-9999 25.322 25.322 25.322 25.322 25.322 25.322 24.286 24.286 24.286 22.607
-9999 25.845 25.845 25.845 25.845 25.845 25.845 24.809 24.809 24.809 22.607
-9999 26.365 26.365 26.365 26.365 26.365 26.365 25.328 25.328 25.328 22.607
-9999 -9999 26.881 26.881 26.881 26.881 26.881 25.845 25.845 -9999 -9999
-9999 -9999 -9999 27.395 27.395 27.395 27.395 26.359 -9999 -9999 -9999
-9999 -9999 -9999 27.905 27.905 27.905 27.905 26.869 -9999 -9999 -9999
-9999 -9999 -9999 28.416 28.416 28.416 28.416 27.38 -9999 -9999 -9999
-9999 -9999 -9999 28.927 28.927 28.927 28.927 27.891 -9999 -9999 -9999
-9999 -9999 -9999 20.705 20.705 20.705 20.705 20.705 -9999 -9999 -9999
-9999 -9999 -9999 -9999 20.168 20.168 20.168 -9999 -9999 -9999 -9999
-9999 -9999 -9999 -9999 19.635 19.635 -9999 -9999 -9999 -9999 -9999
-9999 -9999 -9999 -9999 19.106 19.106 -9999 -9999 -9999 -9999 -9999
