outputs_txt/Phd_CSDMS_200k_ky_05_03_2024/Basin_4_RLF_5000.txt
ncols         14
nrows         48
xllcorner     1600.000000
yllcorner     0.000000
cellsize      200
NODATA_value  -9999
11.623 11.749 11.749 11.875 11.875 11.875 11.875 11.875 11.875 11.875 11.875 11.875 -9999 -9999
11.749 11.875 11.875 12 12.124 12.124 12.124 12.124 12.124 12.124 12.124 12.124 -9999 -9999
11.875 12 12.124 12.124 12.244 12.244 12.244 12.244 12.244 12.244 12.244 12.244 -9999 -9999
-9999 12.124 12.244 12.244 12.363 12.363 12.363 12.363 12.363 12.363 12.363 12.363 -9999 -9999
-9999 12.244 12.363 12.363 12.481 12.481 12.481 12.481 12.481 12.481 12.481 -9999 -9999 -9999
12.363 12.363 12.481 12.481 12.597 12.597 12.597 12.597 12.597 12.597 12.597 -9999 -9999 -9999
12.481 12.481 12.597 12.597 12.713 12.713 12.713 12.713 12.713 12.713 12.713 -9999 -9999 -9999
-9999 12.597 12.713 12.713 12.828 12.828 12.828 12.828 12.828 12.828 12.828 -9999 -9999 -9999
-9999 -9999 12.846 13.055 13.055 13.055 13.055 13.055 13.055 13.055 13.055 13.055 -9999 -9999
-9999 -9999 13.055 13.155 13.155 13.155 13.155 13.155 13.155 13.155 13.155 13.155 -9999 -9999
-9999 -9999 13.155 13.253 13.253 13.253 13.253 13.253 13.253 13.253 13.253 13.253 -9999 -9999
-9999 -9999 13.253 13.351 13.351 13.351 13.351 13.351 13.351 13.351 13.351 13.351 -9999 -9999
-9999 -9999 13.351 13.448 13.448 13.448 13.448 13.448 13.448 13.448 13.448 13.448 -9999 -9999
-9999 -9999 13.448 13.545 13.545 13.545 13.545 13.545 13.545 13.545 13.545 13.545 -9999 -9999
-9999 19.692 19.692 19.784 19.784 19.784 19.784 19.784 19.784 16.303 14.086 14.086 -9999 -9999
28.531 28.623 28.623 29.091 29.091 29.091 29.091 29.091 29.091 28.669 28.669 28.669 -9999 -9999
28.623 29.091 29.091 29.554 29.554 29.554 29.554 29.554 29.554 29.554 29.554 29.131 -9999 -9999
29.091 29.554 29.554 30.013 30.013 30.013 30.013 30.013 30.013 30.013 30.013 30.013 -9999 -9999
-9999 30.013 30.013 30.471 30.471 30.471 30.471 30.471 30.471 30.471 30.471 30.471 -9999 -9999
-9999 -9999 30.471 30.926 30.926 30.926 30.926 30.926 30.926 30.926 30.926 30.926 -9999 -9999
-9999 -9999 -9999 31.379 31.379 31.379 31.379 31.379 31.379 31.379 31.379 31.379 -9999 -9999
-9999 -9999 -9999 31.83 31.83 31.83 31.83 31.83 31.83 31.83 31.83 31.83 31.83 -9999
-9999 -9999 -9999 32.28 32.28 32.28 32.28 32.28 32.28 32.28 32.28 32.28 32.28 -9999
-9999 -9999 32.28 32.732 32.732 32.732 32.732 32.732 32.732 32.732 32.732 32.732 32.732 32.732
-9999 -9999 32.732 32.732 32.732 32.732 32.732 32.732 32.732 32.732 32.732 32.732 32.732 32.732
-9999 32.732 32.732 32.732 32.732 32.732 32.732 32.732 32.732 32.732 32.732 32.732 32.732 32.732
-9999 32.732 32.732 32.732 32.732 32.732 32.732 32.732 32.732 32.732 32.732 32.732 32.732 32.732
32.732 32.732 32.732 32.732 32.732 32.732 32.732 32.732 32.732 32.732 32.732 32.732 32.732 32.732
32.732 32.732 32.732 32.732 32.732 32.732 32.732 32.732 32.732 32.732 32.732 32.732 32.732 32.732
32.732 32.732 32.732 32.732 32.732 32.732 32.732 32.732 32.732 32.732 32.732 32.732 32.732 32.732
-9999 32.732 32.732 32.732 32.732 32.732 32.732 32.732 32.732 32.732 32.732 32.732 32.732 32.732
32.732 32.732 32.732 32.732 32.732 32.732 32.732 32.732 32.732 32.732 32.732 32.732 32.732 32.732
32.732 32.732 32.732 32.732 32.732 32.732 32.732 32.732 32.732 32.732 32.732 32.732 32.732 32.732
32.732 32.732 32.732 32.732 32.732 32.732 32.732 32.732 32.732 32.732 32.732 32.732 32.732 32.732
-9999 32.732 32.732 32.732 32.732 32.732 32.732 32.732 32.732 32.732 32.732 32.732 32.732 32.732
-9999 32.732 32.732 32.732 32.732 32.732 32.732 32.732 32.732 32.732 32.732 32.732 32.732 32.732
-9999 -9999 32.732 32.732 32.732 32.732 32.732 32.732 32.732 32.732 32.732 32.732 32.732 32.732
-9999 -9999 32.732 32.732 32.732 32.732 32.732 32.732 32.732 32.732 32.732 32.732 32.732 32.732
-9999 -9999 32.732 32.732 32.732 32.732 32.732 32.732 32.732 32.732 32.732 32.732 32.732 32.732
-9999 -9999 32.732 -9999 -9999 32.732 32.732 32.732 32.732 32.732 32.732 32.732 32.732 32.732
-9999 -9999 -9999 -9999 -9999 -9999 32.732 32.732 32.732 32.732 32.732 32.732 32.732 -9999
-9999 -9999 -9999 -9999 -9999 -9999 -9999 32.732 32.732 32.732 32.732 32.732 -9999 -9999
-9999 -9999 -9999 -9999 -9999 -9999 -9999 32.732 32.732 32.732 32.732 32.732 -9999 -9999
-9999 -9999 -9999 -9999 -9999 -9999 -9999 32.732 32.732 32.732 32.732 32.732 -9999 -9999
-9999 -9999 -9999 -9999 -9999 -9999 -9999 32.732 32.732 32.732 32.732 32.732 -9999 -9999
-9999 -9999 -9999 -9999 -9999 -9999 -9999 -9999 32.732 32.732 32.732 -9999 -9999 -9999
-9999 -9999 -9999 -9999 -9999 -9999 -9999 -9999 -9999 32.732 -9999 -9999 -9999 -9999
-9999 -9999 -9999 -9999 -9999 -9999 -9999 -9999 -9999 32.732 -9999 -9999 -9999 -9999
