outputs_txt/Phd_CSDMS_200k_ky_05_03_2024/Basin_17_RLF_2500.txt
ncols         13
nrows         48
xllcorner     17000.000000
yllcorner     0.000000
cellsize      200
NODATA_value  -9999
-9999 -9999 -9999 8.2638 8.3021 8.5152 8.5152 8.5152 8.5152 8.5152 8.5152 8.5152 8.5152
-9999 -9999 -9999 8.5152 8.5152 8.667 8.667 8.667 8.667 8.667 8.667 8.667 8.667
-9999 -9999 8.5152 8.667 8.667 8.8181 8.8181 8.8181 8.8181 8.8181 8.8181 8.8181 8.8181
-9999 -9999 8.667 8.8181 8.8181 8.9656 8.9656 8.9656 8.9656 8.9656 8.9656 8.9656 8.9656
-9999 -9999 8.8181 8.9656 8.9656 9.11 9.11 9.11 9.11 9.11 9.11 9.11 9.11
-9999 -9999 -9999 9.11 9.11 9.2531 9.2531 9.2531 9.2531 9.2531 9.2531 9.2531 9.2531
-9999 -9999 -9999 9.2531 9.2531 9.3924 9.3924 9.3924 9.3924 9.3924 9.3924 9.3924 9.3924
-9999 -9999 -9999 9.3924 9.3924 9.53 9.53 9.53 9.53 9.53 9.53 9.53 9.53
-9999 -9999 -9999 9.53 9.53 9.6552 9.6552 9.6552 9.6552 9.6552 9.6552 9.6552 9.6552
-9999 -9999 -9999 9.6552 9.6552 9.7792 9.7792 9.7792 9.7792 9.7792 9.7792 9.7792 9.7792
-9999 -9999 9.6552 9.7792 9.7792 9.9019 9.9019 9.9019 9.9019 9.9019 9.9019 9.9019 9.2755
-9999 -9999 9.7792 9.9019 9.9019 10.021 10.021 10.021 10.021 10.021 9.3951 9.3396 9.3396
-9999 -9999 9.9019 10.021 10.021 10.139 10.139 10.139 9.5124 9.4569 9.4569 9.4569 9.4569
-9999 -9999 -9999 8.8743 8.8743 8.9901 8.9901 8.9901 8.9901 8.9901 8.9901 8.9901 8.9851
-9999 -9999 -9999 -9999 8.9901 9.1043 9.1043 9.1043 9.1043 9.1043 9.1043 9.0993 9.0993
-9999 -9999 -9999 -9999 9.1043 9.2144 9.2144 9.2144 9.2144 9.2094 9.2094 9.2094 9.0486
-9999 -9999 -9999 9.2144 9.2144 9.3238 9.3238 9.3188 9.3188 9.3188 9.158 9.158 9.158
-9999 -9999 9.2094 9.3188 9.3188 9.4262 9.4262 9.4262 9.2654 9.2654 9.2654 9.2654 9.2654
-9999 -9999 9.158 9.2654 9.2654 9.3724 9.3724 9.3724 9.3724 9.3724 9.3724 9.3724 9.3724
-9999 -9999 9.2654 9.3724 9.3724 9.4765 9.4765 9.4765 9.4765 9.4765 9.4765 9.4765 8.523
-9999 9.3724 9.3724 9.4765 9.4765 9.5787 9.5787 9.5787 9.5787 9.5787 9.5787 8.6252 8.6252
-9999 -9999 9.4765 9.5787 9.5787 9.6799 9.6799 9.6799 9.6799 8.7264 8.7264 8.7264 8.7264
-9999 -9999 -9999 9.6799 9.6799 9.7795 9.7795 8.826 8.826 8.826 8.826 8.826 8.826
-9999 -9999 -9999 8.826 8.826 8.9242 8.9242 8.9242 8.9242 8.9242 8.9242 8.9242 8.9242
-9999 -9999 -9999 8.9242 8.9242 9.0213 9.0213 9.0213 9.0213 9.0213 9.0213 9.0213 9.0213
-9999 -9999 8.9242 9.0213 9.0213 9.1181 9.1181 9.1181 9.1181 9.1181 9.1181 9.1181 9.1181
-9999 -9999 14.851 14.947 14.947 15.038 15.038 15.038 14.205 14.205 13.75 13.75 13.75
-9999 -9999 -9999 28.819 28.819 29.283 29.283 29.283 29.283 25.273 22.904 18.289 18.289
-9999 -9999 -9999 29.283 29.283 29.742 29.742 29.742 29.742 29.742 29.742 25.732 23.363
-9999 -9999 -9999 29.742 29.742 30.198 30.198 30.198 30.198 30.198 30.198 30.198 30.198
-9999 -9999 -9999 30.198 30.198 30.651 30.651 30.651 30.651 30.651 30.651 30.651 30.651
-9999 -9999 -9999 30.651 30.651 31.102 31.102 31.102 31.102 31.102 31.102 31.102 31.102
-9999 -9999 -9999 31.102 31.102 31.551 31.551 31.551 31.551 31.551 31.551 31.551 31.551
-9999 -9999 -9999 31.551 31.551 31.998 31.998 31.998 31.998 31.998 31.998 31.998 31.998
-9999 31.551 31.551 31.998 31.998 32.445 32.445 32.445 32.445 32.445 32.445 32.445 32.445
31.551 31.998 31.998 32.445 32.891 32.892 32.892 32.892 32.892 32.892 32.892 32.892 32.892
-9999 32.445 32.891 32.892 32.892 32.892 32.892 32.892 32.892 32.892 32.892 32.892 32.892
-9999 32.892 32.892 32.892 32.892 32.892 32.892 32.892 32.892 32.892 32.892 32.892 32.892
-9999 32.892 32.892 32.892 32.892 32.892 32.892 32.892 32.892 32.892 32.892 32.892 32.892
-9999 -9999 -9999 32.892 32.892 32.892 32.892 32.892 32.892 32.892 32.892 32.892 32.892
-9999 -9999 -9999 -9999 -9999 -9999 32.892 32.892 32.892 32.892 32.892 32.892 32.892
-9999 -9999 -9999 -9999 -9999 -9999 -9999 32.892 32.892 32.892 32.892 32.892 32.892
-9999 -9999 -9999 -9999 -9999 -9999 -9999 32.892 32.892 32.892 32.892 32.892 -9999
-9999 -9999 -9999 -9999 -9999 -9999 -9999 32.892 32.892 32.892 32.892 32.892 -9999
-9999 -9999 -9999 -9999 -9999 -9999 -9999 32.892 32.892 32.892 32.892 32.892 -9999
-9999 -9999 -9999 -9999 -9999 -9999 -9999 -9999 32.892 32.892 32.892 32.892 -9999
-9999 -9999 -9999 -9999 -9999 -9999 -9999 -9999 32.892 32.892 32.892 32.892 -9999
-9999 -9999 -9999 -9999 -9999 -9999 -9999 -9999 32.892 32.892 32.892 32.892 -9999
