outputs_txt/Phd_CSDMS_200k_ky_05_03_2024/Basin_10_DEM.txt
ncols         10
nrows         48
xllcorner     10200.000000
yllcorner     0.000000
cellsize      200
NODATA_value  -9999
18.806 16.133 14.38 13.458 12.687 13.682 15.121 14.394 15.407 16.874
-32768 16.86 14.686 13.221 12.013 12.666 14.345 13.567 15.002 17.161
-32768 16.462 14.325 13.524 11.452 11.753 12.3 12.889 14.327 16.443
16.896 14.913 12.87 11.846 10.931 11.295 12.473 13.911 16.016 -32768
-32768 15.202 13.118 11.677 10.494 10.876 11.9 13.077 14.521 -32768
-32768 14.917 12.841 11.399 10.218 11.241 12.417 13.857 15.971 -32768
-32768 14.652 12.581 11.14 9.9602 10.982 12.159 13.598 15.705 -32768
-32768 14.403 12.337 10.896 9.7177 10.739 11.915 13.354 15.451 -32768
-32768 14.165 12.105 10.666 9.488 10.508 11.684 13.122 15.212 -32768
15.512 13.088 11.501 10.293 9.2693 10.289 11.464 12.903 14.984 -32768
15.109 12.772 11.266 10.081 9.0613 10.237 11.675 13.726 -32768 -32768
-32768 13.524 11.474 10.037 8.8615 9.8795 11.054 12.492 14.562 -32768
15.12 13.329 11.281 9.8436 8.669 9.6864 10.86 12.296 14.362 -32768
14.631 12.257 10.701 9.5035 8.4831 9.5001 10.673 12.109 14.17 -32768
-32768 12.956 10.913 9.4776 8.304 9.3205 10.493 11.928 13.986 -32768
-32768 12.781 10.739 9.3034 8.1302 9.1463 10.319 11.753 13.807 -32768
-32768 12.609 10.569 9.1341 7.9613 8.9771 10.149 11.583 13.634 -32768
14.358 12.031 10.19 8.8625 7.797 8.8125 9.9843 11.419 13.465 -32768
-32768 12.278 10.243 8.8092 7.6375 8.8091 10.243 12.276 -32768 -32768
-32768 12.121 10.086 8.6524 7.4813 8.6524 10.086 12.118 -32768 -32768
-32768 11.965 9.9318 8.4989 7.3283 8.4989 9.9318 11.962 -32768 -32768
-32768 11.813 9.7808 8.3484 7.1784 8.3484 9.7808 11.811 -32768 -32768
-32768 11.663 9.6327 8.2008 7.0313 8.2008 9.6327 11.663 -32768 -32768
-32768 11.518 9.4874 8.056 6.8869 8.056 9.4874 11.516 -32768 -32768
-32768 11.372 9.3446 7.9137 6.745 7.9137 9.3446 11.372 -32768 -32768
-32768 11.232 9.2043 7.7738 6.6056 7.7738 9.2043 11.231 -32768 -32768
-32768 11.093 9.0664 7.6363 6.4685 7.6362 9.0659 11.089 -32768 -32768
-32768 10.956 8.9306 7.501 6.3335 7.3447 8.5121 9.9424 -32768 -32768
-32768 10.822 8.7973 7.3681 6.201 7.2117 8.3785 9.8075 11.836 -32768
-32768 10.691 8.667 7.2381 6.0707 7.0811 8.2476 9.6762 11.703 -32768
11.653 10.667 8.619 7.9597 5.9426 6.9527 8.1189 9.5472 11.573 -32768
10.749 8.6298 7.1854 7.5801 5.8158 6.8257 7.9916 9.4196 11.445 -32768
9.7399 7.7112 6.281 5.5662 5.6903 6.7006 7.8668 9.2952 11.32 -32768
10.091 8.039 6.6095 5.4442 6.3465 7.355 8.5194 9.9459 11.973 -32768
9.9742 7.9197 6.4897 5.3242 6.2269 7.2357 8.4004 9.8273 11.854 -32768
9.8597 7.8018 6.3715 5.2062 6.1094 7.1185 8.2832 9.709 11.734 -32768
9.743 7.6847 6.2549 5.0899 7.0363 8.0397 8.7276 9.1333 11.089 -32768
8.3374 6.8986 5.8822 4.9744 5.5039 6.0586 6.6929 7.4507 8.7391 -32768
20.745 18.16 14.27 4.8639 14.158 16.561 18.961 18.894 21.488 -32768
-32768 21.429 11.435 4.3028 10.127 17.234 27.198 32.841 -32768 -32768
-32768 20.876 10.869 3.7494 9.5587 16.669 26.655 -32768 -32768 -32768
-32768 20.318 10.316 3.2013 9.0061 16.113 26.083 -32768 -32768 -32768
-32768 19.78 9.7681 2.6584 8.4588 15.562 25.519 -32768 -32768 -32768
-32768 19.205 9.2379 2.1207 7.9214 15.039 24.996 -32768 -32768 -32768
-32768 -32768 11.587 1.5881 8.6941 18.66 -32768 -32768 -32768 -32768
-32768 -32768 11.04 1.0576 11.023 -32768 -32768 -32768 -32768 -32768
-32768 -32768 -32768 0.52875 -32768 -32768 -32768 -32768 -32768 -32768
-32768 -32768 -32768 0.00065311 -32768 -32768 -32768 -32768 -32768 -32768
