outputs_txt/Phd_CSDMS_200k_ky_05_03_2024/Basin_17_RLF_1000.txt
ncols         13
nrows         48
xllcorner     17000.000000
yllcorner     0.000000
cellsize      200
NODATA_value  -9999
-9999 -9999 -9999 5.6437 5.6437 6.2607 6.2607 6.2607 5.6344 5.5789 5.5789 5.5789 5.5789
-9999 -9999 -9999 5.9675 5.9675 6.597 6.597 6.597 5.9707 5.9152 5.9152 5.9152 5.9152
-9999 -9999 6.2794 6.2794 6.2794 6.9081 6.9081 6.9081 6.2818 6.2263 6.2263 6.2263 6.2263
-9999 -9999 6.5738 6.5738 6.5738 7.1988 7.1988 7.1988 6.5725 6.517 6.517 6.517 6.517
-9999 -9999 6.8534 6.8534 6.8534 7.4779 7.4779 7.4779 6.8516 6.7961 6.7961 6.7961 6.7961
-9999 -9999 -9999 5.8559 5.8559 6.4823 6.4823 6.4773 5.962 5.962 5.962 5.962 5.476
-9999 -9999 -9999 6.1115 6.1115 6.7441 6.7441 6.7391 5.7378 5.7378 5.7378 5.7378 5.7378
-9999 -9999 -9999 6.3591 6.3591 6.9994 6.9994 6.9944 5.9931 5.9931 5.9931 5.9931 5.9931
-9999 -9999 -9999 6.8222 7.0377 7.2508 7.2508 7.2458 6.1002 6.1002 6.1002 6.1002 6.1002
-9999 -9999 -9999 6.8172 7.0327 7.3976 7.3976 7.3976 6.252 6.252 6.252 6.252 6.252
-9999 -9999 6.4373 6.6564 6.8719 7.3879 7.3879 7.2188 6.4031 6.4031 6.4031 6.4031 6.4031
-9999 -9999 6.4373 6.6564 6.8719 7.5355 7.5355 7.0617 6.5506 6.5506 6.5506 6.5506 6.5506
-9999 -9999 6.4373 6.6564 6.8719 7.6798 7.6798 6.9181 5.8576 5.2573 5.2573 5.2573 5.2573
-9999 -9999 -9999 6.6564 6.8719 7.8229 7.8229 6.787 6.0007 5.3844 5.0508 4.8693 4.8693
-9999 -9999 -9999 -9999 6.8719 7.9623 7.9623 6.1401 6.1401 5.5237 5.1902 4.3784 4.3784
-9999 -9999 -9999 -9999 6.7857 7.1115 7.1115 6.2777 6.2777 5.6613 5.3278 4.516 4.516
-9999 -9999 -9999 6.4554 6.7857 7.2367 7.2367 6.4029 6.4029 5.7865 5.453 4.6412 4.6412
-9999 -9999 6.1109 6.4554 6.7857 7.3606 7.3606 6.5269 6.5269 5.9105 5.5769 4.7652 4.7652
-9999 -9999 6.1457 6.4903 6.8206 7.5182 7.5182 7.5182 6.6495 6.0332 5.6996 4.6787 4.6787
-9999 -9999 6.1457 6.4903 6.8206 7.6378 7.6378 7.6378 6.6566 5.8604 5.6876 4.7841 4.7841
-9999 5.7851 6.1457 6.4903 6.9366 7.755 7.755 7.755 6.7738 5.9777 5.8048 4.9014 4.9014
-9999 -9999 6.1457 6.4903 6.9366 7.8709 7.8709 7.8709 6.8897 6.0935 5.2015 4.958 4.958
-9999 -9999 -9999 6.9961 7.4983 7.9851 7.9851 7.9851 7.0039 6.2077 5.0722 5.0722 5.0722
-9999 -9999 -9999 6.9961 7.4983 8.0951 8.0951 8.0951 7.1139 6.3178 5.1823 5.1823 5.1823
-9999 -9999 -9999 6.9961 7.4983 8.2045 8.2045 8.2045 7.2233 6.4272 5.2916 5.2916 5.2916
-9999 -9999 6.4389 6.9961 7.4983 8.3119 8.3119 8.3119 7.3307 6.5345 5.399 5.399 5.399
-9999 -9999 6.8731 7.4302 7.9322 8.4189 8.4189 8.4189 7.4377 5.391 4.7089 4.7089 4.7089
-9999 -9999 -9999 7.174 7.6761 8.2669 8.2669 8.2669 6.2018 4.8131 4.8131 4.8131 4.8131
-9999 -9999 -9999 7.0503 7.5523 8.2453 8.2453 8.2453 6.1844 4.9153 4.9153 4.9153 4.9153
-9999 -9999 -9999 6.8556 7.395 8.1519 8.1519 7.8828 5.8333 4.937 4.5266 4.5266 4.5266
-9999 -9999 -9999 6.9701 7.609 8.366 8.366 7.9824 5.9329 5.036 4.6262 4.6262 4.6262
-9999 -9999 -9999 6.9701 7.609 8.4641 8.4641 8.0806 6.031 5.1341 4.7243 4.7243 4.7243
-9999 -9999 -9999 6.9701 7.609 8.5613 8.5613 8.1777 6.1282 5.1802 4.8215 4.8215 4.8215
-9999 -9999 -9999 7.9354 8.3003 8.658 8.658 7.8834 5.802 5.2769 4.9182 4.9182 4.9182
-9999 13.428 13.839 14.225 14.59 15.038 15.038 15.038 14.205 14.205 13.75 13.75 13.75
26.749 27.208 27.619 28.005 28.37 29.283 29.283 29.283 29.283 25.273 22.904 18.289 18.289
-9999 27.208 27.619 28.005 28.37 29.742 29.742 29.742 29.742 25.732 25.536 22.898 22.898
-9999 27.208 27.619 28.005 28.37 30.198 30.198 30.198 30.198 26.188 25.992 23.354 23.354
-9999 27.208 27.619 28.005 28.37 30.651 30.651 30.651 30.651 26.641 26.445 23.807 23.807
-9999 -9999 -9999 28.005 28.37 31.102 31.102 31.102 31.102 27.092 26.896 24.258 24.258
-9999 -9999 -9999 -9999 -9999 -9999 31.551 31.551 31.551 27.541 27.345 24.707 24.707
-9999 -9999 -9999 -9999 -9999 -9999 -9999 31.998 31.998 27.988 27.791 25.153 25.153
-9999 -9999 -9999 -9999 -9999 -9999 -9999 32.445 32.445 28.435 28.238 25.6 -9999
-9999 -9999 -9999 -9999 -9999 -9999 -9999 32.892 32.892 28.882 28.686 26.048 -9999
-9999 -9999 -9999 -9999 -9999 -9999 -9999 28.686 28.686 28.686 28.686 26.048 -9999
-9999 -9999 -9999 -9999 -9999 -9999 -9999 -9999 25.608 25.608 25.608 25.608 -9999
-9999 -9999 -9999 -9999 -9999 -9999 -9999 -9999 19.333 19.333 19.333 19.333 -9999
-9999 -9999 -9999 -9999 -9999 -9999 -9999 -9999 18.876 18.876 18.876 18.876 -9999
