outputs_txt/Phd_CSDMS_200k_ky_05_03_2024/Basin_4_RLF_2500.txt
ncols         14
nrows         48
xllcorner     1600.000000
yllcorner     0.000000
cellsize      200
NODATA_value  -9999
9.5747 9.7495 9.7495 9.9207 9.9207 9.9207 9.9207 9.9207 9.9207 9.9207 9.9207 9.9207 -9999 -9999
9.7495 9.9207 9.9207 10.084 10.084 10.084 10.084 10.084 10.084 10.084 10.084 10.084 -9999 -9999
9.9207 10.084 10.084 10.241 10.241 10.241 10.241 10.241 10.241 10.241 10.241 10.241 -9999 -9999
-9999 10.241 10.241 10.395 10.395 10.395 10.395 10.395 10.395 10.395 10.395 10.395 -9999 -9999
-9999 10.395 10.395 10.548 10.691 10.691 10.691 10.691 10.691 10.691 10.691 -9999 -9999 -9999
10.395 10.548 10.691 10.691 10.83 10.83 10.83 10.83 10.83 10.83 10.83 -9999 -9999 -9999
10.691 10.691 10.83 10.83 10.969 10.969 10.969 10.969 10.969 10.969 10.969 -9999 -9999 -9999
-9999 10.83 10.969 10.969 11.104 11.104 11.104 11.104 11.104 11.104 11.104 -9999 -9999 -9999
-9999 -9999 11.104 11.104 11.237 11.237 11.237 11.237 11.237 11.237 11.237 11.237 -9999 -9999
-9999 -9999 11.237 11.237 11.367 11.367 11.367 11.367 11.367 11.367 11.367 10.661 -9999 -9999
-9999 -9999 11.367 11.367 11.496 11.623 11.623 11.623 11.623 11.623 11.623 10.917 -9999 -9999
-9999 -9999 11.496 11.623 11.623 11.749 11.749 11.749 11.749 11.749 11.043 11.043 -9999 -9999
-9999 -9999 11.623 11.749 11.749 11.875 11.875 11.875 11.875 11.168 11.168 11.168 -9999 -9999
-9999 -9999 11.749 11.875 11.875 12 12.124 11.281 11.281 11.281 10.68 9.8249 -9999 -9999
-9999 11.875 11.875 12 12.124 11.281 11.401 11.401 10.801 10.801 9.6618 9.6618 -9999 -9999
11.032 11.157 11.281 11.281 11.401 11.401 10.92 10.92 10.92 9.7809 9.7809 9.7809 -9999 -9999
10.556 10.68 10.801 10.801 10.92 10.92 11.038 9.8987 9.8987 9.8987 9.8987 9.8987 -9999 -9999
10.68 10.801 10.92 10.92 11.038 9.8987 10.015 10.015 10.015 10.015 10.015 10.015 -9999 -9999
-9999 9.7809 9.8987 9.8987 10.015 10.015 10.131 10.131 10.131 10.131 10.131 9.9228 -9999 -9999
-9999 -9999 10.015 10.015 10.131 10.131 10.246 10.246 10.246 10.038 10.038 9.9948 -9999 -9999
-9999 -9999 -9999 10.131 10.264 10.473 10.473 10.265 10.265 10.222 10.222 10.222 -9999 -9999
-9999 -9999 -9999 10.265 10.265 10.364 10.364 10.321 10.321 10.321 10.321 10.321 10.321 -9999
-9999 -9999 -9999 10.321 10.321 10.42 10.42 10.42 10.42 10.42 10.42 10.42 10.42 -9999
-9999 -9999 10.321 10.42 10.42 10.518 10.518 10.518 10.518 10.518 10.518 10.518 10.518 10.518
-9999 -9999 10.42 10.518 10.518 10.615 10.615 10.615 10.615 10.615 10.615 10.615 10.615 10.615
-9999 10.518 10.518 10.615 10.615 10.711 10.711 10.711 10.711 10.711 10.711 10.711 10.711 10.711
-9999 19.595 19.595 19.692 19.692 19.784 19.784 16.303 14.086 14.086 14.025 13.548 13.548 13.548
28.434 28.531 28.531 28.623 28.623 29.091 29.091 23.394 23.394 28.669 28.669 28.669 28.669 28.669
28.531 28.623 28.623 29.091 29.091 29.554 29.554 29.554 29.554 29.131 29.131 29.131 29.131 29.131
28.623 29.091 29.091 29.554 29.554 30.013 30.013 30.013 30.013 30.013 30.013 29.59 29.59 29.59
-9999 29.554 29.554 30.013 30.013 30.471 30.471 30.471 30.471 30.471 30.471 30.471 30.048 30.048
29.554 30.013 30.013 30.471 30.471 30.926 30.926 30.926 30.926 30.926 30.926 30.926 30.926 30.504
30.013 30.471 30.471 30.926 30.926 31.379 31.379 31.379 31.379 31.379 31.379 31.379 31.379 30.957
30.471 30.926 30.926 31.379 31.379 31.83 31.83 31.83 31.83 31.83 31.83 31.83 31.83 31.83
-9999 31.379 31.379 31.83 31.83 32.28 32.28 32.28 32.28 32.28 32.28 32.28 32.28 32.28
-9999 31.83 31.83 32.28 32.28 32.732 32.732 32.732 32.732 32.732 32.732 32.732 32.732 32.732
-9999 -9999 32.28 32.732 32.732 32.732 32.732 32.732 32.732 32.732 32.732 32.732 32.732 32.732
-9999 -9999 32.732 32.732 32.732 32.732 32.732 32.732 32.732 32.732 32.732 32.732 32.732 32.732
-9999 -9999 32.732 32.732 32.732 32.732 32.732 32.732 32.732 32.732 32.732 32.732 32.732 32.732
-9999 -9999 32.732 -9999 -9999 32.732 32.732 32.732 32.732 32.732 32.732 32.732 32.732 32.732
-9999 -9999 -9999 -9999 -9999 -9999 32.732 32.732 32.732 32.732 32.732 32.732 32.732 -9999
-9999 -9999 -9999 -9999 -9999 -9999 -9999 32.732 32.732 32.732 32.732 32.732 -9999 -9999
-9999 -9999 -9999 -9999 -9999 -9999 -9999 32.732 32.732 32.732 32.732 32.732 -9999 -9999
-9999 -9999 -9999 -9999 -9999 -9999 -9999 32.732 32.732 32.732 32.732 32.732 -9999 -9999
-9999 -9999 -9999 -9999 -9999 -9999 -9999 32.732 32.732 32.732 32.732 32.732 -9999 -9999
-9999 -9999 -9999 -9999 -9999 -9999 -9999 -9999 32.732 32.732 32.732 -9999 -9999 -9999
-9999 -9999 -9999 -9999 -9999 -9999 -9999 -9999 -9999 32.732 -9999 -9999 -9999 -9999
-9999 -9999 -9999 -9999 -9999 -9999 -9999 -9999 -9999 32.732 -9999 -9999 -9999 -9999
