outputs_txt/Phd_CSDMS_200k_ky_05_03_2024/Basin_5_RLF_1000.txt
ncols         17
nrows         48
xllcorner     3800.000000
yllcorner     0.000000
cellsize      200
NODATA_value  -9999
-9999 6.2778 6.2778 6.2778 6.2778 6.2778 5.8323 5.8323 5.8323 7.0903 6.0751 6.0751 6.0751 6.0751 -9999 -9999 -9999
-9999 6.6334 6.6334 6.6334 6.6334 6.6334 6.1878 6.1878 6.1878 7.4458 6.5347 6.464 6.464 6.464 -9999 -9999 -9999
-9999 6.9562 6.9562 6.9562 6.9562 6.9562 6.5107 6.5107 6.5107 7.7686 6.7975 6.8355 6.8355 6.8355 -9999 -9999 -9999
-9999 7.2001 7.2001 7.2001 7.2001 7.2001 6.7546 6.7546 6.7546 8.0125 7.1042 7.1422 7.1422 7.1422 -9999 -9999 -9999
6.5557 7.4362 7.4362 7.4362 7.4362 7.4362 6.9907 6.9907 6.9907 8.2486 7.3896 7.4276 7.4276 7.4276 7.4276 -9999 -9999
6.1656 7.2703 7.2703 7.2703 7.2703 7.2703 6.4813 6.4813 6.8393 8.4729 7.6577 7.6957 7.6957 7.6957 7.6957 6.669 -9999
5.9482 6.72 6.72 6.72 6.72 6.6995 6.6995 6.6995 7.0575 8.6911 7.9132 7.9512 7.9512 7.9512 7.9512 6.7656 -9999
5.9482 6.9255 6.9255 6.9255 6.9255 6.9051 6.9051 6.9051 6.9051 8.043 7.7611 8.1975 8.1975 8.1975 8.1975 7.1702 -9999
-9999 7.1234 7.1234 7.1234 7.1234 7.1029 7.1029 7.1029 7.1029 7.1029 7.9976 8.434 8.434 8.434 8.434 -9999 -9999
-9999 7.3047 7.3047 7.3047 7.3047 6.7553 6.1917 6.1917 6.1917 6.1917 6.7503 8.6603 8.6603 8.6603 8.6603 -9999 -9999
-9999 7.4894 7.4894 7.4894 7.4894 6.94 6.3763 6.3763 6.3763 6.3763 6.9677 8.8776 8.8776 8.8776 -9999 -9999 -9999
-9999 7.6684 7.6684 7.6684 7.6684 7.1189 6.3106 6.3106 6.3106 6.4557 7.1761 8.7513 8.7513 8.7513 8.7513 -9999 -9999
-9999 7.2934 7.2934 7.2934 7.2934 7.2934 6.2464 6.2464 6.2464 6.6301 7.3754 7.5712 8.7211 8.7211 8.7211 7.8786 -9999
-9999 7.4436 7.4436 7.4436 7.4436 7.4436 6.1903 6.1903 6.1903 6.8003 7.5668 7.7626 8.9125 8.9125 8.9125 8.0674 -9999
-9999 7.0085 7.0085 7.0085 7.0085 7.0085 6.1369 6.1369 6.1369 6.9666 7.2337 7.9479 9.0977 9.0977 9.0977 8.2488 7.2947
-9999 7.171 7.171 7.171 7.171 7.171 6.0927 6.0927 6.0927 6.0927 7.4131 8.1273 9.2772 9.2772 9.2772 8.409 7.4169
-9999 7.3307 7.3307 7.3307 7.3307 7.3307 6.0537 6.0537 6.0537 6.0537 6.501 8.6346 9.7845 9.6187 9.4518 8.8244 7.8522
-9999 6.8621 6.8621 6.8621 6.8621 6.8621 6.0164 6.0164 6.0164 6.0164 6.4347 8.7061 9.9469 9.6187 9.4518 8.8244 7.8522
-9999 7.0167 7.0167 7.0167 7.0167 7.0167 5.9863 5.9863 5.9863 5.9863 7.9111 9.3709 10.109 9.6187 9.4518 8.8244 7.8522
-9999 6.9919 7.1435 7.1435 7.1435 7.1435 5.5647 5.5647 5.5647 5.9329 8.2195 9.528 10.016 9.5259 9.3591 8.7316 7.7595
-9999 6.9041 7.1623 7.1623 7.1623 7.1623 5.4706 5.4706 5.4706 6.6197 9.2181 9.528 9.8706 9.3808 9.214 8.5865 7.6144
-9999 -9999 7.2683 7.2683 7.2683 7.2683 5.5264 5.5264 5.5264 6.7257 9.3241 9.528 9.7016 9.2118 9.045 8.4175 7.4454
-9999 -9999 7.3737 7.3737 7.3737 7.3737 5.4428 5.2881 5.2881 6.831 9.4295 9.6232 9.4987 9.0887 8.8162 8.1887 -9999
-9999 -9999 -9999 7.4742 7.4742 7.4742 5.5433 5.3887 5.3887 6.9316 9.53 9.6232 9.4256 9.0155 8.743 8.1155 -9999
-9999 -9999 -9999 7.5744 7.5744 7.5744 5.6435 6.4357 6.4357 7.3817 9.6302 9.6232 9.2391 8.8291 8.5566 -9999 -9999
-9999 -9999 -9999 5.7425 5.7425 5.7425 5.7425 6.5347 6.5347 8.7572 9.7292 9.6232 9.2391 8.8291 8.3872 7.9056 -9999
-9999 -9999 -9999 5.6867 5.6867 5.6867 5.6867 6.6325 6.6325 8.855 9.8269 9.6232 9.2391 8.8291 8.3872 7.9056 -9999
-9999 -9999 -9999 5.3664 5.3664 5.3664 5.3664 6.7289 6.7289 8.9514 9.9234 9.3573 8.877 8.467 8.025 7.5434 -9999
-9999 -9999 -9999 5.4617 5.4617 5.4617 5.4617 6.8242 6.8242 9.0467 10.019 9.2466 8.6714 8.2614 7.8194 -9999 -9999
-9999 -9999 -9999 5.4511 5.4511 5.4511 5.4511 6.9183 6.9183 9.1408 9.679 8.9063 8.2376 7.8276 -9999 -9999 -9999
-9999 -9999 -9999 5.4387 5.4387 5.4387 5.4878 7.0113 7.0113 9.2338 9.772 8.9971 8.2376 7.8276 -9999 -9999 -9999
-9999 -9999 -9999 5.4283 5.4283 5.4283 5.5797 7.1032 7.1032 9.3257 9.8639 8.9971 8.1457 7.1891 -9999 -9999 -9999
-9999 -9999 -9999 5.4177 5.4177 5.4177 5.6708 7.1943 7.1943 9.4168 9.955 8.9971 8.1457 7.1891 -9999 -9999 -9999
-9999 -9999 -9999 5.4081 5.4081 5.4081 5.4081 6.0469 7.1259 9.5076 9.5076 9.14 8.7643 8.3652 -9999 -9999 -9999
-9999 -9999 -9999 15.572 15.572 15.572 15.572 15.572 14.627 15.146 15.841 16.107 15.731 15.332 -9999 -9999 -9999
-9999 -9999 -9999 22.97 22.97 22.97 25.137 30.158 30.158 30.158 30.158 29.263 28.887 28.488 28.061 -9999 -9999
-9999 -9999 -9999 23.405 23.405 25.065 25.571 30.593 30.593 30.593 30.593 29.263 28.887 28.488 28.061 27.585 -9999
-9999 -9999 -9999 23.836 23.836 25.496 26.003 31.024 31.024 31.024 31.024 29.263 28.887 28.488 28.061 27.585 -9999
-9999 -9999 -9999 24.265 24.265 25.925 26.431 31.453 31.453 31.453 31.453 29.263 28.887 28.488 28.061 27.585 -9999
-9999 -9999 -9999 24.691 24.691 26.351 26.858 31.879 31.879 31.879 31.879 29.263 28.887 28.488 -9999 -9999 -9999
-9999 -9999 -9999 25.115 25.115 26.775 27.281 32.302 32.302 32.302 -9999 -9999 -9999 -9999 -9999 -9999 -9999
-9999 -9999 -9999 -9999 25.535 27.195 27.702 32.723 32.723 -9999 -9999 -9999 -9999 -9999 -9999 -9999 -9999
-9999 -9999 -9999 -9999 25.956 27.616 28.122 33.143 33.143 -9999 -9999 -9999 -9999 -9999 -9999 -9999 -9999
-9999 -9999 -9999 -9999 26.376 28.036 28.543 33.564 33.564 -9999 -9999 -9999 -9999 -9999 -9999 -9999 -9999
-9999 -9999 -9999 -9999 25.945 28.036 28.036 28.036 28.036 -9999 -9999 -9999 -9999 -9999 -9999 -9999 -9999
-9999 -9999 -9999 -9999 -9999 19.685 19.685 19.685 -9999 -9999 -9999 -9999 -9999 -9999 -9999 -9999 -9999
-9999 -9999 -9999 -9999 -9999 19.245 19.245 19.245 -9999 -9999 -9999 -9999 -9999 -9999 -9999 -9999 -9999
-9999 -9999 -9999 -9999 -9999 18.784 18.784 18.784 -9999 -9999 -9999 -9999 -9999 -9999 -9999 -9999 -9999
