outputs_txt/Phd_CSDMS_200k_ky_05_03_2024/Basin_12_DEM.txt
ncols         11
nrows         48
xllcorner     11800.000000
yllcorner     0.000000
cellsize      200
NODATA_value  -9999
-32768 -32768 15.494 14.036 13.02 12.197 13.02 14.036 15.492 -32768 -32768
-32768 -32768 16.42 14.262 12.822 11.66 12.822 14.261 16.417 -32768 -32768
-32768 -32768 15.834 14.608 13.248 11.223 12.382 13.817 15.949 -32768 -32768
-32768 15.836 13.721 12.549 11.648 10.831 11.988 13.42 15.529 -32768 -32768
-32768 16.672 15.339 13.961 11.914 10.499 12.512 14.13 -32768 -32768 -32768
-32768 15.345 13.247 12.079 11.075 10.183 11.177 12.31 14.273 -32768 -32768
-32768 15.612 13.489 12.056 10.898 9.9022 10.899 12.057 13.491 -32768 -32768
-32768 15.34 13.228 11.797 10.639 9.6434 10.794 12.214 14.279 -32768 -32768
-32768 15.29 13.172 12.836 10.811 9.4007 10.55 11.969 14.027 -32768 -32768
-32768 13.792 11.74 12.083 11.166 9.1682 10.162 11.317 12.746 -32768 -32768
14.234 12.162 10.737 10.071 9.496 8.9446 10.071 11.386 13.069 -32768 -32768
-32768 14.225 12.158 12.074 10.732 8.7421 9.8897 11.305 13.346 -32768 -32768
-32768 14.185 12.114 10.691 9.538 8.5443 9.6918 11.107 13.144 -32768 -32768
-32768 13.986 11.921 10.499 9.347 8.3541 9.5012 10.915 12.949 -32768 -32768
-32768 13.796 11.736 10.314 9.1633 8.1706 9.1634 10.315 11.737 -32768 -32768
-32768 13.613 11.557 10.137 8.9863 7.9937 8.9864 10.137 11.559 -32768 -32768
-32768 13.438 11.386 9.9661 8.8154 7.8229 8.9694 10.381 12.4 -32768 -32768
-32768 12.821 12.24 10.216 8.8039 7.6569 8.8033 10.215 12.238 -32768 -32768
12.818 10.786 11.493 10.932 9.4855 7.4948 8.6409 10.051 12.061 -32768 -32768
11.642 9.6274 9.4802 8.9277 9.0112 7.3352 8.3274 9.4769 10.894 -32768 -32768
10.743 8.7356 8.0721 7.5207 7.0241 7.1781 8.0659 9.0608 10.215 11.641 -32768
12.17 10.148 10.065 8.8644 6.8776 7.7643 8.7574 9.9086 11.328 13.378 -32768
12.32 10.29 8.8758 7.7266 6.7338 7.544 8.4334 9.4296 10.586 12.015 -32768
12.176 10.148 8.7345 7.5862 6.5941 7.9989 9.9947 9.483 10.896 12.929 -32768
12.036 10.01 8.5969 7.4488 6.4567 8.4449 9.8984 8.3331 9.4832 10.899 12.935
11.895 9.8728 8.4607 7.3131 6.3211 8.0403 7.9047 7.5807 8.7289 10.141 -32768
10.992 8.9799 7.8277 6.9381 6.187 6.0553 6.4999 6.9819 8.3843 10.317 -32768
11.969 10.989 9.8243 8.9272 7.9139 5.9296 7.9125 8.1283 9.5363 11.546 -32768
-32768 11.375 9.3575 7.9459 6.7976 5.8043 6.7976 7.9452 9.3562 11.373 -32768
-32768 11.25 9.2328 7.8218 6.6741 5.6814 6.6712 7.7995 9.1372 10.898 -32768
-32768 11.128 9.1118 7.7011 6.5534 5.5605 6.4486 7.442 8.5919 10.01 12.079
-32768 11.008 8.9931 7.5825 6.4348 5.4418 6.3294 7.3179 8.4466 9.7967 -32768
-32768 10.89 8.8764 7.466 6.3183 5.3252 6.3102 7.4178 8.7104 10.387 -32768
-32768 10.775 8.7617 7.3514 6.2036 5.2103 6.2035 7.3508 8.758 10.75 -32768
-32768 10.661 8.6486 7.2383 6.0904 5.097 6.0748 7.161 8.4185 10.035 -32768
-32768 10.549 8.5372 7.127 5.979 4.9853 5.9796 7.1281 8.5388 10.565 -32768
-32768 10.437 8.4257 7.0165 5.8688 4.8753 6.8549 7.8198 8.4532 9.2272 9.5997
-32768 8.6033 7.1397 6.2327 5.4736 4.7659 5.284 5.823 6.4362 7.2083 8.2172
-32768 19.732 18.184 17.303 14.125 4.6616 14.062 17.166 18.425 17.985 16.44
-32768 -32768 28.927 21.24 11.231 4.1309 11.231 21.234 27.891 -32768 -32768
-32768 -32768 -32768 20.7 10.694 3.6049 10.694 20.705 -32768 -32768 -32768
-32768 -32768 -32768 20.154 10.169 3.0822 10.169 20.168 -32768 -32768 -32768
-32768 -32768 -32768 19.614 9.6478 2.5624 9.6479 19.635 -32768 -32768 -32768
-32768 -32768 -32768 19.08 9.13 2.0457 9.1301 19.106 -32768 -32768 -32768
-32768 -32768 -32768 18.556 8.6282 1.532 8.6283 18.587 -32768 -32768 -32768
-32768 -32768 -32768 -32768 10.977 1.0217 10.977 -32768 -32768 -32768 -32768
-32768 -32768 -32768 -32768 9.8692 0.51099 -32768 -32768 -32768 -32768 -32768
-32768 -32768 -32768 -32768 0.00095111 0.00013694 -32768 -32768 -32768 -32768 -32768
