outputs_txt/Phd_CSDMS_300k_ky_05_03_2024/Basin_11_RLF_1000.txt
ncols         11
nrows         48
xllcorner     11800.000000
yllcorner     0.000000
cellsize      200
NODATA_value  -9999
-9999 -9999 6.1852 6.1852 6.1852 6.1852 5.7045 5.702 5.702 -9999 -9999
-9999 -9999 6.5017 6.5017 6.5017 6.5017 6.0211 6.0185 6.0185 -9999 -9999
-9999 -9999 6.7846 6.7846 6.7846 6.7846 6.3039 6.3014 6.3014 -9999 -9999
-9999 7.0451 7.0451 7.0451 7.0451 7.0451 6.5644 6.5619 -9999 -9999 -9999
-9999 7.2896 7.2896 7.2896 7.2896 7.2896 6.8089 6.8063 -9999 -9999 -9999
-9999 7.5239 7.5239 7.5239 7.5239 7.5239 7.0432 7.0406 7.0406 -9999 -9999
-9999 7.7493 7.7493 7.7493 7.7493 7.7493 6.834 6.834 6.834 -9999 -9999
-9999 7.9534 7.9534 7.9534 7.9534 7.9534 6.4788 5.5877 5.5877 -9999 -9999
-9999 8.1528 8.1528 8.1528 8.1528 8.1528 6.6782 5.787 5.787 -9999 -9999
-9999 7.1041 7.1041 7.1041 7.1041 7.1041 5.9797 5.9797 5.9797 -9999 -9999
6.2907 7.29 7.29 7.29 7.29 7.29 6.035 6.035 6.035 -9999 -9999
-9999 7.2125 7.2125 7.2125 7.2125 7.2125 6.2141 6.2141 -9999 -9999 -9999
-9999 7.3267 7.3267 7.3267 7.3267 7.3267 6.1428 6.1428 -9999 -9999 -9999
-9999 6.5034 6.5034 6.5034 6.5034 6.4975 5.8475 5.8475 5.8475 -9999 -9999
-9999 6.6673 6.6673 6.6673 6.6673 6.6614 6.0114 6.0114 6.0114 -9999 -9999
-9999 6.8229 6.8229 6.8229 6.8229 6.8229 5.5842 5.5842 5.5842 -9999 -9999
-9999 7.0901 7.0901 7.0901 7.0901 7.0901 5.8988 5.8988 5.8988 -9999 -9999
-9999 7.0456 7.0456 7.0456 7.0456 7.0456 6.4424 6.4424 6.4424 -9999 -9999
7.0062 7.0062 7.0062 7.0062 7.0062 7.0062 6.5878 6.5878 6.5878 -9999 -9999
6.9693 6.9693 6.9693 6.9693 6.9693 6.9693 6.7289 6.7289 6.7289 -9999 -9999
6.9368 6.9368 6.9368 6.9368 6.9368 6.9368 6.8677 6.8677 6.8677 6.1387 -9999
6.477 6.477 6.477 6.477 6.477 7.0047 7.0047 7.0047 7.0047 6.1387 -9999
6.6099 6.7428 6.7428 6.7428 6.7428 7.273 7.273 7.273 7.273 7.273 -9999
6.1113 6.3711 6.3711 6.3711 6.3711 7.3998 7.3998 7.3998 7.3998 7.3998 -9999
6.1113 6.4975 6.4975 6.4975 6.4975 7.5263 7.5263 7.5263 7.5263 7.5263 6.8251
6.1113 6.6215 6.6215 6.6215 6.6215 7.6502 7.6502 7.6502 7.6502 7.6502 -9999
6.1113 6.7434 6.7434 6.7434 6.7434 7.3469 7.3517 7.3517 7.3517 7.3517 -9999
-9999 6.7216 6.7216 6.7216 6.7216 7.4666 7.4714 7.4714 7.4714 7.4714 -9999
-9999 6.7008 6.7008 6.7008 6.7008 6.2273 7.589 7.589 7.589 7.589 -9999
-9999 6.678 6.678 6.678 6.678 6.3432 6.8092 6.8092 6.8092 6.8092 -9999
-9999 6.2766 6.2766 6.2766 6.2766 6.4574 6.9233 6.9233 6.9233 6.9233 5.9232
-9999 6.3892 6.3892 6.3892 6.3892 6.5699 7.0359 7.0359 7.0359 7.0359 -9999
-9999 6.5001 6.5001 6.5001 6.5001 6.5001 7.1468 7.1468 7.1468 7.1468 -9999
-9999 6.4857 6.4857 6.4857 6.4857 6.4857 7.257 7.257 7.257 7.257 -9999
-9999 14.296 14.296 14.296 14.296 14.296 12.817 12.817 12.817 12.817 -9999
-9999 22.93 22.93 22.93 22.93 22.93 22.93 22.378 22.378 22.378 -9999
-9999 23.458 23.458 23.458 24.97 24.97 24.97 24.97 24.97 24.97 23.298
-9999 23.982 23.982 23.982 25.494 25.494 25.494 25.494 25.494 25.494 23.298
-9999 24.503 24.503 24.503 26.015 26.015 26.015 26.015 26.015 26.015 23.298
-9999 25.021 25.021 25.021 26.532 26.532 26.532 26.532 26.532 26.532 -9999
-9999 -9999 -9999 25.534 27.046 27.046 27.046 27.046 27.046 -9999 -9999
-9999 -9999 -9999 26.044 27.556 27.556 27.556 27.556 -9999 -9999 -9999
-9999 -9999 -9999 26.555 28.066 28.066 28.066 28.066 -9999 -9999 -9999
-9999 -9999 -9999 27.065 28.577 28.577 28.577 28.577 -9999 -9999 -9999
-9999 -9999 -9999 20.68 28.577 28.577 28.577 28.577 -9999 -9999 -9999
-9999 -9999 -9999 -9999 20.151 20.151 20.151 -9999 -9999 -9999 -9999
-9999 -9999 -9999 -9999 19.622 19.622 -9999 -9999 -9999 -9999 -9999
-9999 -9999 -9999 -9999 19.096 19.096 -9999 -9999 -9999 -9999 -9999
