outputs_txt/Phd_CSDMS_300k_ky_05_03_2024/Basin_4_RLF_5000.txt
ncols         14
nrows         48
xllcorner     1600.000000
yllcorner     0.000000
cellsize      200
NODATA_value  -9999
11.261 11.388 11.388 11.514 11.514 11.514 11.514 11.514 11.514 11.514 11.514 11.514 -9999 -9999
11.388 11.514 11.514 11.639 11.763 11.763 11.763 11.763 11.763 11.763 11.763 11.763 -9999 -9999
11.514 11.639 11.763 11.763 11.884 11.884 11.884 11.884 11.884 11.884 11.884 11.884 -9999 -9999
-9999 11.763 11.884 11.884 12.003 12.003 12.003 12.003 12.003 12.003 12.003 12.003 -9999 -9999
-9999 11.884 12.003 12.003 12.121 12.121 12.121 12.121 12.121 12.121 12.121 -9999 -9999 -9999
12.003 12.003 12.121 12.121 12.239 12.239 12.239 12.239 12.239 12.239 12.239 -9999 -9999 -9999
12.121 12.121 12.239 12.239 12.355 12.355 12.355 12.355 12.355 12.355 12.355 -9999 -9999 -9999
-9999 12.239 12.355 12.355 12.47 12.47 12.47 12.47 12.47 12.47 12.47 -9999 -9999 -9999
-9999 -9999 12.487 12.698 12.698 12.698 12.698 12.698 12.698 12.698 12.698 12.698 -9999 -9999
-9999 -9999 12.698 12.798 12.798 12.798 12.798 12.798 12.798 12.798 12.798 12.798 -9999 -9999
-9999 -9999 12.798 12.897 12.897 12.897 12.897 12.897 12.897 12.897 12.897 12.897 -9999 -9999
-9999 -9999 12.897 12.995 12.995 12.995 12.995 12.995 12.995 12.995 12.995 12.995 -9999 -9999
-9999 -9999 12.995 13.092 13.092 13.092 13.092 13.092 13.092 13.092 13.092 13.092 -9999 -9999
-9999 -9999 13.092 13.189 13.189 13.189 13.189 13.189 13.189 13.189 13.189 13.189 -9999 -9999
-9999 13.334 13.334 13.426 13.426 13.426 13.426 13.426 13.426 13.281 13.281 13.281 -9999 -9999
26.445 26.537 26.537 27.005 27.005 27.005 27.005 27.005 27.005 24.559 24.559 24.559 -9999 -9999
26.537 27.005 27.005 27.467 27.467 27.467 27.467 27.467 27.467 27.467 27.467 25.021 -9999 -9999
27.005 27.467 27.467 27.926 27.926 27.926 27.926 27.926 27.926 27.926 27.926 27.926 -9999 -9999
-9999 27.926 27.926 28.381 28.381 28.381 28.381 28.381 28.381 28.381 28.381 28.381 -9999 -9999
-9999 -9999 28.381 28.835 28.835 28.835 28.835 28.835 28.835 28.835 28.835 28.835 -9999 -9999
-9999 -9999 -9999 29.286 29.286 29.286 29.286 29.286 29.286 29.286 29.286 29.286 -9999 -9999
-9999 -9999 -9999 29.735 29.735 29.735 29.735 29.735 29.735 29.735 29.735 29.735 29.735 -9999
-9999 -9999 -9999 30.184 30.184 30.184 30.184 30.184 30.184 30.184 30.184 30.184 30.184 -9999
-9999 -9999 30.184 30.634 30.634 30.634 30.634 30.634 30.634 30.634 30.634 30.634 30.634 -9999
-9999 -9999 30.634 30.634 30.634 30.634 30.634 30.634 30.634 30.634 30.634 30.634 30.634 30.634
-9999 30.634 30.634 30.634 30.634 30.634 30.634 30.634 30.634 30.634 30.634 30.634 30.634 30.634
-9999 30.634 30.634 30.634 30.634 30.634 30.634 30.634 30.634 30.634 30.634 30.634 30.634 30.634
30.634 30.634 30.634 30.634 30.634 30.634 30.634 30.634 30.634 30.634 30.634 30.634 30.634 30.634
30.634 30.634 30.634 30.634 30.634 30.634 30.634 30.634 30.634 30.634 30.634 30.634 30.634 30.634
30.634 30.634 30.634 30.634 30.634 30.634 30.634 30.634 30.634 30.634 30.634 30.634 30.634 30.634
-9999 30.634 30.634 30.634 30.634 30.634 30.634 30.634 30.634 30.634 30.634 30.634 30.634 30.634
30.634 30.634 30.634 30.634 30.634 30.634 30.634 30.634 30.634 30.634 30.634 30.634 30.634 30.634
30.634 30.634 30.634 30.634 30.634 30.634 30.634 30.634 30.634 30.634 30.634 30.634 30.634 30.634
30.634 30.634 30.634 30.634 30.634 30.634 30.634 30.634 30.634 30.634 30.634 30.634 30.634 30.634
-9999 30.634 30.634 30.634 30.634 30.634 30.634 30.634 30.634 30.634 30.634 30.634 30.634 30.634
-9999 -9999 30.634 30.634 30.634 30.634 30.634 30.634 30.634 30.634 30.634 30.634 30.634 30.634
-9999 -9999 30.634 30.634 30.634 30.634 30.634 30.634 30.634 30.634 30.634 30.634 30.634 30.634
-9999 -9999 30.634 30.634 30.634 30.634 30.634 30.634 30.634 30.634 30.634 30.634 30.634 30.634
-9999 -9999 30.634 30.634 30.634 30.634 30.634 30.634 30.634 30.634 30.634 30.634 30.634 30.634
-9999 -9999 30.634 30.634 30.634 30.634 30.634 30.634 30.634 30.634 30.634 30.634 30.634 30.634
-9999 -9999 -9999 -9999 -9999 -9999 30.634 30.634 30.634 30.634 30.634 30.634 30.634 -9999
-9999 -9999 -9999 -9999 -9999 -9999 30.634 30.634 30.634 30.634 30.634 30.634 30.634 -9999
-9999 -9999 -9999 -9999 -9999 -9999 -9999 30.634 30.634 30.634 30.634 30.634 -9999 -9999
-9999 -9999 -9999 -9999 -9999 -9999 -9999 30.634 30.634 30.634 30.634 30.634 -9999 -9999
-9999 -9999 -9999 -9999 -9999 -9999 -9999 30.634 30.634 30.634 30.634 30.634 -9999 -9999
-9999 -9999 -9999 -9999 -9999 -9999 -9999 -9999 30.634 30.634 30.634 -9999 -9999 -9999
-9999 -9999 -9999 -9999 -9999 -9999 -9999 -9999 -9999 30.634 -9999 -9999 -9999 -9999
-9999 -9999 -9999 -9999 -9999 -9999 -9999 -9999 -9999 30.634 -9999 -9999 -9999 -9999
