outputs_txt/Phd_CSDMS_300k_ky_05_03_2024/Basin_8_DEM.txt
ncols         18
nrows         48
xllcorner     6600.000000
yllcorner     0.000000
cellsize      200
NODATA_value  -9999
16.233 14.15 13.099 13.738 13.317 12.938 12.584 12.252 11.937 10.822 11.262 10.791 11.415 12.097 13.18 14.452 16.081 18.408
15.807 13.724 12.236 12.249 11.824 11.441 11.084 10.748 10.43 9.3001 9.7409 10.213 11.1 12.09 13.23 14.611 16.471 18.736
15.117 13.023 11.527 11.023 10.593 10.206 9.8461 9.5085 9.1898 8.8848 9.6996 10.582 11.555 12.661 13.977 15.697 18.109 -32768
15.696 13.612 12.394 12.25 12.099 12.331 11.975 11.639 10.787 8.6519 9.5301 10.491 11.564 12.808 14.371 16.656 -32768 -32768
-32768 15.695 13.883 13.74 14.199 14.338 12.244 10.743 9.5044 8.4295 9.3157 10.312 11.461 12.842 14.691 16.963 -32768 -32768
-32768 -32768 15.968 15.823 14.715 13.674 12.817 11.858 9.735 8.22 9.1798 10.253 11.493 13.029 15.272 -32768 -32768 -32768
-32768 -32768 16.183 14.113 12.636 11.583 10.718 11.654 9.5321 8.0188 10.149 10.484 11.9 13.79 16.023 -32768 -32768 -32768
-32768 -32768 15.796 13.724 12.245 11.027 9.9641 11.454 9.333 7.8214 8.5395 9.3222 10.642 12.355 14.717 -32768 -32768 -32768
-32768 15.383 14.069 13.408 12.968 10.874 9.3704 11.482 9.7627 7.6344 8.6997 9.933 11.435 13.542 14.802 -32768 -32768 -32768
-32768 13.637 11.978 11.308 11.391 10.912 8.8506 10.141 9.5763 7.4519 8.5158 9.7491 11.252 13.368 -32768 -32768 -32768 -32768
13.636 11.545 10.483 9.8073 9.2718 8.7926 8.3463 8.0179 9.3901 7.2739 9.3931 10.883 11.331 13.47 -32768 -32768 -32768 -32768
-32768 13.635 11.705 11.034 10.777 10.915 9.8204 7.6978 7.3958 7.0978 7.8761 8.7363 9.7892 11.804 13.716 -32768 -32768 -32768
-32768 -32768 13.189 12.525 12.882 12.526 10.43 8.9267 9.0606 6.9505 8.0066 9.2348 10.746 12.918 -32768 -32768 -32768 -32768
-32768 -32768 15.268 14.61 13.622 11.532 10.036 8.8092 7.7481 6.8053 7.8598 9.0888 10.614 12.832 -32768 -32768 -32768 -32768
-32768 -32768 -32768 14.345 12.248 10.757 9.532 8.4691 7.5217 6.664 7.7168 8.9483 10.494 12.763 -32768 -32768 -32768 -32768
-32768 -32768 -32768 14.208 12.105 10.614 9.3898 8.3281 7.3823 6.5264 7.5782 8.8159 10.393 12.717 -32768 -32768 -32768 -32768
-32768 -32768 -32768 14.077 11.968 10.475 9.2514 8.1907 7.2465 6.3922 7.4443 8.6941 10.317 12.689 -32768 -32768 -32768 -32768
-32768 -32768 -32768 13.952 11.834 10.34 9.1162 8.0566 7.114 6.2612 7.3153 8.5814 10.255 12.65 -32768 -32768 -32768 -32768
-32768 -32768 -32768 13.844 11.705 10.207 8.984 7.9256 6.9845 6.1331 7.1929 8.4853 10.224 12.62 -32768 -32768 -32768 -32768
-32768 -32768 -32768 13.734 11.579 10.078 8.8546 7.7974 6.8578 6.0079 7.0804 8.4121 10.232 12.592 -32768 -32768 -32768 -32768
-32768 -32768 -32768 13.63 11.457 9.951 8.7276 7.6718 6.7338 5.8852 6.9741 8.3427 10.231 12.515 -32768 -32768 -32768 -32768
-32768 -32768 14.51 12.203 10.646 9.4088 8.3477 7.4044 6.5497 5.7651 6.8892 8.3116 10.292 12.431 -32768 -32768 -32768 -32768
-32768 -32768 13.373 10.81 10.599 9.804 9.1471 8.5794 7.7299 5.6476 7.7313 8.8136 10.957 12.305 -32768 -32768 -32768 -32768
-32768 13.718 11.326 9.1175 8.2742 7.5858 6.9914 6.4633 5.9863 5.5303 6.376 7.3124 8.8323 11.061 -32768 -32768 -32768 -32768
-32768 -32768 13.274 10.644 10.581 9.7824 9.1217 8.5429 7.4488 5.4186 6.6147 8.095 10.194 11.92 -32768 -32768 -32768 -32768
-32768 -32768 -32768 13.076 11.158 9.5164 8.2454 7.1647 6.1998 5.3075 6.5022 7.9813 10.08 -32768 -32768 -32768 -32768 -32768
-32768 -32768 -32768 13.15 10.84 9.2601 8.0213 6.969 6.0392 5.1981 6.3912 7.8683 9.9656 -32768 -32768 -32768 -32768 -32768
-32768 -32768 -32768 13.094 10.762 9.1587 7.9126 6.8593 5.9305 5.0904 6.2819 7.7572 9.8527 -32768 -32768 -32768 -32768 -32768
-32768 -32768 -32768 11.804 10.005 8.6493 7.5534 6.6079 5.7608 4.9842 6.1743 7.6476 9.7415 -32768 -32768 -32768 -32768 -32768
-32768 -32768 14.147 11.793 9.9553 8.5617 7.4515 6.5025 5.6555 4.8796 6.0683 7.5398 9.6318 -32768 -32768 -32768 -32768 -32768
-32768 15.312 13.28 11.468 11.642 9.4466 7.9379 6.7291 5.6943 4.7766 5.964 7.4337 9.5238 -32768 -32768 -32768 -32768 -32768
-32768 14.209 11.814 9.9063 11.558 9.3495 7.835 6.6257 5.5917 4.6748 5.8609 7.3289 9.417 -32768 -32768 -32768 -32768 -32768
-32768 13.262 10.718 8.8706 11.309 9.7548 8.0264 6.7072 5.581 4.5742 5.7591 7.2253 9.3116 -32768 -32768 -32768 -32768 -32768
-32768 12.443 9.8814 8.1365 10.627 10.053 8.1036 6.6764 5.4967 4.4746 5.6584 7.123 9.2074 -32768 -32768 -32768 -32768 -32768
-32768 11.784 9.2189 7.5499 9.9786 10.152 8.0631 6.5906 5.3992 4.3761 5.5588 7.0218 9.1043 -32768 -32768 -32768 -32768 -32768
-32768 11.211 8.6624 7.0463 9.4067 9.4113 8.6774 6.8514 5.451 4.2785 5.4602 6.9217 9.0023 -32768 -32768 -32768 -32768 -32768
-32768 -32768 8.9032 6.5969 8.0236 6.9808 7.1772 6.811 6.231 4.1818 5.3621 6.8215 8.8986 9.9569 -32768 -32768 -32768 -32768
-32768 -32768 7.7434 6.1708 5.7782 5.4058 5.0568 4.7228 4.4021 4.0854 4.8805 5.7931 7.0348 8.7331 -32768 -32768 -32768 -32768
-32768 -32768 17.983 12.849 16.713 17.383 16.862 15.468 13.863 3.9954 13.869 16.309 18.442 19.044 -32768 -32768 -32768 -32768
-32768 -32768 -32768 -32768 -32768 -32768 26.678 16.703 9.4748 3.5359 9.4748 16.705 26.676 -32768 -32768 -32768 -32768 -32768
-32768 -32768 -32768 -32768 -32768 -32768 26.214 16.204 8.9866 3.083 8.9866 16.204 26.206 -32768 -32768 -32768 -32768 -32768
-32768 -32768 -32768 -32768 -32768 -32768 25.71 15.714 8.5166 2.6341 8.5166 15.714 25.703 -32768 -32768 -32768 -32768 -32768
-32768 -32768 -32768 -32768 -32768 -32768 25.239 15.253 8.0564 2.189 8.0517 15.23 25.206 -32768 -32768 -32768 -32768 -32768
-32768 -32768 -32768 -32768 -32768 -32768 -32768 18.943 8.9053 1.7476 7.6068 14.776 24.75 -32768 -32768 -32768 -32768 -32768
-32768 -32768 -32768 -32768 -32768 -32768 -32768 18.451 8.464 1.3093 11.33 -32768 -32768 -32768 -32768 -32768 -32768 -32768
-32768 -32768 -32768 -32768 -32768 -32768 -32768 -32768 10.885 0.87224 10.848 -32768 -32768 -32768 -32768 -32768 -32768 -32768
-32768 -32768 -32768 -32768 -32768 -32768 -32768 -32768 9.8854 0.4361 -32768 -32768 -32768 -32768 -32768 -32768 -32768 -32768
-32768 -32768 -32768 -32768 -32768 -32768 -32768 -32768 0.00030045 0.00024536 -32768 -32768 -32768 -32768 -32768 -32768 -32768 -32768
