outputs_txt/Phd_CSDMS_300k_ky_05_03_2024/Basin_8_RLF_2500.txt
ncols         18
nrows         48
xllcorner     6600.000000
yllcorner     0.000000
cellsize      200
NODATA_value  -9999
8.7811 8.9592 8.9592 9.8649 11.011 11.785 11.785 11.785 11.785 11.785 11.785 11.785 11.785 11.785 11.638 11.638 11.462 11.462
8.9592 9.1353 9.1353 10.012 11.158 11.931 11.931 11.931 11.931 11.931 11.931 11.931 11.931 11.931 11.785 11.785 11.638 11.638
9.1353 9.2826 9.2826 10.157 11.304 12.072 12.072 12.072 12.072 12.072 12.072 12.072 12.072 12.072 11.931 11.931 11.785 -9999
9.2826 9.4277 9.4277 10.299 11.445 12.21 12.21 12.21 12.21 12.21 12.21 12.21 12.21 12.21 12.072 12.072 -9999 -9999
-9999 9.5691 9.5691 10.436 11.582 12.344 12.344 12.344 12.344 12.344 12.344 12.344 12.344 12.344 12.21 12.21 -9999 -9999
-9999 -9999 9.7067 10.571 11.717 12.475 12.475 12.475 12.475 12.475 12.475 12.475 12.475 12.475 12.344 -9999 -9999 -9999
-9999 -9999 9.8409 10.702 11.848 11.976 12.603 12.603 12.603 12.603 12.603 12.603 12.603 12.603 12.475 -9999 -9999 -9999
-9999 -9999 9.9719 10.83 10.83 12.101 12.728 12.728 12.728 12.728 12.728 12.728 12.728 12.728 12.603 -9999 -9999 -9999
-9999 10.1 10.1 10.955 10.955 12.224 12.224 12.851 12.851 12.851 12.851 12.851 12.851 12.851 12.728 -9999 -9999 -9999
-9999 10.225 10.225 10.348 11.077 11.198 12.344 12.971 12.971 12.971 12.971 12.971 12.971 12.971 -9999 -9999 -9999 -9999
10.225 10.348 10.348 10.468 11.198 11.315 12.461 12.461 13.088 13.088 13.088 13.088 13.088 13.088 -9999 -9999 -9999 -9999
-9999 10.468 10.468 10.586 10.586 11.432 11.432 12.579 12.579 13.206 13.206 13.206 13.206 13.206 13.088 -9999 -9999 -9999
-9999 -9999 10.586 10.703 10.703 11.544 11.544 11.544 12.69 12.69 12.69 13.317 13.317 13.317 -9999 -9999 -9999 -9999
-9999 -9999 10.653 10.764 10.764 10.876 11.655 11.655 11.655 11.655 12.801 12.801 12.801 13.428 -9999 -9999 -9999 -9999
-9999 -9999 -9999 10.876 10.876 10.985 10.985 11.765 11.765 11.765 11.765 11.765 12.911 12.911 -9999 -9999 -9999 -9999
-9999 -9999 -9999 10.985 10.985 11.093 11.093 11.093 11.093 11.872 11.872 11.872 11.872 11.872 -9999 -9999 -9999 -9999
-9999 -9999 -9999 11.093 11.093 11.199 11.199 11.199 11.199 11.199 11.199 11.978 11.978 11.978 -9999 -9999 -9999 -9999
-9999 -9999 -9999 11.199 11.199 11.303 11.303 11.303 11.303 11.143 11.143 11.143 11.143 11.143 -9999 -9999 -9999 -9999
-9999 -9999 -9999 11.303 11.303 11.406 11.406 11.019 11.019 10.607 11.246 11.246 11.246 11.246 -9999 -9999 -9999 -9999
-9999 -9999 -9999 11.019 11.019 11.121 11.121 10.709 10.594 10.594 10.594 10.594 10.594 10.594 -9999 -9999 -9999 -9999
-9999 -9999 -9999 10.709 10.709 10.809 10.738 10.738 10.738 10.738 10.694 10.694 10.694 10.228 -9999 -9999 -9999 -9999
-9999 -9999 10.637 10.738 10.738 10.837 10.837 10.837 10.837 10.837 10.837 10.794 10.794 10.135 -9999 -9999 -9999 -9999
-9999 -9999 10.738 10.837 10.837 10.936 10.936 10.936 10.936 10.936 10.936 10.936 10.234 10.134 -9999 -9999 -9999 -9999
-9999 10.837 10.837 10.936 10.936 11.034 11.034 11.034 11.034 11.034 11.034 11.034 10.232 10.232 -9999 -9999 -9999 -9999
-9999 -9999 10.936 11.034 11.034 11.13 11.13 11.13 11.13 11.13 11.13 11.13 11.13 10.329 -9999 -9999 -9999 -9999
-9999 -9999 -9999 11.13 11.13 11.227 11.227 11.227 11.227 11.227 11.227 11.227 11.227 -9999 -9999 -9999 -9999 -9999
-9999 -9999 -9999 13.898 13.898 13.988 13.988 13.388 14.447 15.048 15.048 15.048 15.048 -9999 -9999 -9999 -9999 -9999
-9999 -9999 -9999 22.683 22.683 23.142 23.142 23.142 23.142 23.142 23.142 23.14 23.14 -9999 -9999 -9999 -9999 -9999
-9999 -9999 -9999 23.142 23.142 23.595 23.595 23.595 23.595 23.595 23.595 23.595 23.595 -9999 -9999 -9999 -9999 -9999
-9999 -9999 23.142 23.595 23.595 24.044 24.044 24.044 24.044 24.044 24.044 24.044 24.044 -9999 -9999 -9999 -9999 -9999
-9999 23.595 23.595 24.044 24.044 24.489 24.489 24.489 24.489 24.489 24.489 24.489 24.489 -9999 -9999 -9999 -9999 -9999
-9999 24.044 24.044 24.489 24.489 24.931 24.931 24.931 24.931 24.931 24.931 24.931 24.931 -9999 -9999 -9999 -9999 -9999
-9999 24.489 24.489 24.931 24.931 25.369 25.369 25.369 25.369 25.369 25.369 25.369 25.369 -9999 -9999 -9999 -9999 -9999
-9999 24.931 24.931 25.369 25.369 25.806 25.806 25.806 25.806 25.806 25.806 25.806 25.806 -9999 -9999 -9999 -9999 -9999
-9999 25.369 25.369 25.806 25.806 26.242 26.242 26.242 26.242 26.242 26.242 26.242 26.242 -9999 -9999 -9999 -9999 -9999
-9999 25.806 25.806 26.242 26.678 26.678 26.678 26.678 26.678 26.678 26.678 26.678 26.678 -9999 -9999 -9999 -9999 -9999
-9999 -9999 26.678 26.678 26.678 26.678 26.678 26.678 26.678 26.678 26.678 26.678 26.678 26.678 -9999 -9999 -9999 -9999
-9999 -9999 26.678 26.678 26.678 26.678 26.678 26.678 26.678 26.678 26.678 26.678 26.678 26.678 -9999 -9999 -9999 -9999
-9999 -9999 26.678 26.678 26.678 26.678 26.678 26.678 26.678 26.678 26.678 26.678 26.678 26.678 -9999 -9999 -9999 -9999
-9999 -9999 -9999 -9999 -9999 -9999 26.678 26.678 26.678 26.678 26.678 26.678 26.678 -9999 -9999 -9999 -9999 -9999
-9999 -9999 -9999 -9999 -9999 -9999 26.678 26.678 26.678 26.678 26.678 26.678 26.678 -9999 -9999 -9999 -9999 -9999
-9999 -9999 -9999 -9999 -9999 -9999 26.678 26.678 26.678 26.678 26.678 26.678 26.678 -9999 -9999 -9999 -9999 -9999
-9999 -9999 -9999 -9999 -9999 -9999 26.678 26.678 26.678 26.678 26.678 26.678 26.678 -9999 -9999 -9999 -9999 -9999
-9999 -9999 -9999 -9999 -9999 -9999 -9999 26.678 26.678 26.678 26.678 26.678 26.678 -9999 -9999 -9999 -9999 -9999
-9999 -9999 -9999 -9999 -9999 -9999 -9999 26.678 26.678 26.678 26.678 -9999 -9999 -9999 -9999 -9999 -9999 -9999
-9999 -9999 -9999 -9999 -9999 -9999 -9999 -9999 26.678 26.678 26.678 -9999 -9999 -9999 -9999 -9999 -9999 -9999
-9999 -9999 -9999 -9999 -9999 -9999 -9999 -9999 26.678 26.678 -9999 -9999 -9999 -9999 -9999 -9999 -9999 -9999
-9999 -9999 -9999 -9999 -9999 -9999 -9999 -9999 26.678 26.678 -9999 -9999 -9999 -9999 -9999 -9999 -9999 -9999
