outputs_txt/Phd_CSDMS_300k_ky_05_03_2024/Basin_11_RLF_2500.txt
ncols         11
nrows         48
xllcorner     11800.000000
yllcorner     0.000000
cellsize      200
NODATA_value  -9999
-9999 -9999 8.1528 8.1528 8.1528 8.1528 8.1528 8.1528 8.1528 -9999 -9999
-9999 -9999 8.3454 8.3454 8.3454 8.3454 8.3454 8.3454 8.3454 -9999 -9999
-9999 -9999 8.5313 8.5313 8.5313 8.5313 8.5313 8.5313 8.5313 -9999 -9999
-9999 8.7104 8.7104 8.7104 8.7104 8.7104 8.7104 8.7104 -9999 -9999 -9999
-9999 8.8833 8.8833 8.8833 8.8833 8.8833 8.8833 8.8833 -9999 -9999 -9999
-9999 9.0512 9.0512 9.0512 9.0512 9.0512 9.0512 9.0512 9.0512 -9999 -9999
-9999 9.2152 9.2152 9.2152 9.2152 9.2152 9.2152 9.2152 9.2152 -9999 -9999
-9999 9.3766 9.3766 9.3766 9.3766 9.3766 9.3766 9.3766 9.3766 -9999 -9999
-9999 9.6912 9.6912 9.6912 9.6912 9.6912 9.6912 9.6912 9.6912 -9999 -9999
-9999 9.8392 9.8392 9.8392 9.8392 9.8392 9.8392 9.8392 9.8392 -9999 -9999
9.9846 9.9846 9.9846 9.9846 9.9846 9.9846 9.9846 9.9846 9.9846 -9999 -9999
-9999 10.126 10.126 10.126 10.126 10.126 10.126 10.126 -9999 -9999 -9999
-9999 10.265 10.265 10.265 10.265 10.265 10.265 10.265 -9999 -9999 -9999
-9999 10.401 10.401 10.401 10.401 10.401 10.401 10.401 10.401 -9999 -9999
-9999 10.67 10.67 10.67 10.67 10.67 10.67 10.67 10.67 -9999 -9999
-9999 10.797 10.797 10.797 10.797 10.797 10.797 10.797 9.5553 -9999 -9999
-9999 10.923 10.923 10.923 10.923 10.923 9.6817 9.6817 9.6817 -9999 -9999
-9999 9.8057 9.8057 9.8057 9.8057 9.8057 9.8057 9.8057 9.5492 -9999 -9999
9.8057 9.9276 9.9276 9.9276 9.9276 9.9276 9.6711 9.6711 9.6123 -9999 -9999
9.6711 9.7908 9.7908 9.7908 9.7908 9.7908 9.732 9.732 8.7924 -9999 -9999
9.732 9.8497 9.8497 9.8497 9.8497 9.8497 8.8584 8.8584 8.8584 8.8525 -9999
8.8584 8.9743 8.9743 8.9743 8.9743 8.9743 8.9743 8.9684 8.9684 8.9684 -9999
8.9743 9.0884 9.0884 9.0884 9.0884 9.0825 9.0825 9.0825 9.0352 9.0352 -9999
9.0825 9.1951 9.1951 9.1951 9.1951 9.1951 9.1477 9.1477 8.9552 8.9552 -9999
9.1477 9.2587 9.2587 9.2587 9.2587 9.2587 9.0661 9.0661 8.8814 8.8814 8.5924
9.0661 9.1763 9.1763 9.1763 9.1763 9.1763 8.9915 8.9915 8.8135 8.8135 -9999
14.191 14.296 14.296 14.296 14.296 14.296 12.817 12.817 12.817 12.817 -9999
-9999 22.93 22.93 22.93 22.93 22.93 22.93 22.378 22.378 22.378 -9999
-9999 23.458 23.458 23.458 24.97 24.97 24.97 24.97 24.97 24.97 -9999
-9999 23.982 25.494 25.494 25.494 25.494 25.494 25.494 25.494 25.494 -9999
-9999 26.015 26.015 26.015 26.015 26.015 26.015 26.015 26.015 26.015 25.494
-9999 26.532 26.532 26.532 26.532 26.532 26.532 26.532 26.532 26.532 -9999
-9999 27.046 27.046 27.046 27.046 27.046 27.046 27.046 27.046 27.046 -9999
-9999 27.556 27.556 27.556 27.556 27.556 27.556 27.556 27.556 27.556 -9999
-9999 28.066 28.066 28.066 28.066 28.066 28.066 28.066 28.066 28.066 -9999
-9999 28.577 28.577 28.577 28.577 28.577 28.577 28.577 28.577 28.577 -9999
-9999 28.577 28.577 28.577 28.577 28.577 28.577 28.577 28.577 28.577 28.577
-9999 28.577 28.577 28.577 28.577 28.577 28.577 28.577 28.577 28.577 28.577
-9999 28.577 28.577 28.577 28.577 28.577 28.577 28.577 28.577 28.577 28.577
-9999 28.577 28.577 28.577 28.577 28.577 28.577 28.577 28.577 28.577 -9999
-9999 -9999 -9999 28.577 28.577 28.577 28.577 28.577 28.577 -9999 -9999
-9999 -9999 -9999 28.577 28.577 28.577 28.577 28.577 -9999 -9999 -9999
-9999 -9999 -9999 28.577 28.577 28.577 28.577 28.577 -9999 -9999 -9999
-9999 -9999 -9999 28.577 28.577 28.577 28.577 28.577 -9999 -9999 -9999
-9999 -9999 -9999 28.577 28.577 28.577 28.577 28.577 -9999 -9999 -9999
-9999 -9999 -9999 -9999 28.577 28.577 28.577 -9999 -9999 -9999 -9999
-9999 -9999 -9999 -9999 28.577 28.577 -9999 -9999 -9999 -9999 -9999
-9999 -9999 -9999 -9999 28.577 28.577 -9999 -9999 -9999 -9999 -9999
