outputs_txt/Phd_CSDMS_300k_ky_05_03_2024/Basin_17_RLF_1000.txt
ncols         12
nrows         48
xllcorner     17200.000000
yllcorner     0.000000
cellsize      200
NODATA_value  -9999
-9999 -9999 5.535 5.535 6.1468 6.1468 6.1468 5.5425 5.4549 5.4549 5.4549 5.4549
-9999 -9999 5.8558 5.8558 6.4809 6.4809 6.4809 5.8766 5.789 5.789 5.789 5.789
-9999 6.1653 6.1653 6.1653 6.7902 6.7902 6.7902 6.1859 6.0983 6.0983 6.0983 6.0983
-9999 6.4577 6.4577 6.4577 7.0795 7.0795 7.0795 6.4752 6.3876 6.3876 6.3876 6.3876
-9999 6.7357 6.7357 6.7357 7.3575 7.3575 7.3575 6.7532 6.6656 6.6656 6.6656 6.6656
-9999 -9999 5.7379 5.7379 6.362 6.362 6.3586 5.8727 5.8727 5.8726 5.8726 5.4141
-9999 -9999 5.9924 5.9924 6.6231 6.6231 6.6197 5.6752 5.6752 5.6752 5.6752 5.6752
-9999 -9999 6.2392 6.2392 6.8778 6.8778 6.8744 5.9299 5.9299 5.9299 5.9299 5.9299
-9999 -9999 6.7009 6.9159 7.1286 7.1286 7.1252 6.0392 6.0392 6.0392 6.0392 6.0392
-9999 -9999 6.6975 6.9125 7.2767 7.2767 7.2767 6.1907 6.1907 6.1907 6.1907 6.1907
-9999 6.3125 6.5311 6.7461 7.2611 7.2611 7.1015 6.3415 6.3415 6.3415 6.3415 6.3415
-9999 6.3125 6.5311 6.7461 7.4083 7.4083 6.9553 6.4888 6.4888 6.4888 6.4888 6.4888
-9999 6.3125 6.5311 6.7461 7.5524 7.5524 6.8211 5.7931 5.2191 5.2191 5.2191 5.2191
-9999 -9999 6.5311 6.7461 7.6953 7.6953 6.6981 5.936 5.3326 5.0018 4.8302 4.8302
-9999 -9999 -9999 6.7461 7.8344 7.8344 6.0751 6.0751 5.4718 5.141 4.3524 4.3524
-9999 -9999 -9999 6.6918 7.017 7.017 6.2125 6.2125 5.6091 5.2783 4.4898 4.4898
-9999 -9999 6.3622 6.6918 7.142 7.142 6.3375 6.3375 5.7341 5.4033 4.6148 4.6148
-9999 6.0183 6.3622 6.6918 7.2658 7.2658 6.4612 6.4612 5.8579 5.5271 4.7386 4.7386
-9999 6.0522 6.3961 6.7258 7.4222 7.4222 7.4222 6.5837 5.9804 5.6495 4.6533 4.6533
-9999 6.0522 6.3961 6.7258 7.5416 7.5416 7.5416 6.5829 5.8066 5.6456 4.7588 4.7588
5.6925 6.0522 6.3961 6.8417 7.6587 7.6587 7.6587 6.7 5.9237 5.7627 4.8758 4.8758
-9999 6.0522 6.3961 6.8417 7.7743 7.7743 7.7743 6.8156 6.0394 5.1697 4.9267 4.9267
-9999 -9999 6.9011 7.4024 7.8883 7.8883 7.8883 6.9297 6.1534 5.0407 5.0407 5.0407
-9999 -9999 6.9011 7.4024 7.9983 7.9983 7.9983 7.0396 6.2633 5.1506 5.1506 5.1506
-9999 -9999 6.9011 7.4024 8.1074 8.1074 8.1074 7.1488 6.3725 5.2598 5.2598 5.2598
-9999 6.345 6.9011 7.4024 8.2146 8.2146 8.2146 7.256 6.4797 5.367 5.367 5.367
-9999 6.7783 7.3344 7.8356 8.3215 8.3215 8.3215 7.3628 5.365 4.6894 4.6894 4.6894
-9999 -9999 7.0769 7.5781 8.168 8.168 8.168 6.1676 4.7933 4.7933 4.7933 4.7933
-9999 -9999 6.9571 7.4583 8.1502 8.1502 8.1502 6.1514 4.8954 4.8954 4.8954 4.8954
-9999 -9999 6.7367 7.2752 8.0309 8.0309 7.8009 5.8047 4.9149 4.5103 4.5103 4.5103
-9999 -9999 6.7075 7.3882 8.1012 8.0386 7.9003 5.9042 5.0138 4.6097 4.6097 4.6097
-9999 -9999 6.7075 7.3882 8.199 8.1365 7.9982 6.002 5.1116 4.7076 4.7076 4.7076
-9999 -9999 6.7075 7.3882 8.2961 8.2335 8.0952 6.099 4.8147 4.8046 4.8046 4.8046
-9999 -9999 7.6859 8.0421 8.3931 8.3306 7.7703 5.7737 4.9117 4.9017 4.9017 4.9017
11.744 12.146 12.52 12.877 13.318 11.882 11.418 12.746 12.746 12.746 12.746 12.746
22.378 22.78 23.154 23.51 24.416 24.416 24.416 24.416 23.004 22.561 20.505 20.505
22.378 22.78 23.154 23.51 24.875 24.875 24.875 24.875 24.218 24.218 22.876 22.876
22.378 22.78 23.154 23.51 25.331 25.331 25.331 25.331 24.673 24.673 23.331 23.331
22.378 22.78 23.154 23.51 25.784 25.784 25.784 25.784 25.126 25.126 23.784 23.784
-9999 22.78 23.154 23.51 26.235 26.235 26.235 26.235 25.577 25.577 24.235 24.235
-9999 -9999 -9999 -9999 -9999 26.684 26.684 26.684 26.026 26.026 24.684 24.684
-9999 -9999 -9999 -9999 -9999 -9999 27.13 27.13 26.473 26.473 25.131 25.131
-9999 -9999 -9999 -9999 -9999 -9999 27.577 27.577 26.92 26.92 25.578 -9999
-9999 -9999 -9999 -9999 -9999 -9999 28.025 28.025 27.367 27.367 26.025 -9999
-9999 -9999 -9999 -9999 -9999 -9999 27.367 27.367 27.367 27.367 26.025 -9999
-9999 -9999 -9999 -9999 -9999 -9999 -9999 25.582 25.582 25.582 25.582 -9999
-9999 -9999 -9999 -9999 -9999 -9999 -9999 19.31 19.31 19.31 19.31 -9999
-9999 -9999 -9999 -9999 -9999 -9999 -9999 18.858 18.858 18.858 18.858 -9999
