outputs_txt/Phd_CSDMS_300k_ky_05_03_2024/Basin_8_RLF_1000.txt
ncols         18
nrows         48
xllcorner     6600.000000
yllcorner     0.000000
cellsize      200
NODATA_value  -9999
5.6398 6.0269 6.3869 6.7246 7.0432 7.2658 5.9083 5.9083 5.9083 5.9083 6.2613 8.5332 9.6794 10.306 9.4202 8.5233 7.6358 6.6461
5.6398 6.0269 6.3869 6.7246 7.0432 7.7478 7.7478 7.6027 6.4953 6.1178 7.0522 8.7426 9.8888 10.516 9.5561 8.5233 7.6358 6.6461
5.6398 6.0269 6.3869 6.7246 7.0432 8.1642 8.1642 7.8039 6.6965 6.319 8.004 8.9438 10.09 10.717 9.5561 8.5233 7.6358 -9999
5.6398 6.0269 6.3869 6.7246 7.0432 8.3616 8.3616 8.0013 6.8938 6.5163 8.2014 9.1412 10.287 10.914 10.196 9.4137 -9999 -9999
-9999 6.0269 6.8626 6.8626 7.0432 8.5487 8.5487 8.1883 7.0809 6.7034 8.3884 9.3283 10.474 11.101 10.196 9.4137 -9999 -9999
-9999 -9999 7.3325 7.3325 7.3325 8.7311 8.7311 8.3708 7.2634 6.8859 8.5709 9.5107 10.657 11.284 10.22 -9999 -9999 -9999
-9999 -9999 7.8368 8.1652 8.1652 8.9092 8.9092 8.5489 7.4414 7.0639 8.749 9.6888 10.835 10.835 9.5931 -9999 -9999 -9999
-9999 -9999 7.8368 8.4852 8.7872 9.0853 9.0853 8.725 7.6175 7.24 8.9251 9.8649 9.8649 9.8649 9.0865 -9999 -9999 -9999
-9999 7.3905 7.8368 8.4852 8.7872 9.2326 9.2326 8.8722 7.7648 7.3873 9.0724 10.012 10.012 10.012 9.0865 -9999 -9999 -9999
-9999 7.3905 7.8368 8.4852 8.7872 9.3777 9.3777 9.0174 7.91 6.9847 9.2175 9.2175 9.2175 9.2175 -9999 -9999 -9999 -9999
6.9112 7.3905 7.8368 8.4852 8.7872 9.5191 9.5191 7.9461 6.9577 7.126 9.3589 9.3589 9.3589 9.3589 -9999 -9999 -9999 -9999
-9999 7.0034 7.4497 8.0981 8.4136 9.2696 9.2696 8.0838 7.0953 7.0159 8.2756 8.2756 8.2756 8.2756 7.2238 -9999 -9999 -9999
-9999 -9999 7.0372 7.6856 8.137 8.9913 8.8762 8.218 7.2295 7.1501 8.4098 8.4098 8.4098 8.4098 -9999 -9999 -9999 -9999
-9999 -9999 6.9221 7.5706 8.1544 9.0072 9.0072 8.349 7.3605 7.2093 7.4551 7.4551 7.4551 7.4551 -9999 -9999 -9999 -9999
-9999 -9999 -9999 7.5706 8.2839 9.1352 9.1352 8.477 7.4885 7.3374 7.5831 7.5831 7.5831 7.5831 -9999 -9999 -9999 -9999
-9999 -9999 -9999 7.5706 8.4105 9.2605 9.2605 8.6022 7.6138 6.9098 7.7084 7.7084 7.7084 7.7084 -9999 -9999 -9999 -9999
-9999 -9999 -9999 7.5966 8.5346 9.3831 9.3831 8.7249 7.7364 7.0324 7.0324 7.0324 7.0324 7.0324 -9999 -9999 -9999 -9999
-9999 -9999 -9999 7.8639 8.7186 9.5033 9.5033 8.845 7.8566 7.0666 7.0666 7.0666 7.0666 7.0666 -9999 -9999 -9999 -9999
-9999 -9999 -9999 7.1059 7.9606 8.8627 8.8627 8.6977 6.6006 7.1153 7.1153 7.1153 7.1153 7.1153 -9999 -9999 -9999 -9999
-9999 -9999 -9999 8.047 8.524 8.98 8.98 8.678 6.5749 7.1869 7.1869 7.1869 7.1869 7.1869 -9999 -9999 -9999 -9999
-9999 -9999 -9999 8.047 8.524 9.0917 9.0917 8.6586 6.549 7.2701 7.2701 7.2701 7.2701 7.2701 -9999 -9999 -9999 -9999
-9999 -9999 7.5189 8.047 8.524 9.2028 9.2028 8.6448 6.5262 7.3426 7.3426 7.3426 7.3426 7.3426 -9999 -9999 -9999 -9999
-9999 -9999 7.5189 8.047 8.524 9.3122 9.3122 8.6454 6.507 7.4222 7.4222 7.4222 7.4222 7.4222 -9999 -9999 -9999 -9999
-9999 6.9245 7.5189 8.047 8.5798 9.4199 9.4199 8.6434 6.4891 7.5012 7.5012 7.5012 7.5012 7.5012 -9999 -9999 -9999 -9999
-9999 -9999 7.5189 8.047 8.7495 9.5261 9.5261 8.6458 6.4732 7.5308 7.5308 7.5308 7.5308 7.5308 -9999 -9999 -9999 -9999
-9999 -9999 -9999 8.047 8.8548 9.6307 9.6307 8.2707 6.2787 7.5519 7.5519 7.5519 7.5519 -9999 -9999 -9999 -9999 -9999
-9999 -9999 -9999 8.8488 9.6566 10.536 9.3709 8.3737 6.8652 7.5279 7.5279 7.5279 7.5279 -9999 -9999 -9999 -9999 -9999
-9999 -9999 -9999 8.8488 9.7204 10.637 9.4727 8.4755 6.967 7.2453 7.2453 7.2453 7.2453 -9999 -9999 -9999 -9999 -9999
-9999 -9999 -9999 8.8096 9.7311 10.738 9.5733 8.5761 7.0676 7.3459 7.3459 7.3459 7.3459 -9999 -9999 -9999 -9999 -9999
-9999 -9999 7.8606 8.8096 9.8154 10.837 9.6729 8.6756 7.1672 5.6056 5.6056 5.6056 5.6056 -9999 -9999 -9999 -9999 -9999
-9999 7.7622 7.8606 8.8096 9.9129 10.936 9.7714 8.7742 7.2657 5.7759 5.5896 5.5896 5.5896 -9999 -9999 -9999 -9999 -9999
-9999 8.2658 8.2658 8.8096 9.9129 11.034 9.869 8.8153 7.3633 5.8735 5.5743 5.5743 5.5743 -9999 -9999 -9999 -9999 -9999
-9999 8.7152 8.7152 8.8096 9.9129 11.13 9.9657 7.6221 7.46 5.9702 5.7752 5.7752 5.7752 -9999 -9999 -9999 -9999 -9999
-9999 9.9063 10.255 10.589 10.91 11.227 10.062 7.708 7.5564 6.0666 5.8716 5.8716 5.8716 -9999 -9999 -9999 -9999 -9999
-9999 12.577 12.926 13.26 13.581 13.988 13.988 13.388 14.447 15.048 15.048 15.048 15.048 -9999 -9999 -9999 -9999 -9999
-9999 12.577 21.622 21.956 22.276 23.142 23.142 23.142 23.142 23.142 23.142 23.14 23.14 -9999 -9999 -9999 -9999 -9999
-9999 -9999 21.622 21.956 22.276 23.595 23.595 23.595 23.595 23.595 23.595 23.593 23.593 23.593 -9999 -9999 -9999 -9999
-9999 -9999 21.622 21.956 22.276 24.044 24.044 24.044 24.044 24.044 24.044 24.042 24.042 24.042 -9999 -9999 -9999 -9999
-9999 -9999 21.622 21.956 22.276 24.489 24.489 24.489 24.489 24.489 24.489 24.487 24.487 24.487 -9999 -9999 -9999 -9999
-9999 -9999 -9999 -9999 -9999 -9999 24.931 24.931 24.931 24.931 24.931 24.928 24.928 -9999 -9999 -9999 -9999 -9999
-9999 -9999 -9999 -9999 -9999 -9999 25.369 25.369 25.369 25.369 25.369 25.367 25.367 -9999 -9999 -9999 -9999 -9999
-9999 -9999 -9999 -9999 -9999 -9999 25.806 25.806 25.806 25.806 25.806 25.804 25.804 -9999 -9999 -9999 -9999 -9999
-9999 -9999 -9999 -9999 -9999 -9999 26.242 26.242 26.242 26.242 26.242 26.24 26.24 -9999 -9999 -9999 -9999 -9999
-9999 -9999 -9999 -9999 -9999 -9999 -9999 26.678 26.678 26.678 26.678 26.676 26.676 -9999 -9999 -9999 -9999 -9999
-9999 -9999 -9999 -9999 -9999 -9999 -9999 26.214 26.214 26.214 26.214 -9999 -9999 -9999 -9999 -9999 -9999 -9999
-9999 -9999 -9999 -9999 -9999 -9999 -9999 -9999 25.71 25.71 25.71 -9999 -9999 -9999 -9999 -9999 -9999 -9999
-9999 -9999 -9999 -9999 -9999 -9999 -9999 -9999 25.239 25.239 -9999 -9999 -9999 -9999 -9999 -9999 -9999 -9999
-9999 -9999 -9999 -9999 -9999 -9999 -9999 -9999 24.75 24.75 -9999 -9999 -9999 -9999 -9999 -9999 -9999 -9999
