outputs_txt/Phd_CSDMS_300k_ky_05_03_2024/Basin_17_RLF_2500.txt
ncols         12
nrows         48
xllcorner     17200.000000
yllcorner     0.000000
cellsize      200
NODATA_value  -9999
-9999 -9999 8.1411 8.1793 8.392 8.392 8.392 8.392 8.392 8.392 8.392 8.392
-9999 -9999 8.392 8.392 8.5435 8.5435 8.5435 8.5435 8.5435 8.5435 8.5435 8.5435
-9999 8.392 8.5435 8.5435 8.6943 8.6943 8.6943 8.6943 8.6943 8.6943 8.6943 8.6943
-9999 8.5435 8.6943 8.6943 8.8415 8.8415 8.8415 8.8415 8.8415 8.8415 8.8415 8.8415
-9999 8.6943 8.8415 8.8415 8.9856 8.9856 8.9856 8.9856 8.9856 8.9856 8.9856 8.9856
-9999 -9999 8.9856 8.9856 9.1285 9.1285 9.1285 9.1285 9.1285 9.1285 9.1285 9.1285
-9999 -9999 9.1285 9.1285 9.2676 9.2676 9.2676 9.2676 9.2676 9.2676 9.2676 9.2676
-9999 -9999 9.2676 9.2676 9.405 9.405 9.405 9.405 9.405 9.405 9.405 9.405
-9999 -9999 9.405 9.405 9.53 9.53 9.53 9.53 9.53 9.53 9.53 9.53
-9999 -9999 9.53 9.53 9.6538 9.6538 9.6538 9.6538 9.6538 9.6538 9.6538 9.6538
-9999 9.53 9.6538 9.6538 9.7762 9.7762 9.7762 9.7762 9.7762 9.7762 9.7762 9.1719
-9999 9.6538 9.7762 9.7762 9.8956 9.8956 9.8956 9.8956 9.8956 9.2913 9.2038 9.2038
-9999 9.7762 9.8956 9.8956 10.013 10.013 10.013 9.4084 9.3208 9.3208 9.3208 9.3208
-9999 -9999 8.7493 8.7493 8.865 8.865 8.865 8.865 8.865 8.865 8.865 8.8616
-9999 -9999 -9999 8.865 8.979 8.979 8.979 8.979 8.979 8.979 8.9756 8.9756
-9999 -9999 -9999 8.979 9.0889 9.0889 9.0889 9.0889 9.0855 9.0855 9.0855 8.919
-9999 -9999 9.0889 9.0889 9.1981 9.1981 9.1947 9.1947 9.1947 9.0282 9.0282 9.0282
-9999 9.0855 9.1947 9.1947 9.3019 9.3019 9.3019 9.1354 9.1354 9.1354 9.1354 9.1354
-9999 9.0282 9.1354 9.1354 9.2423 9.2423 9.2423 9.2423 9.2423 9.2423 9.2423 9.2423
-9999 9.1354 9.2423 9.2423 9.3462 9.3462 9.3462 9.3462 9.3462 9.3462 9.3462 8.4267
9.2423 9.2423 9.3462 9.3462 9.4483 9.4483 9.4483 9.4483 9.4483 9.4483 8.5275 8.5275
-9999 9.3462 9.4483 9.4483 9.5494 9.5494 9.5494 9.5494 8.6286 8.6286 8.6286 8.6286
-9999 -9999 9.5494 9.5494 9.6488 9.6488 8.7281 8.7281 8.7281 8.7281 8.7281 8.7281
-9999 -9999 8.7281 8.7281 8.8259 8.8259 8.8259 8.8259 8.8259 8.8259 8.8259 8.8259
-9999 -9999 8.8259 8.8259 8.9229 8.9229 8.9229 8.9229 8.9229 8.9229 8.9229 8.9229
-9999 8.8259 8.9229 8.9229 9.02 9.02 9.02 9.02 9.02 9.02 9.02 9.02
-9999 13.131 13.228 13.228 13.318 11.882 11.418 12.746 12.746 12.746 12.746 12.746
-9999 -9999 23.952 23.952 24.416 24.416 24.416 24.416 23.004 22.561 20.505 20.505
-9999 -9999 24.416 24.416 24.875 24.875 24.875 24.875 24.875 24.875 23.462 23.02
-9999 -9999 24.875 24.875 25.331 25.331 25.331 25.331 25.331 25.331 25.331 25.331
-9999 -9999 25.331 25.331 25.784 25.784 25.784 25.784 25.784 25.784 25.784 25.784
-9999 -9999 25.784 25.784 26.235 26.235 26.235 26.235 26.235 26.235 26.235 26.235
-9999 -9999 26.235 26.235 26.684 26.684 26.684 26.684 26.684 26.684 26.684 26.684
-9999 -9999 26.684 26.684 27.13 27.13 27.13 27.13 27.13 27.13 27.13 27.13
26.684 26.684 27.13 27.13 27.577 27.577 27.577 27.577 27.577 27.577 27.577 27.577
27.13 27.13 27.577 28.024 28.025 28.025 28.025 28.025 28.025 28.025 28.025 28.025
27.577 28.024 28.025 28.025 28.025 28.025 28.025 28.025 28.025 28.025 28.025 28.025
28.025 28.025 28.025 28.025 28.025 28.025 28.025 28.025 28.025 28.025 28.025 28.025
28.025 28.025 28.025 28.025 28.025 28.025 28.025 28.025 28.025 28.025 28.025 28.025
-9999 28.025 28.025 28.025 28.025 28.025 28.025 28.025 28.025 28.025 28.025 28.025
-9999 -9999 -9999 -9999 -9999 28.025 28.025 28.025 28.025 28.025 28.025 28.025
-9999 -9999 -9999 -9999 -9999 -9999 28.025 28.025 28.025 28.025 28.025 28.025
-9999 -9999 -9999 -9999 -9999 -9999 28.025 28.025 28.025 28.025 28.025 -9999
-9999 -9999 -9999 -9999 -9999 -9999 28.025 28.025 28.025 28.025 28.025 -9999
-9999 -9999 -9999 -9999 -9999 -9999 28.025 28.025 28.025 28.025 28.025 -9999
-9999 -9999 -9999 -9999 -9999 -9999 -9999 28.025 28.025 28.025 28.025 -9999
-9999 -9999 -9999 -9999 -9999 -9999 -9999 28.025 28.025 28.025 28.025 -9999
-9999 -9999 -9999 -9999 -9999 -9999 -9999 28.025 28.025 28.025 28.025 -9999
