outputs_txt/Phd_CSDMS_300k_ky_05_03_2024/Basin_10_DEM.txt
ncols         12
nrows         48
xllcorner     9800.000000
yllcorner     0.000000
cellsize      200
NODATA_value  -9999
-32768 -32768 17.059 14.901 13.413 12.561 11.824 12.868 14.348 13.926 14.993 16.505
-32768 -32768 17.233 15.016 13.515 12.308 11.267 13.335 13.901 13.061 14.562 16.689
-32768 18.196 16.922 14.829 13.656 12.882 10.801 11.292 11.799 12.359 13.856 15.982
18.013 16.221 14.286 12.849 11.905 11.159 10.472 12.339 13.735 13.845 15.912 -32768
-32768 17.335 16.113 13.908 12.398 11.2 10.182 11.111 12.148 13.339 14.777 -32768
-32768 -32768 16.039 13.751 12.178 10.957 9.9183 10.954 12.15 13.612 15.666 -32768
-32768 -32768 15.561 13.39 11.904 10.707 9.6722 10.706 11.901 13.361 15.416 -32768
-32768 -32768 15.436 13.192 11.677 10.475 9.4408 10.474 11.667 13.126 15.179 -32768
-32768 -32768 15.35 13.049 11.475 10.257 9.2215 10.253 11.445 12.903 14.954 -32768
-32768 -32768 14.749 12.691 11.234 10.044 9.0128 10.044 11.234 12.692 14.739 -32768
-32768 -32768 14.542 12.488 11.033 9.8433 8.8132 10.002 11.458 13.507 -32768 -32768
-32768 -32768 14.798 12.473 10.878 9.6553 8.6208 9.6503 10.839 12.294 14.338 -32768
-32768 -32768 14.288 12.13 10.655 9.4646 8.4356 9.4643 10.652 12.104 14.148 -32768
-32768 -32768 13.976 11.925 10.472 9.2851 8.2569 9.2851 10.472 11.923 13.966 -32768
-32768 -32768 14.538 12.275 10.469 9.1497 8.084 9.1117 10.298 11.748 13.789 -32768
-32768 -32768 13.994 11.703 10.153 8.9463 7.9165 8.9436 10.129 11.578 13.618 -32768
-32768 -32768 13.934 11.604 10.007 8.786 7.7537 8.7804 9.9649 11.413 13.452 -32768
-32768 -32768 13.317 11.257 9.8061 8.6218 7.5954 8.6218 9.8058 11.254 13.29 -32768
-32768 -32768 13.81 12.113 10.074 8.6255 7.4413 8.6256 10.074 12.112 -32768 -32768
-32768 -32768 13.739 11.447 9.6585 8.3501 7.29 8.474 9.9218 11.959 -32768 -32768
-32768 -32768 13.656 11.457 9.5848 8.2282 7.142 8.3256 9.7725 11.808 -32768 -32768
-32768 -32768 13.532 11.472 9.5222 8.1199 6.997 8.18 9.6261 11.662 -32768 -32768
-32768 -32768 13.371 11.477 9.4595 8.0225 6.8547 8.0371 9.4823 11.518 -32768 -32768
-32768 -32768 12.557 10.396 8.9232 7.739 6.7151 7.8966 9.341 11.375 -32768 -32768
-32768 -32768 -32768 11.235 9.2019 7.7587 6.578 7.7589 9.2024 11.236 -32768 -32768
-32768 -32768 -32768 11.1 9.0661 7.6233 6.4432 7.6233 9.0661 11.099 -32768 -32768
-32768 -32768 -32768 10.964 8.9319 7.4898 6.3104 7.4897 8.9314 10.961 -32768 -32768
-32768 -32768 -32768 10.831 8.7997 7.3584 6.1796 7.2007 8.3783 9.8186 11.843 -32768
-32768 -32768 -32768 10.701 8.6698 7.2292 6.0509 7.0714 8.2481 9.6869 11.713 -32768
-32768 -32768 -32768 10.573 8.5427 7.1027 5.9244 6.9444 8.1205 9.5587 11.584 -32768
-32768 -32768 11.967 10.526 8.5022 7.8328 5.7998 6.8193 7.9949 9.4325 11.457 -32768
-32768 -32768 10.53 8.5039 7.0659 7.4623 5.6766 6.6955 7.8707 9.3078 11.332 -32768
-32768 -32768 9.6231 7.5942 6.1547 5.4337 5.5544 6.5736 7.7488 9.186 11.21 -32768
-32768 -32768 9.951 7.9262 6.4895 5.3148 6.2246 7.2409 8.4129 9.8462 11.864 -32768
-32768 -32768 9.8337 7.8091 6.3724 5.1979 6.1078 7.1242 8.2964 9.7299 11.749 -32768
-32768 -32768 9.717 7.693 6.2568 5.0828 5.993 7.0096 8.1818 9.6147 11.631 -32768
-32768 -32768 9.5996 7.5777 6.1426 4.9694 6.9946 7.9557 8.5738 9.2941 10.322 -32768
-32768 -32768 8.2378 6.7937 5.7711 4.8566 5.3856 5.9327 6.55 7.2723 8.2926 -32768
-32768 -32768 19.167 17.298 14.534 4.7487 14.482 16.16 17.453 15.524 16.916 -32768
-32768 -32768 -32768 21.378 11.364 4.1997 10.052 17.179 27.137 28.82 28.327 -32768
-32768 -32768 -32768 20.835 10.804 3.6588 9.4904 16.62 26.632 -32768 -32768 -32768
-32768 -32768 -32768 20.283 10.26 3.1234 8.9473 16.07 26.063 -32768 -32768 -32768
-32768 -32768 -32768 19.751 9.7215 2.5933 8.4096 15.526 25.501 -32768 -32768 -32768
-32768 -32768 -32768 19.181 9.2004 2.0684 7.8819 15.011 24.981 -32768 -32768 -32768
-32768 -32768 -32768 -32768 11.562 1.5487 8.6658 18.643 -32768 -32768 -32768 -32768
-32768 -32768 -32768 -32768 11.023 1.0312 11.006 -32768 -32768 -32768 -32768 -32768
-32768 -32768 -32768 -32768 -32768 0.51541 -32768 -32768 -32768 -32768 -32768 -32768
-32768 -32768 -32768 -32768 -32768 0.00065311 -32768 -32768 -32768 -32768 -32768 -32768
