outputs_txt/Phd_CSDMS_300k_ky_05_03_2024/Basin_9_RLF_2500.txt
ncols         6
nrows         44
xllcorner     9200.000000
yllcorner     0.000000
cellsize      200
NODATA_value  -9999
-9999 -9999 -9999 5.869 -9999 -9999
-9999 -9999 6.1214 6.1214 6.1214 -9999
-9999 -9999 6.3671 6.3671 6.3671 -9999
-9999 -9999 6.5997 6.5997 6.5997 -9999
-9999 -9999 6.825 6.825 6.825 -9999
-9999 7.0437 7.0437 7.0437 7.0437 -9999
-9999 7.2564 7.2564 7.2564 7.2564 -9999
-9999 -9999 7.4618 7.4618 7.4618 -9999
-9999 7.6645 7.6645 7.6645 7.6645 -9999
-9999 7.8591 7.8591 7.8591 7.8591 -9999
-9999 8.0478 8.0478 8.0478 8.0478 -9999
-9999 8.2311 8.2311 8.2311 8.2311 -9999
-9999 8.4094 8.4094 8.4094 8.4094 -9999
-9999 8.4717 8.4717 8.4717 8.4717 -9999
-9999 8.5217 8.5217 8.5217 8.5217 -9999
-9999 8.1417 8.1417 8.1417 8.1417 -9999
-9999 8.2159 8.2159 8.2159 8.2159 -9999
-9999 8.3754 8.3754 8.3754 8.3754 -9999
-9999 8.5013 8.5013 8.5013 8.5013 -9999
-9999 7.8905 7.8905 7.8905 7.8905 -9999
-9999 8.0423 8.0423 8.0423 8.0423 8.0423
8.1919 8.1919 8.1919 8.1919 8.1919 8.1919
12.187 12.187 12.187 12.187 12.187 12.187
16.576 22.204 22.204 22.204 22.204 22.204
22.933 22.933 22.933 22.933 22.933 22.933
23.655 23.655 23.655 23.655 23.655 23.655
24.372 24.372 24.372 24.372 24.372 -9999
25.086 25.086 25.086 25.086 25.086 -9999
25.797 25.797 25.797 25.797 25.797 -9999
26.51 26.51 26.51 26.51 26.51 -9999
27.226 27.226 27.226 27.226 27.226 -9999
27.949 27.949 27.949 27.949 27.949 -9999
-9999 27.949 27.949 27.949 27.949 -9999
-9999 27.949 27.949 27.949 27.949 -9999
-9999 27.949 27.949 27.949 27.949 -9999
27.949 27.949 27.949 27.949 27.949 27.949
27.949 27.949 27.949 27.949 27.949 27.949
27.949 27.949 27.949 27.949 27.949 27.949
27.949 27.949 27.949 27.949 27.949 -9999
27.949 27.949 27.949 27.949 27.949 -9999
27.949 27.949 27.949 27.949 -9999 -9999
-9999 27.949 27.949 27.949 -9999 -9999
-9999 27.949 27.949 -9999 -9999 -9999
-9999 27.949 27.949 -9999 -9999 -9999
