outputs_txt/Phd_CSDMS_300k_ky_05_03_2024/Basin_9_DEM.txt
ncols         6
nrows         44
xllcorner     9200.000000
yllcorner     0.000000
cellsize      200
NODATA_value  -9999
-32768 -32768 -32768 16.483 -32768 -32768
-32768 -32768 16.212 15.449 16.372 -32768
-32768 -32768 14.987 14.786 16.252 -32768
-32768 -32768 14.049 14.203 15.707 -32768
-32768 -32768 13.19 13.677 15.185 -32768
-32768 14.423 12.78 13.933 15.619 -32768
-32768 14.07 12.409 13.701 15.588 -32768
-32768 -32768 12.068 13.183 14.552 -32768
-32768 13.433 11.745 12.935 14.631 -32768
-32768 13.134 11.441 13.06 14.823 -32768
-32768 12.841 11.151 12.136 13.254 -32768
-32768 12.558 10.877 12.081 13.722 -32768
-32768 12.277 10.614 11.817 13.421 -32768
-32768 12.001 10.362 12.114 13.811 -32768
-32768 11.717 10.116 10.986 12.007 -32768
-32768 11.428 9.8833 11.045 12.495 -32768
-32768 11.148 9.658 10.785 12.17 -32768
-32768 10.842 9.4394 10.524 11.853 -32768
-32768 10.485 9.2266 10.266 11.555 -32768
-32768 10.78 9.0212 10.818 12.555 -32768
-32768 10.088 8.8185 9.7117 10.758 12.579
11.737 9.8983 8.6239 9.6608 10.953 12.812
11.557 9.7139 8.4352 9.4758 10.772 12.636
11.382 9.5345 8.2519 9.2957 10.595 12.463
11.211 9.3595 8.0736 9.1202 10.423 12.294
11.045 9.1889 7.9 8.9491 10.255 12.129
10.881 9.0222 7.7306 8.7821 10.091 -32768
10.721 8.8591 7.5652 8.8589 10.721 -32768
10.564 8.699 7.4029 8.699 10.564 -32768
10.409 8.5415 7.2434 8.5415 10.41 -32768
10.256 8.3866 7.0866 8.3866 10.257 -32768
10.106 8.2342 6.9323 8.2342 10.107 -32768
-32768 8.084 6.7804 8.0838 9.9577 -32768
-32768 8.1263 6.6309 7.7003 9.0279 -32768
-32768 15.801 6.4844 15.728 18.671 -32768
22.321 12.548 5.7452 11.274 18.194 27.949
21.653 11.839 5.0164 10.559 17.5 27.314
20.981 11.147 4.294 9.8692 16.845 26.685
20.317 10.463 3.5774 10.457 20.305 -32768
19.658 9.7833 2.8634 9.7959 19.647 -32768
19.023 9.1208 2.1521 11.981 -32768 -32768
-32768 11.287 1.4395 11.303 -32768 -32768
-32768 9.8716 0.7233 -32768 -32768 -32768
-32768 0.00083155 0.00035539 -32768 -32768 -32768
