outputs_txt/Phd_CSDMS_300k_ky_05_03_2024/Basin_10_RLF_2500.txt
ncols         12
nrows         48
xllcorner     9800.000000
yllcorner     0.000000
cellsize      200
NODATA_value  -9999
-9999 -9999 9.7606 9.7606 9.7606 9.7606 9.7606 9.7606 9.7606 9.7606 9.7606 9.5754
-9999 -9999 9.9393 9.9393 9.9393 9.9393 9.9393 9.9393 9.9393 9.9393 9.9393 9.7606
-9999 9.9393 10.112 10.112 10.112 10.112 10.112 10.112 10.112 10.112 10.112 9.9393
10.112 10.112 10.28 10.28 10.28 10.28 10.28 10.28 10.28 10.28 10.28 -9999
-9999 10.28 10.442 10.442 10.442 10.442 10.442 10.442 10.442 10.442 10.442 -9999
-9999 -9999 10.601 10.601 10.601 10.601 10.601 10.601 10.601 10.601 10.601 -9999
-9999 -9999 10.755 10.755 10.755 10.755 10.755 10.755 10.755 10.755 10.755 -9999
-9999 -9999 10.906 10.906 10.906 10.906 10.906 10.906 10.906 10.906 10.906 -9999
-9999 -9999 11.054 11.054 11.054 11.054 11.054 11.054 11.054 11.054 11.054 -9999
-9999 -9999 11.199 11.199 11.199 11.199 11.199 11.199 11.199 11.199 11.199 -9999
-9999 -9999 11.341 11.341 11.341 11.341 11.341 11.341 11.341 11.341 -9999 -9999
-9999 -9999 11.481 11.481 11.481 11.481 11.481 11.481 11.481 11.481 11.481 -9999
-9999 -9999 11.618 11.618 11.618 11.618 11.618 11.618 11.618 11.618 10.757 -9999
-9999 -9999 11.753 11.753 11.753 11.753 11.753 11.753 11.57 10.892 10.892 -9999
-9999 -9999 11.886 11.886 11.886 11.886 11.703 11.025 11.025 11.025 9.8026 -9999
-9999 -9999 11.833 11.833 11.833 11.155 11.155 11.155 9.9334 9.8596 9.8596 -9999
-9999 -9999 11.284 11.284 11.284 11.284 10.062 9.9882 9.9882 9.6155 9.6155 -9999
-9999 -9999 10.115 10.115 10.115 10.115 10.115 9.7421 9.7421 9.7421 9.7421 -9999
-9999 -9999 9.7616 9.7616 9.7616 9.7616 9.7616 9.6361 9.6361 9.6167 -9999 -9999
-9999 -9999 9.7593 9.7593 9.7593 9.7593 9.7593 9.6731 9.6731 9.5021 -9999 -9999
-9999 -9999 9.916 9.916 9.916 9.916 9.916 9.5201 9.5201 9.5201 -9999 -9999
-9999 -9999 9.483 9.483 9.483 9.483 9.483 9.483 9.483 9.483 -9999 -9999
-9999 -9999 9.6 9.6 9.6 9.6 9.6 9.6 9.6 9.3403 -9999 -9999
-9999 -9999 9.7151 9.7151 9.7151 9.7151 9.7151 9.4555 9.4555 9.4555 -9999 -9999
-9999 -9999 -9999 9.5689 9.5689 9.5689 9.5689 9.5689 9.5689 9.5689 -9999 -9999
-9999 -9999 -9999 9.6817 9.6817 9.6817 9.6817 9.6817 9.6817 9.1379 -9999 -9999
-9999 -9999 -9999 14.418 14.418 14.418 14.418 12.705 12.705 12.705 -9999 -9999
-9999 -9999 -9999 17.178 22.937 24.62 24.62 24.62 24.62 24.62 24.071 -9999
-9999 -9999 -9999 25.161 25.161 25.161 25.161 25.161 25.161 25.161 24.62 -9999
-9999 -9999 -9999 25.697 25.697 25.697 25.697 25.697 25.697 25.697 25.161 -9999
-9999 -9999 26.227 26.227 26.227 26.227 26.227 26.227 26.227 26.227 25.697 -9999
-9999 -9999 26.752 26.752 26.752 26.752 26.752 26.752 26.752 26.752 26.227 -9999
-9999 -9999 27.271 27.271 27.271 27.271 27.271 27.271 27.271 27.271 26.752 -9999
-9999 -9999 27.789 27.789 27.789 27.789 27.789 27.789 27.789 27.789 27.271 -9999
-9999 -9999 28.305 28.305 28.305 28.305 28.305 28.305 28.305 28.305 27.789 -9999
-9999 -9999 28.819 28.819 28.819 28.819 28.819 28.819 28.819 28.819 28.305 -9999
-9999 -9999 28.819 28.819 28.819 28.819 28.819 28.819 28.819 28.819 28.819 -9999
-9999 -9999 28.819 28.819 28.819 28.819 28.819 28.819 28.819 28.819 28.819 -9999
-9999 -9999 28.819 28.819 28.819 28.819 28.819 28.819 28.819 28.819 28.819 -9999
-9999 -9999 -9999 28.819 28.819 28.819 28.819 28.819 28.819 28.819 28.819 -9999
-9999 -9999 -9999 28.819 28.819 28.819 28.819 28.819 28.819 -9999 -9999 -9999
-9999 -9999 -9999 28.819 28.819 28.819 28.819 28.819 28.819 -9999 -9999 -9999
-9999 -9999 -9999 28.819 28.819 28.819 28.819 28.819 28.819 -9999 -9999 -9999
-9999 -9999 -9999 28.819 28.819 28.819 28.819 28.819 28.819 -9999 -9999 -9999
-9999 -9999 -9999 -9999 28.819 28.819 28.819 28.819 -9999 -9999 -9999 -9999
-9999 -9999 -9999 -9999 28.819 28.819 28.819 -9999 -9999 -9999 -9999 -9999
-9999 -9999 -9999 -9999 -9999 28.819 -9999 -9999 -9999 -9999 -9999 -9999
-9999 -9999 -9999 -9999 -9999 28.819 -9999 -9999 -9999 -9999 -9999 -9999
