outputs_txt/Phd_CSDMS_300k_ky_05_03_2024/Basin_1_RLF_1000.txt
ncols         11
nrows         48
xllcorner     0.000000
yllcorner     0.000000
cellsize      200
NODATA_value  -9999
-9999 -9999 4.5074 5.3258 5.3258 5.3258 5.3258 5.3258 -9999 -9999 -9999
-9999 -9999 4.8946 5.7129 5.7129 5.7129 5.7129 5.7129 -9999 -9999 -9999
-9999 -9999 5.2548 6.0731 6.0731 6.0731 6.0731 6.0685 -9999 -9999 -9999
-9999 -9999 5.6655 6.4839 6.4839 6.4839 6.4839 6.4038 6.4038 -9999 -9999
-9999 -9999 6.0527 6.871 6.871 6.871 6.871 6.7217 6.7217 -9999 -9999
-9999 -9999 5.8532 6.2338 6.9255 6.9255 6.9255 6.7158 -9999 -9999 -9999
-9999 -9999 5.5333 5.7575 7.2755 7.2755 7.2755 6.9892 -9999 -9999 -9999
-9999 -9999 5.2877 5.6051 7.6106 7.6106 7.6106 7.2531 7.2531 -9999 -9999
-9999 -9999 5.0901 5.6005 7.5013 7.5013 7.5013 7.0771 7.0771 7.0771 -9999
-9999 -9999 4.9298 5.9144 6.8959 6.8963 6.8963 6.8558 6.6338 6.4094 -9999
-9999 -9999 4.8016 6.2206 7.202 7.2024 7.2024 7.0749 6.6338 6.4094 -9999
-9999 -9999 4.7654 6.1873 7.5012 7.5016 7.5016 7.2913 6.6338 6.4094 -9999
-9999 -9999 4.618 6.4795 6.5132 7.6724 7.6724 7.2913 6.6338 6.4094 -9999
-9999 -9999 5.5835 6.6463 6.6799 7.7491 7.7491 7.2012 6.5437 6.3193 -9999
-9999 -9999 5.7469 6.8097 6.8433 7.9125 7.9125 7.2012 6.5437 -9999 -9999
-9999 -9999 5.9071 6.9699 6.9699 7.9695 7.9695 7.0981 -9999 -9999 -9999
-9999 -9999 6.0648 7.1276 7.1276 7.1276 7.4922 6.463 -9999 -9999 -9999
-9999 -9999 6.2201 7.2829 7.2829 7.2829 7.6475 6.463 -9999 -9999 -9999
-9999 -9999 6.3741 7.4369 7.4369 7.4369 7.8015 6.5392 6.5392 -9999 -9999
-9999 -9999 6.5269 7.5897 7.5897 7.5897 7.9543 7.6286 7.2985 6.949 -9999
-9999 -9999 6.6643 7.7271 7.7271 7.7271 8.0917 7.6286 7.2985 6.949 6.1903
-9999 -9999 6.801 7.5738 7.5738 7.8294 8.2284 7.6286 7.2985 6.949 6.1903
-9999 -9999 6.7723 6.7723 7.7055 7.9635 8.3624 7.6286 7.2985 6.949 6.1903
-9999 -9999 6.6769 6.6769 7.5661 8.0952 8.4941 7.6286 7.2985 6.949 -9999
-9999 -9999 6.0467 6.6037 7.6959 7.6959 8.6239 7.9154 7.2985 6.949 -9999
-9999 -9999 4.8691 6.8369 7.823 7.823 8.1722 7.3366 6.7197 -9999 -9999
-9999 -9999 4.9631 6.9631 7.9492 7.9492 7.9492 7.1312 6.3704 -9999 -9999
-9999 -9999 5.0873 7.0873 8.0734 8.0734 8.0734 7.2557 -9999 -9999 -9999
-9999 -9999 5.2096 7.2096 8.1957 8.1957 8.1957 7.3 -9999 -9999 -9999
-9999 -9999 5.3303 7.3304 8.3164 8.3164 8.3164 7.4208 -9999 -9999 -9999
-9999 -9999 5.4496 7.4496 8.3008 8.3008 8.3008 7.4831 6.5866 -9999 -9999
-9999 -9999 5.5671 7.5672 7.905 7.905 7.905 6.9697 -9999 -9999 -9999
-9999 -9999 5.6837 7.6837 8.0215 8.0215 8.0215 6.9697 -9999 -9999 -9999
-9999 -9999 5.7999 7.7999 8.1377 8.1377 8.1377 7.7491 -9999 -9999 -9999
-9999 -9999 11.484 11.484 11.492 12.894 12.894 12.396 12 -9999 -9999
-9999 -9999 20.611 20.611 22.668 26.55 26.55 25.494 25.098 24.677 -9999
-9999 -9999 21.163 21.163 23.22 27.102 27.102 25.494 25.098 24.677 -9999
-9999 -9999 21.713 21.713 23.77 27.651 27.651 25.494 25.098 24.677 -9999
-9999 -9999 22.258 22.258 24.315 28.197 28.197 25.494 25.098 24.677 -9999
-9999 -9999 22.801 22.801 24.858 28.74 28.74 25.494 25.098 24.677 -9999
-9999 -9999 23.341 23.341 25.398 -9999 -9999 -9999 -9999 -9999 -9999
-9999 -9999 23.877 23.877 25.934 -9999 -9999 -9999 -9999 -9999 -9999
-9999 -9999 24.947 24.947 27.004 -9999 -9999 -9999 -9999 -9999 -9999
-9999 -9999 24.947 24.947 27.004 -9999 -9999 -9999 -9999 -9999 -9999
-9999 -9999 20.89 20.89 20.89 -9999 -9999 -9999 -9999 -9999 -9999
-9999 -9999 20.318 20.318 -9999 -9999 -9999 -9999 -9999 -9999 -9999
19.752 19.752 19.752 19.752 -9999 -9999 -9999 -9999 -9999 -9999 -9999
19.191 19.191 19.191 19.191 -9999 -9999 -9999 -9999 -9999 -9999 -9999
