outputs_txt/Phd_CSDMS_300k_ky_05_03_2024/Basin_5_DEM.txt
ncols         17
nrows         48
xllcorner     3800.000000
yllcorner     0.000000
cellsize      200
NODATA_value  -9999
-32768 15.384 13.941 13.676 12.235 11.217 13.251 13.923 14.94 14.092 12.915 13.559 14.332 15.358 -32768 -32768 -32768
-32768 14.957 12.921 13.966 11.934 10.497 12.526 12.481 13.499 12.649 11.473 12.117 12.888 13.911 -32768 -32768 -32768
-32768 14.123 12.088 13.378 11.347 9.9101 10.587 11.306 12.325 12.996 10.965 12.402 14.44 15.952 -32768 -32768 -32768
-32768 13.4 11.368 12.962 10.932 9.4957 10.668 12.105 14.136 12.544 10.51 11.684 13.126 15.168 -32768 -32768 -32768
14.195 12.163 10.724 12.752 11.154 9.1251 11.152 12.726 14.164 12.137 10.103 12.133 13.239 13.559 15.601 -32768 -32768
13.651 11.618 10.181 11.283 10.797 8.7716 9.6788 10.695 12.134 11.749 9.7189 10.437 11.205 12.116 13.56 15.605 -32768
13.161 11.126 9.688 9.2551 8.8488 8.4508 9.6209 11.057 13.085 11.421 9.3895 10.296 11.312 12.486 13.929 15.974 -32768
14.314 13.156 11.125 11.28 10.232 8.2088 9.3786 10.814 12.844 11.117 9.0869 9.9936 11.009 12.183 13.626 15.67 -32768
-32768 13.631 11.598 10.161 8.9886 7.9748 9.1442 10.579 12.608 10.835 8.8055 9.712 10.727 11.901 13.344 -32768 -32768
-32768 13.615 11.583 11.155 9.7755 7.7527 8.9216 10.356 12.385 10.57 8.5414 9.5547 10.727 12.166 14.202 -32768 -32768
-32768 12.18 10.146 9.1302 8.302 7.5368 8.7053 10.14 12.167 10.318 8.29 9.4596 10.895 12.927 -32768 -32768 -32768
-32768 12.983 10.951 9.5159 8.3454 7.3337 8.5017 9.9357 11.963 10.075 8.0477 9.0602 10.232 11.67 13.705 -32768 -32768
-32768 13.02 10.989 10.562 9.159 7.1384 8.3058 9.7395 11.766 9.8423 7.8154 8.7205 9.7342 10.907 12.347 14.384 -32768
-32768 11.588 9.554 8.5388 7.7114 6.9473 8.1144 9.5476 11.574 9.6195 7.5932 8.4978 9.5109 10.683 12.121 14.159 -32768
-32768 12.408 10.377 8.9435 7.7751 6.7654 7.9321 9.3657 11.39 9.4047 7.3799 8.2053 9.1112 10.125 11.299 12.741 14.793
-32768 12.232 10.202 8.7671 7.5985 6.5891 8.018 10.042 10.634 8.6072 7.1757 8.0007 8.9061 9.9199 11.093 12.534 14.591
-32768 12.058 10.029 8.5945 7.4264 6.4174 7.846 9.8707 10.437 8.4114 6.9804 7.805 8.7101 9.7236 10.896 12.337 14.397
-32768 11.889 9.86 8.4263 7.2586 6.25 7.678 9.7023 10.403 8.8149 6.793 7.6172 8.5219 9.5352 10.707 12.149 14.213
-32768 11.724 9.6954 8.262 7.0947 6.0866 7.5146 9.5353 8.3806 8.6308 6.6117 7.4355 8.3399 9.3529 10.525 11.967 14.034
-32768 11.563 9.5345 8.1015 6.9346 5.927 7.9442 8.9682 6.9493 8.1162 6.4361 7.2594 8.1634 9.176 10.348 11.792 13.877
-32768 11.421 9.3788 7.9443 6.7775 5.7702 7.7863 7.9565 5.9394 6.1018 6.2652 6.8733 7.7774 8.7904 9.9629 11.407 13.481
-32768 -32768 10.234 8.2083 6.7792 5.6164 7.6308 7.4808 5.7804 7.7926 8.2807 7.777 8.7885 9.9589 11.398 13.457 -32768
-32768 -32768 10.081 8.0563 6.6272 5.4648 7.1756 5.4683 5.6221 6.3833 7.2072 8.1108 9.1234 10.297 11.748 13.854 -32768
-32768 -32768 10.029 7.9217 6.4787 5.315 5.167 5.315 5.9109 6.5585 7.2817 8.1206 9.1585 10.362 11.871 -32768 -32768
-32768 -32768 -32768 9.6706 7.6494 6.2229 5.0627 7.0734 7.9137 8.5557 9.2741 10.102 8.8138 9.9162 11.447 13.728 -32768
-32768 -32768 -32768 9.5693 7.547 6.1197 4.959 6.9691 7.5329 7.8849 8.2548 8.6444 7.6919 8.663 9.9245 11.5 13.861
-32768 -32768 -32768 9.4661 7.4434 6.0165 4.8559 5.182 5.5128 5.8583 6.2206 6.6022 7.0147 8.0333 9.2273 10.737 12.981
-32768 -32768 -32768 9.3673 7.3452 5.9186 4.7584 6.7677 7.5325 7.8849 8.2543 8.0416 7.6572 8.3816 9.2342 10.327 12.718
-32768 -32768 -32768 9.2689 7.2474 5.8212 4.6613 6.6398 7.808 8.5531 9.4151 10.112 9.7446 10.522 11.476 12.066 14.24
-32768 -32768 -32768 9.1713 7.1503 5.7244 4.5647 5.1699 5.8062 6.5194 7.3464 8.3691 9.5747 11.114 13.419 14.561 -32768
-32768 -32768 -32768 9.0753 7.0549 5.6294 4.4699 5.1789 5.9386 6.7614 7.6667 8.687 9.8837 11.397 13.637 -32768 -32768
-32768 -32768 -32768 8.9806 6.9608 5.5356 4.3763 5.0853 5.845 6.6682 7.5747 8.5985 9.8029 11.333 13.596 -32768 -32768
-32768 -32768 -32768 8.8871 6.8678 5.443 4.2839 4.9928 5.7525 6.5761 7.4843 8.5125 9.7259 11.275 13.562 -32768 -32768
-32768 -32768 -32768 8.796 6.7761 5.3516 4.1927 4.9015 5.6613 6.4855 7.3957 8.4285 9.6508 11.218 13.521 -32768 -32768
-32768 -32768 -32768 8.7048 6.6855 5.2614 4.1027 4.8514 5.6524 6.5292 7.6333 8.9019 10.476 12.14 12.239 -32768 -32768
-32768 -32768 -32768 8.6146 6.5959 5.1721 4.0136 5.3708 7.0596 8.5242 8.7107 9.1185 9.5959 9.7801 9.9456 -32768 -32768
-32768 -32768 -32768 8.5218 6.5061 5.0832 3.9251 5.9295 6.5146 6.8706 6.6556 7.0677 7.5338 7.9181 8.3861 10.55 -32768
-32768 -32768 -32768 7.1852 5.7508 4.7389 3.8368 4.1647 4.4975 4.8457 5.2176 5.6268 6.0868 6.6216 7.3136 8.6734 -32768
-32768 -32768 -32768 18.007 15.877 13.458 3.7533 13.49 14.778 14.244 13.59 14.116 14.558 15.108 16.345 19.374 -32768
-32768 -32768 -32768 26.294 16.302 9.1584 3.3267 9.7824 17.523 25.821 26.098 28.335 28.111 26.803 26.135 -32768 -32768
-32768 -32768 -32768 25.91 15.88 8.7211 2.9046 8.7421 16.107 26.891 -32768 -32768 -32768 -32768 -32768 -32768 -32768
-32768 -32768 -32768 28.927 18.172 8.9411 2.4855 9.6011 19.625 -32768 -32768 -32768 -32768 -32768 -32768 -32768 -32768
-32768 -32768 -32768 -32768 19.199 9.1805 2.0681 9.1813 19.192 -32768 -32768 -32768 -32768 -32768 -32768 -32768 -32768
-32768 -32768 -32768 -32768 18.748 8.7586 1.6523 8.7585 18.742 -32768 -32768 -32768 -32768 -32768 -32768 -32768 -32768
-32768 -32768 -32768 -32768 18.307 8.3506 1.2383 8.3506 18.304 -32768 -32768 -32768 -32768 -32768 -32768 -32768 -32768
-32768 -32768 -32768 -32768 -32768 10.796 0.82635 10.796 -32768 -32768 -32768 -32768 -32768 -32768 -32768 -32768 -32768
-32768 -32768 -32768 -32768 -32768 9.867 0.41349 9.8674 -32768 -32768 -32768 -32768 -32768 -32768 -32768 -32768 -32768
-32768 -32768 -32768 -32768 -32768 0.00033823 1.1037e-05 0.00076753 -32768 -32768 -32768 -32768 -32768 -32768 -32768 -32768 -32768
