outputs_txt/Phd_CSDMS_300k_ky_05_03_2024/Basin_14_RLF_2500.txt
ncols         22
nrows         48
xllcorner     13400.000000
yllcorner     0.000000
cellsize      200
NODATA_value  -9999
-9999 9.3712 9.5523 9.5523 9.7297 9.7297 9.9047 9.9047 10.528 10.528 10.528 10.528 10.528 10.528 10.528 10.353 10.353 10.176 10.176 9.9949 9.8075 -9999
-9999 9.5523 9.7297 9.7297 9.9047 9.9047 10.046 10.046 10.669 10.669 10.669 10.669 10.669 10.669 10.669 10.528 10.528 10.353 10.353 10.176 9.9949 -9999
-9999 9.7297 9.9047 9.9047 10.046 10.046 10.186 10.186 10.809 10.809 10.809 10.809 10.809 10.809 10.809 10.669 10.669 10.528 10.528 10.353 -9999 -9999
9.7297 9.9047 10.046 10.046 10.186 10.186 10.324 10.324 10.947 10.947 10.947 10.947 10.947 10.947 10.947 10.809 10.809 10.669 10.669 10.528 -9999 -9999
9.9047 10.046 10.186 10.186 10.324 10.324 10.46 10.46 11.084 11.084 11.084 11.084 11.084 11.084 11.084 10.947 10.947 10.809 10.809 10.669 -9999 -9999
-9999 10.186 10.324 10.324 10.46 10.46 10.596 10.596 10.596 11.22 11.22 11.22 11.22 11.22 11.22 11.084 11.084 10.947 10.947 10.809 10.669 -9999
-9999 10.324 10.46 10.46 10.596 10.596 10.722 10.722 10.722 11.345 11.345 11.345 11.345 11.345 11.345 11.22 11.22 11.084 11.084 10.947 10.809 -9999
-9999 10.46 10.596 10.596 10.722 10.722 10.821 10.821 10.821 10.821 11.445 11.445 11.445 11.445 11.445 11.345 11.345 11.22 11.22 11.084 10.947 -9999
-9999 10.596 10.722 10.722 10.821 10.821 10.921 10.921 10.921 10.921 11.544 11.544 11.544 11.544 11.544 11.445 11.445 11.345 11.345 11.22 11.084 -9999
-9999 10.722 10.821 10.821 10.921 10.921 11.019 11.019 11.019 11.019 11.019 11.643 11.643 11.643 11.643 11.544 11.544 11.445 11.445 11.345 11.22 -9999
-9999 10.821 10.921 10.921 11.019 11.019 11.118 11.118 11.118 11.118 11.118 10.947 11.741 11.741 11.741 11.643 11.643 11.544 11.544 11.445 -9999 -9999
10.821 10.921 11.019 11.019 11.118 11.118 11.215 11.215 11.215 11.215 11.044 10.987 10.987 10.93 11.839 11.741 11.741 11.643 11.643 11.544 -9999 -9999
10.921 11.019 11.118 11.118 11.215 11.215 11.308 11.308 11.137 11.137 11.08 11.08 11.08 10.446 10.514 10.93 11.839 11.741 11.741 11.643 -9999 -9999
-9999 11.118 11.215 11.215 11.308 11.308 11.23 11.23 11.172 11.172 11.172 11.172 10.539 10.539 10.539 10.446 10.514 10.421 10.421 10.324 10.225 -9999
-9999 11.044 11.137 11.137 11.23 11.23 11.265 11.265 11.265 11.265 11.265 11.265 10.631 10.631 10.631 10.539 10.539 10.446 10.446 10.353 10.256 10.059
-9999 11.08 11.172 11.172 11.265 11.265 11.357 11.357 11.357 11.357 11.357 10.621 10.723 10.723 10.723 10.631 10.631 10.539 10.539 10.446 10.353 10.157
-9999 11.172 11.265 11.265 11.357 11.357 11.44 11.44 11.44 11.44 10.704 10.704 10.466 10.466 10.806 10.723 10.723 10.631 10.631 10.539 10.446 -9999
-9999 11.265 11.357 11.357 11.44 11.44 11.524 11.524 10.788 10.788 10.788 10.788 10.234 10.234 10.549 10.466 10.806 10.723 10.723 10.631 -9999 -9999
-9999 11.357 11.44 11.44 11.524 11.524 10.87 10.87 10.87 10.87 10.87 10.128 10.128 10.128 10.317 10.234 10.549 10.466 10.466 10.382 -9999 -9999
-9999 10.704 10.788 10.788 10.87 10.87 10.953 10.953 10.953 10.953 10.211 10.211 10.211 10.211 10.211 10.027 10.317 10.234 10.234 10.151 -9999 -9999
-9999 -9999 10.87 10.87 10.953 10.953 11.032 11.032 10.29 10.29 10.29 10.29 10.29 10.29 10.29 9.8398 10.109 10.027 10.027 -9999 -9999 -9999
-9999 -9999 10.953 10.953 11.032 11.032 10.37 10.37 10.37 10.37 10.37 10.37 10.37 10.37 10.37 9.6065 9.9192 9.8398 9.8398 9.7573 -9999 -9999
-9999 -9999 10.29 10.29 10.37 10.37 10.447 10.447 10.447 10.447 10.447 10.447 10.447 10.447 10.447 9.6862 9.6862 9.6065 9.6065 9.5271 9.4447 -9999
-9999 -9999 10.37 10.37 10.447 10.447 10.524 10.524 10.524 10.524 10.524 10.524 10.524 10.524 10.524 9.7635 9.7635 9.6862 9.6862 9.6065 9.5271 -9999
-9999 -9999 -9999 10.447 10.524 10.524 10.601 10.601 10.601 10.601 10.601 10.601 10.601 10.601 10.601 9.8406 9.8406 9.7635 9.7635 9.6862 9.6065 -9999
-9999 -9999 10.524 10.524 10.601 10.601 10.677 10.677 10.677 10.677 10.677 10.677 10.677 10.677 10.677 9.917 9.917 9.8406 9.8406 9.7635 -9999 -9999
-9999 -9999 13.002 13.002 13.079 13.079 13.151 13.151 11.657 11.468 11.468 11.468 11.435 12.625 14.114 14.041 14.041 13.965 13.965 13.888 -9999 -9999
-9999 -9999 24.376 24.376 24.449 24.449 24.819 24.819 24.819 24.819 23.616 22.696 24.362 24.937 24.937 24.567 24.567 24.494 24.494 24.418 24.341 -9999
-9999 -9999 24.449 24.449 24.819 24.819 25.186 25.186 25.186 25.186 25.186 25.304 25.304 25.304 25.304 24.937 24.937 24.567 24.567 24.494 24.418 -9999
-9999 -9999 24.819 24.819 25.186 25.186 25.551 25.551 25.551 25.669 25.669 25.669 25.669 25.669 25.669 25.304 25.304 24.937 24.937 24.567 24.494 -9999
-9999 -9999 -9999 25.186 25.551 25.551 25.915 25.915 26.032 26.032 26.032 26.032 26.032 26.032 26.032 25.669 25.669 25.304 25.304 24.937 24.567 -9999
-9999 -9999 25.551 25.551 25.915 25.915 26.277 26.395 26.395 26.395 26.395 26.395 26.395 26.395 26.395 26.032 26.032 25.669 25.669 25.304 24.937 -9999
-9999 -9999 25.915 25.915 26.277 26.277 26.639 26.757 26.757 26.757 26.757 26.757 26.757 26.757 26.757 26.395 26.395 26.032 26.032 25.669 25.304 -9999
-9999 -9999 26.277 26.277 26.639 26.639 27.117 27.117 27.117 27.117 27.117 27.117 27.117 27.117 27.117 26.757 26.757 26.395 26.395 26.032 25.669 -9999
-9999 -9999 26.639 26.639 26.999 26.999 27.478 27.478 27.478 27.478 27.478 27.478 27.478 27.478 27.478 27.117 27.117 26.757 26.757 -9999 -9999 -9999
-9999 -9999 26.999 26.999 27.36 27.478 27.84 27.84 27.84 27.84 27.84 27.84 27.84 27.84 27.84 27.84 27.478 27.117 27.117 -9999 -9999 -9999
-9999 -9999 -9999 27.36 27.722 27.84 27.84 27.84 27.84 27.84 27.84 27.84 27.84 27.84 27.84 27.84 27.84 27.84 27.478 -9999 -9999 -9999
-9999 -9999 -9999 27.722 27.722 27.84 27.84 27.84 27.84 27.84 27.84 27.84 27.84 27.84 27.84 27.84 27.84 27.84 27.84 -9999 -9999 -9999
-9999 -9999 -9999 27.722 27.722 27.84 27.84 27.84 27.84 27.84 27.84 27.84 27.84 27.84 27.84 27.84 27.84 27.84 27.84 -9999 -9999 -9999
-9999 -9999 -9999 27.722 27.722 27.84 27.84 27.84 27.84 27.84 27.84 27.84 27.84 27.84 27.84 27.84 27.84 27.84 27.84 -9999 -9999 -9999
-9999 -9999 -9999 -9999 -9999 -9999 -9999 27.84 27.84 27.84 27.84 27.84 27.84 27.84 -9999 -9999 -9999 -9999 -9999 -9999 -9999 -9999
-9999 -9999 -9999 -9999 -9999 -9999 -9999 27.84 27.84 27.84 27.84 27.84 27.84 27.84 -9999 -9999 -9999 -9999 -9999 -9999 -9999 -9999
-9999 -9999 -9999 -9999 -9999 -9999 -9999 -9999 27.84 27.84 27.84 27.84 27.84 -9999 -9999 -9999 -9999 -9999 -9999 -9999 -9999 -9999
-9999 -9999 -9999 -9999 -9999 -9999 -9999 -9999 27.84 27.84 27.84 27.84 27.84 -9999 -9999 -9999 -9999 -9999 -9999 -9999 -9999 -9999
-9999 -9999 -9999 -9999 -9999 -9999 -9999 -9999 27.84 27.84 27.84 27.84 27.84 -9999 -9999 -9999 -9999 -9999 -9999 -9999 -9999 -9999
-9999 -9999 -9999 -9999 -9999 -9999 -9999 -9999 -9999 27.84 27.84 27.84 -9999 -9999 -9999 -9999 -9999 -9999 -9999 -9999 -9999 -9999
-9999 -9999 -9999 -9999 -9999 -9999 -9999 -9999 -9999 -9999 27.84 27.84 -9999 -9999 -9999 -9999 -9999 -9999 -9999 -9999 -9999 -9999
-9999 -9999 -9999 -9999 -9999 -9999 -9999 -9999 -9999 -9999 27.84 27.84 -9999 -9999 -9999 -9999 -9999 -9999 -9999 -9999 -9999 -9999
