outputs_txt/Phd_CSDMS_300k_ky_05_03_2024/Basin_11_DEM.txt
ncols         11
nrows         48
xllcorner     11800.000000
yllcorner     0.000000
cellsize      200
NODATA_value  -9999
-32768 -32768 15.471 14.063 13.067 12.253 13.067 14.063 15.469 -32768 -32768
-32768 -32768 16.263 14.277 12.87 11.72 12.869 14.276 16.261 -32768 -32768
-32768 -32768 15.738 14.586 13.272 11.284 12.434 13.842 15.829 -32768 -32768
-32768 15.74 13.752 12.6 11.707 10.892 12.044 13.453 -32768 -32768 -32768
-32768 16.744 15.27 13.953 11.968 10.559 12.549 14.375 -32768 -32768 -32768
-32768 15.274 13.285 12.133 11.135 10.242 11.241 12.393 14.378 -32768 -32768
-32768 15.503 13.516 12.108 10.957 9.9595 10.958 12.109 13.518 -32768 -32768
-32768 15.246 13.258 11.85 10.698 9.699 10.852 12.261 14.248 -32768 -32768
-32768 15.188 13.202 12.855 10.867 9.4546 10.607 12.017 14.004 -32768 -32768
-32768 13.783 11.794 12.119 11.212 9.2203 10.219 11.372 12.783 -32768 -32768
14.196 12.208 10.795 10.129 9.5503 8.9949 10.148 11.558 13.54 -32768 -32768
-32768 14.19 12.205 12.116 10.783 8.7907 9.9443 11.356 -32768 -32768 -32768
-32768 14.143 12.155 10.745 9.5911 8.5914 9.9968 11.902 -32768 -32768 -32768
-32768 13.95 11.961 10.551 9.3979 8.3987 9.5525 10.964 12.952 -32768 -32768
-32768 13.766 11.776 10.365 9.2121 8.2128 9.2122 10.366 11.777 -32768 -32768
-32768 13.588 11.598 10.186 9.0331 8.0338 9.0332 10.187 11.599 -32768 -32768
-32768 13.416 11.427 10.014 8.8603 7.8609 9.0147 10.427 12.416 -32768 -32768
-32768 12.82 12.251 10.261 8.8474 7.6929 8.8469 10.26 12.25 -32768 -32768
12.817 10.827 11.515 10.96 9.5244 7.5289 8.6828 10.095 12.086 -32768 -32768
11.666 9.6718 9.5222 8.9677 9.0467 7.3675 8.3669 9.5209 10.934 -32768 -32768
10.776 8.7771 8.1093 7.5536 7.0529 7.2086 8.1032 9.1034 10.258 11.672 -32768
12.18 10.19 10.101 8.8988 6.9049 7.7983 8.7971 9.9498 11.36 13.347 -32768
12.319 10.327 8.9146 7.7597 6.7595 7.576 8.4711 9.4706 10.625 12.038 -32768
12.177 10.185 8.7721 7.6179 6.6184 8.0322 10.024 9.5226 10.934 12.922 -32768
12.039 10.046 8.6333 7.4791 6.4796 8.4762 9.9274 8.3684 9.5228 10.937 12.927
11.9 9.9085 8.4959 7.342 6.3426 8.0685 7.936 7.6113 8.7658 10.18 -32768
11.013 9.0165 7.8598 6.9641 6.2073 6.0743 6.5223 7.008 8.4232 10.419 -32768
-32768 11.011 9.8547 8.9584 7.9412 5.9475 7.9406 8.1618 9.5742 11.565 -32768
-32768 11.384 9.3904 7.9765 6.8215 5.8211 6.8215 7.9758 9.3895 11.383 -32768
-32768 11.26 9.265 7.8513 6.6969 5.6971 6.6968 7.851 9.2641 11.253 -32768
-32768 11.138 9.1433 7.7295 6.575 5.5752 6.4695 7.4694 8.6241 10.039 12.031
-32768 11.019 9.0237 7.6099 6.4554 5.4555 6.3499 7.3498 8.5045 9.9188 -32768
-32768 10.902 8.9063 7.4923 6.3378 5.3379 6.3377 7.492 8.9051 10.89 -32768
-32768 10.787 8.7906 7.3766 6.222 5.222 6.222 7.3766 8.7905 10.783 -32768
-32768 10.673 8.6766 7.2625 6.1079 5.1078 6.1079 7.2625 8.6759 10.661 -32768
-32768 10.561 8.5642 7.1501 5.9954 4.9953 5.9961 7.1513 8.5653 10.56 -32768
-32768 10.445 8.4516 7.0385 5.8843 4.8844 6.8793 7.7956 8.3806 9.0982 9.5196
-32768 8.5708 7.1474 6.2476 5.4862 4.7742 5.2784 5.7991 6.3801 7.092 8.0987
-32768 18.965 15.214 16.598 14.392 4.6693 14.367 16.272 14.695 15.516 17.486
-32768 26.286 27.065 21.201 11.23 4.1352 11.23 21.195 26.513 24.388 -32768
-32768 -32768 -32768 20.68 10.692 3.6066 10.314 19.917 28.577 -32768 -32768
-32768 -32768 -32768 20.136 10.167 3.0824 10.167 20.151 -32768 -32768 -32768
-32768 -32768 -32768 19.6 9.6464 2.5616 9.6465 19.622 -32768 -32768 -32768
-32768 -32768 -32768 19.068 9.129 2.0444 9.1291 19.096 -32768 -32768 -32768
-32768 -32768 -32768 18.547 8.6275 1.5306 8.6276 18.58 -32768 -32768 -32768
-32768 -32768 -32768 -32768 10.975 1.0206 10.975 -32768 -32768 -32768 -32768
-32768 -32768 -32768 -32768 9.8691 0.51037 -32768 -32768 -32768 -32768 -32768
-32768 -32768 -32768 -32768 0.00095111 0.00013694 -32768 -32768 -32768 -32768 -32768
