outputs_txt/Phd_CSDMS_300k_ky_05_03_2024/Basin_9_RLF_1000.txt
ncols         6
nrows         44
xllcorner     9200.000000
yllcorner     0.000000
cellsize      200
NODATA_value  -9999
-9999 -9999 -9999 3.2931 -9999 -9999
-9999 -9999 3.7031 3.7031 3.7031 -9999
-9999 -9999 4.0743 4.0743 4.0743 -9999
-9999 -9999 4.4151 4.4151 4.4151 -9999
-9999 -9999 4.7376 4.7376 4.7376 -9999
-9999 4.9308 4.9308 4.9308 4.9308 -9999
-9999 5.1012 5.1012 5.1012 5.1012 -9999
-9999 -9999 4.8302 4.8302 4.8302 -9999
-9999 5.0047 5.0047 5.0047 5.0047 -9999
-9999 5.2571 5.2571 5.2571 5.2571 -9999
-9999 5.472 5.472 5.472 5.472 -9999
-9999 4.9394 4.9394 4.9394 4.9394 -9999
-9999 5.1647 5.1647 5.1647 5.1647 -9999
-9999 5.3834 5.3834 5.3834 5.3834 -9999
-9999 4.5844 4.5844 4.5844 4.5844 -9999
-9999 4.7898 4.7898 4.7898 4.7898 -9999
-9999 4.9925 4.9925 4.9925 4.9925 -9999
-9999 5.1871 5.1871 5.1871 5.1871 -9999
-9999 4.3764 4.3764 4.3764 4.3764 -9999
-9999 4.5597 4.5597 4.5597 4.5597 -9999
-9999 4.738 4.738 4.738 4.738 4.738
4.6547 4.9117 4.9117 4.9117 4.9117 4.9117
4.824 5.081 5.081 5.081 5.081 5.081
4.9894 5.2464 5.2464 5.2464 5.2464 5.2464
4.3337 5.4088 5.4088 5.4088 5.4088 5.4088
4.4932 5.5683 5.5683 5.5683 5.5683 5.5683
4.4706 5.5493 5.5493 5.5493 5.5493 -9999
4.45 5.5309 5.5309 5.5309 5.5309 -9999
4.431 5.514 5.514 5.514 5.514 -9999
4.4137 5.4985 5.4985 5.4985 5.4985 -9999
12.187 12.187 12.187 12.187 12.187 -9999
16.576 22.204 22.204 22.204 22.204 -9999
-9999 22.933 22.933 22.933 22.933 -9999
-9999 23.655 23.655 23.655 23.655 -9999
-9999 24.372 24.372 24.372 24.372 -9999
19.458 25.086 25.086 25.086 25.086 25.086
20.169 25.797 25.797 25.797 25.797 25.797
20.882 26.51 26.51 26.51 26.51 26.51
21.598 27.226 27.226 27.226 27.226 -9999
22.321 27.949 27.949 27.949 27.949 -9999
21.653 27.314 27.314 27.314 -9999 -9999
-9999 26.684 26.684 26.684 -9999 -9999
-9999 20.316 20.316 -9999 -9999 -9999
-9999 19.658 19.658 -9999 -9999 -9999
