outputs_txt/Phd_CSDMS_300k_ky_05_03_2024/Basin_14_RLF_1000.txt
ncols         22
nrows         48
xllcorner     13400.000000
yllcorner     0.000000
cellsize      200
NODATA_value  -9999
-9999 6.3423 6.8034 7.2318 7.6336 8.0133 6.5298 6.5298 5.7972 4.8983 6.7143 6.7143 6.7143 6.7143 7.0953 7.0988 7.1707 6.7024 6.7024 6.7024 6.7024 -9999
-9999 6.3423 6.8034 7.2318 7.6336 8.0133 6.7377 6.7377 6.0051 5.1062 6.9221 6.9221 6.9221 6.9221 7.3032 7.0988 7.1707 7.0753 7.0753 7.0753 7.0753 -9999
-9999 6.3423 6.8034 7.2318 7.6336 8.0133 7.3888 6.9428 6.2102 5.4475 7.1273 7.1273 7.1273 7.1273 7.5083 7.7562 7.8449 7.4147 7.4147 7.4147 -9999 -9999
5.8398 6.3423 6.8034 7.2318 7.6336 8.0133 7.5837 7.1378 6.4051 5.6424 7.3222 7.3222 7.3222 7.3222 7.7032 7.7562 7.8449 7.7282 7.7282 7.7282 -9999 -9999
6.2397 6.7768 7.2505 7.6885 7.6885 8.0133 7.7733 7.3274 6.5947 5.832 7.5118 7.5118 7.5118 7.5118 7.8928 7.7562 8.0179 8.0179 8.0179 8.0179 -9999 -9999
-9999 6.7768 7.2505 8.0902 8.0902 8.0902 7.9607 7.5148 6.7822 6.0195 7.2522 7.2522 7.2522 7.2522 7.2522 7.5992 6.8707 6.8707 6.8707 6.8707 6.8707 -9999
-9999 6.606 7.1403 8.299 8.299 8.299 8.1417 7.6958 6.9632 6.2005 7.4333 7.4333 7.4333 7.4333 7.4333 7.5992 7.0599 7.0599 7.0599 7.0599 7.0599 -9999
-9999 6.5484 7.0827 8.5911 8.5911 8.5911 8.3192 7.1572 6.378 6.378 6.935 6.935 6.935 6.935 7.4834 7.5992 7.3051 7.3051 7.3051 7.3051 7.3051 -9999
-9999 8.1179 8.5367 8.9306 9.1834 9.4308 8.4941 7.3321 6.5529 6.5529 7.1099 7.1099 7.1099 7.1099 7.1099 7.0584 7.5417 7.5417 7.5417 7.5417 7.5417 -9999
-9999 8.1179 8.5367 8.9306 9.1834 9.4308 8.6352 7.4732 6.6939 6.6939 7.251 7.251 7.251 7.251 7.251 5.8378 7.7706 7.7706 7.7706 7.7706 7.7706 -9999
-9999 8.1179 8.5367 8.9306 9.1834 9.4308 8.7751 7.6131 6.8339 6.8339 6.5019 6.5019 6.5019 6.5019 6.5019 6.2525 8.2604 8.2604 8.0626 7.8606 -9999 -9999
6.9212 7.382 7.8008 8.1947 8.4475 8.6949 8.1537 6.991 6.4365 6.0887 6.6401 6.6401 6.6401 6.6401 6.6401 6.3154 8.1389 8.1389 7.7479 7.5459 -9999 -9999
6.9212 7.382 7.8008 8.1947 8.4475 8.6949 8.2903 7.1275 6.5731 6.2253 6.4882 6.4882 6.4882 6.4882 6.4882 6.5061 8.039 8.039 7.4573 7.2553 -9999 -9999
-9999 7.7977 8.2075 8.587 8.9479 9.2925 8.4261 7.2634 6.7089 5.8224 6.3656 6.3656 6.3656 6.3656 6.3656 6.6925 7.9561 7.9561 7.188 6.986 6.7812 -9999
-9999 6.7946 7.2044 7.584 7.9448 8.2894 7.185 6.8343 6.8343 5.8369 6.2214 6.2214 6.2214 6.2214 6.381 7.2138 7.9973 7.8284 7.3902 6.9168 6.4685 5.95
-9999 6.7946 7.2044 7.584 7.9448 8.2894 7.2849 6.8952 6.369 5.9367 6.1333 6.1333 6.1333 6.1333 6.4808 6.9684 7.9973 7.8284 7.3902 6.9168 6.4685 5.95
-9999 6.7946 7.2044 7.584 7.9448 8.2894 8.849 7.7365 6.6322 6.0021 5.6782 5.312 5.6493 6.2072 7.0289 6.9283 7.9973 7.8284 7.3902 6.9168 6.4685 -9999
-9999 6.7946 7.2044 7.584 7.9448 8.2894 8.9475 7.8351 6.7307 6.1007 6.0525 6.0525 6.0525 6.3058 7.1354 7.8295 7.9973 7.8284 7.3902 6.9168 -9999 -9999
-9999 7.0555 7.4653 7.8448 8.3316 8.5502 9.4111 7.9335 6.8291 6.1991 6.1509 6.1509 6.1509 6.4042 7.2338 7.8295 7.9973 7.8284 7.3902 6.9168 -9999 -9999
-9999 7.0555 7.4653 7.9857 8.8045 9.1589 9.5084 8.0308 6.9264 5.9724 6.2481 6.2481 6.2481 6.5014 7.3311 7.8295 7.9973 7.8284 7.3902 6.9168 -9999 -9999
-9999 -9999 7.4653 7.9857 8.8045 9.1589 9.6015 8.1238 7.0195 6.0655 6.3412 6.3412 6.3412 6.5945 7.4242 7.8295 7.9973 7.8284 7.3902 -9999 -9999 -9999
-9999 -9999 7.4653 7.9857 8.8045 9.1589 9.6942 8.2166 7.1122 6.1583 6.434 6.434 6.434 6.6873 7.5169 7.8295 7.7581 7.5892 7.151 6.9939 -9999 -9999
-9999 -9999 7.1855 7.9857 8.8045 9.1589 9.7864 8.3088 7.2044 6.2504 6.5261 6.5261 6.5261 6.7794 7.6091 7.8295 7.7581 7.5892 7.3489 7.3489 6.347 -9999
-9999 -9999 8.3819 8.7835 9.163 9.5237 9.8786 8.401 7.2966 6.3426 6.6183 6.6183 6.6183 6.8716 7.7013 8.6145 8.4634 8.2105 7.9491 7.6788 6.7822 -9999
-9999 -9999 -9999 8.7835 9.163 9.5237 9.9619 8.4842 7.3799 6.3756 6.7016 6.7016 6.7016 6.9549 7.7845 8.6145 8.4634 8.2105 7.9491 7.6788 6.7822 -9999
-9999 -9999 8.3819 8.7835 9.163 9.5237 10.045 8.3951 6.3935 5.5731 6.7851 6.7851 6.7851 6.9695 7.8681 8.6145 8.4634 8.2105 7.9491 7.6788 -9999 -9999
-9999 -9999 8.3819 8.7835 9.163 9.5237 10.128 8.4779 6.4763 6.4741 5.7157 5.7157 5.7157 5.7157 6.2696 6.9383 8.4634 8.2105 7.9491 7.6788 -9999 -9999
-9999 -9999 6.8854 7.2869 7.6665 8.0272 8.7141 8.5603 6.5588 6.5566 5.7383 5.2753 5.2753 5.5332 6.352 7.1857 8.6233 8.2739 7.9491 7.6788 7.0615 -9999
-9999 -9999 6.7316 7.1332 7.5128 7.8735 8.6397 8.6397 6.6382 6.636 5.8177 5.2643 5.2643 5.6126 6.4314 7.1857 8.5092 8.1598 7.835 7.5647 6.9474 -9999
-9999 -9999 6.9354 7.3634 7.765 8.1444 8.517 7.8308 6.7156 6.7156 5.8974 5.3667 5.3667 5.6922 6.5111 7.1857 8.1154 7.766 7.4413 7.171 6.5536 -9999
-9999 -9999 -9999 7.097 7.4986 7.878 8.3279 7.9081 6.7929 6.7929 5.9747 6.4732 6.4732 7.0511 8.4747 7.9083 8.1154 7.766 7.4413 7.171 6.5536 -9999
-9999 -9999 6.669 7.097 7.4986 7.878 8.405 7.9852 6.87 6.87 6.0518 6.5503 6.5503 7.1282 8.5518 7.9083 8.1154 7.766 7.4413 7.171 6.5536 -9999
-9999 -9999 6.669 7.097 7.4986 7.878 8.4815 8.0617 6.9465 6.9465 6.1282 6.6267 6.6267 7.2046 8.6282 7.9083 8.1154 7.766 7.3932 6.9916 6.5536 -9999
-9999 -9999 6.7553 7.2664 7.7226 8.1456 8.5581 8.1383 7.0231 7.0231 6.2049 6.7034 6.7034 7.2813 8.7049 8.3534 8.5383 8.1629 7.7579 7.3024 6.7723 -9999
-9999 -9999 11.276 11.787 12.243 12.666 13.151 13.151 11.657 11.468 11.468 11.468 11.435 12.625 14.114 13.69 13.333 12.958 12.553 -9999 -9999 -9999
-9999 -9999 22.574 23.085 23.541 23.964 24.819 24.819 24.819 24.819 23.616 22.696 24.362 24.937 24.937 24.143 23.786 23.411 23.006 -9999 -9999 -9999
-9999 -9999 -9999 23.085 23.541 23.964 25.186 25.186 25.186 25.186 23.983 23.063 24.729 25.304 25.304 24.143 23.786 23.411 23.006 -9999 -9999 -9999
-9999 -9999 -9999 23.085 23.541 23.964 25.551 25.551 25.551 25.551 24.769 24.769 25.094 25.669 25.669 24.143 23.786 23.411 23.006 -9999 -9999 -9999
-9999 -9999 -9999 23.085 23.541 23.964 25.915 25.915 25.915 25.915 25.132 25.132 25.457 26.032 26.032 24.143 23.786 23.411 23.006 -9999 -9999 -9999
-9999 -9999 -9999 23.085 23.541 23.964 26.277 26.277 26.277 26.277 25.495 25.495 25.82 26.395 26.395 24.143 23.786 23.411 23.006 -9999 -9999 -9999
-9999 -9999 -9999 -9999 -9999 -9999 -9999 26.639 26.639 26.639 25.857 25.857 26.182 26.757 -9999 -9999 -9999 -9999 -9999 -9999 -9999 -9999
-9999 -9999 -9999 -9999 -9999 -9999 -9999 26.999 26.999 26.999 26.217 26.217 26.542 27.117 -9999 -9999 -9999 -9999 -9999 -9999 -9999 -9999
-9999 -9999 -9999 -9999 -9999 -9999 -9999 -9999 27.36 27.36 26.578 26.578 26.903 -9999 -9999 -9999 -9999 -9999 -9999 -9999 -9999 -9999
-9999 -9999 -9999 -9999 -9999 -9999 -9999 -9999 27.722 27.722 26.94 26.94 27.265 -9999 -9999 -9999 -9999 -9999 -9999 -9999 -9999 -9999
-9999 -9999 -9999 -9999 -9999 -9999 -9999 -9999 25.432 26.94 26.94 26.94 26.94 -9999 -9999 -9999 -9999 -9999 -9999 -9999 -9999 -9999
-9999 -9999 -9999 -9999 -9999 -9999 -9999 -9999 -9999 26.94 26.94 26.94 -9999 -9999 -9999 -9999 -9999 -9999 -9999 -9999 -9999 -9999
-9999 -9999 -9999 -9999 -9999 -9999 -9999 -9999 -9999 -9999 18.899 18.899 -9999 -9999 -9999 -9999 -9999 -9999 -9999 -9999 -9999 -9999
-9999 -9999 -9999 -9999 -9999 -9999 -9999 -9999 -9999 -9999 18.532 18.532 -9999 -9999 -9999 -9999 -9999 -9999 -9999 -9999 -9999 -9999
