outputs_txt/Phd_CSDMS_300k_ky_05_03_2024/Basin_14_RLF_5000.txt
ncols         22
nrows         48
xllcorner     13400.000000
yllcorner     0.000000
cellsize      200
NODATA_value  -9999
-9999 11.741 11.839 11.839 11.932 11.932 11.932 11.932 11.932 11.932 11.932 11.932 11.932 11.932 11.932 11.932 11.932 11.839 11.839 11.741 11.741 -9999
-9999 11.839 11.932 11.932 12.024 12.024 12.024 12.024 12.024 12.024 12.024 12.024 12.024 12.024 12.024 12.024 12.024 11.932 11.932 11.839 11.839 -9999
-9999 11.932 12.024 12.024 12.117 12.117 12.117 12.117 12.117 12.117 12.117 12.117 12.117 12.117 12.117 12.117 12.117 12.024 12.024 11.932 -9999 -9999
12.024 12.024 12.117 12.117 12.209 12.209 12.209 12.209 12.209 12.209 12.209 12.209 12.209 12.209 12.209 12.209 12.209 12.117 12.117 12.024 -9999 -9999
12.117 12.117 12.209 12.209 12.292 12.292 12.292 12.292 12.292 12.292 12.292 12.292 12.292 12.292 12.292 12.292 12.292 12.209 12.209 12.117 -9999 -9999
-9999 12.209 12.292 12.292 12.376 12.376 12.376 12.376 12.376 12.376 12.376 12.376 12.376 12.376 12.376 12.376 12.376 12.292 12.292 12.209 12.209 -9999
-9999 12.292 12.376 12.376 12.458 12.458 12.458 12.458 12.458 12.458 12.458 12.458 12.458 12.458 12.458 12.458 12.458 12.376 12.376 12.292 12.292 -9999
-9999 12.376 12.458 12.458 12.541 12.541 12.541 12.541 12.541 12.541 12.541 12.541 12.541 12.541 12.541 12.541 12.541 12.458 12.458 12.376 12.376 -9999
-9999 12.458 12.541 12.541 12.62 12.62 12.62 12.62 12.62 12.62 12.62 12.62 12.62 12.62 12.62 12.62 12.62 12.541 12.541 12.458 12.458 -9999
-9999 12.541 12.62 12.62 12.7 12.7 12.7 12.7 12.7 12.7 12.7 12.7 12.7 12.7 12.7 12.7 12.7 12.62 12.62 12.541 12.541 -9999
-9999 12.62 12.7 12.7 12.777 12.777 12.777 12.777 12.777 12.777 12.777 12.777 12.777 12.777 12.777 12.777 12.777 12.7 12.7 12.62 -9999 -9999
12.7 12.7 12.777 12.777 12.854 12.854 12.854 12.854 12.854 12.854 12.854 12.854 12.854 12.854 12.854 12.854 12.854 12.777 12.777 12.7 -9999 -9999
12.777 12.777 12.854 12.854 12.931 12.931 12.931 12.931 12.931 12.931 12.931 12.931 12.931 12.931 12.931 12.931 12.931 12.854 12.854 12.777 -9999 -9999
-9999 12.854 12.931 12.931 13.007 13.007 13.007 13.007 13.007 13.007 13.007 13.007 13.007 13.007 13.007 13.007 13.007 12.931 12.931 12.854 12.854 -9999
-9999 13.002 13.079 13.079 13.151 13.151 13.151 13.151 13.151 13.151 13.08 13.08 14.114 14.114 14.114 14.114 14.114 14.041 14.041 13.965 13.965 13.888
-9999 24.376 24.449 24.449 24.819 24.819 24.819 24.819 24.819 24.819 24.819 24.937 24.937 24.937 24.937 24.937 24.937 24.567 24.567 24.494 24.494 24.418
-9999 24.449 24.819 24.819 25.186 25.186 25.186 25.186 25.186 25.304 25.304 25.304 25.304 25.304 25.304 25.304 25.304 24.937 24.937 24.567 24.567 -9999
-9999 24.819 25.186 25.186 25.551 25.551 25.551 25.669 25.669 25.669 25.669 25.669 25.669 25.669 25.669 25.669 25.669 25.304 25.304 24.937 -9999 -9999
-9999 25.186 25.551 25.551 25.915 26.032 26.032 26.032 26.032 26.032 26.032 26.032 26.032 26.032 26.032 26.032 26.032 25.669 25.669 25.304 -9999 -9999
-9999 25.551 25.915 26.032 26.395 26.395 26.395 26.395 26.395 26.395 26.395 26.395 26.395 26.395 26.395 26.395 26.395 26.032 26.032 25.669 -9999 -9999
-9999 -9999 26.395 26.395 26.757 26.757 26.757 26.757 26.757 26.757 26.757 26.757 26.757 26.757 26.757 26.757 26.757 26.395 26.395 -9999 -9999 -9999
-9999 -9999 26.757 26.757 27.117 27.117 27.117 27.117 27.117 27.117 27.117 27.117 27.117 27.117 27.117 27.117 27.117 26.757 26.757 26.395 -9999 -9999
-9999 -9999 27.117 27.117 27.478 27.478 27.478 27.478 27.478 27.478 27.478 27.478 27.478 27.478 27.478 27.478 27.478 27.117 27.117 26.757 26.757 -9999
-9999 -9999 27.478 27.478 27.84 27.84 27.84 27.84 27.84 27.84 27.84 27.84 27.84 27.84 27.84 27.84 27.84 27.84 27.478 27.117 27.117 -9999
-9999 -9999 -9999 27.84 27.84 27.84 27.84 27.84 27.84 27.84 27.84 27.84 27.84 27.84 27.84 27.84 27.84 27.84 27.84 27.84 27.478 -9999
-9999 -9999 27.84 27.84 27.84 27.84 27.84 27.84 27.84 27.84 27.84 27.84 27.84 27.84 27.84 27.84 27.84 27.84 27.84 27.84 -9999 -9999
-9999 -9999 27.84 27.84 27.84 27.84 27.84 27.84 27.84 27.84 27.84 27.84 27.84 27.84 27.84 27.84 27.84 27.84 27.84 27.84 -9999 -9999
-9999 -9999 27.84 27.84 27.84 27.84 27.84 27.84 27.84 27.84 27.84 27.84 27.84 27.84 27.84 27.84 27.84 27.84 27.84 27.84 27.84 -9999
-9999 -9999 27.84 27.84 27.84 27.84 27.84 27.84 27.84 27.84 27.84 27.84 27.84 27.84 27.84 27.84 27.84 27.84 27.84 27.84 27.84 -9999
-9999 -9999 27.84 27.84 27.84 27.84 27.84 27.84 27.84 27.84 27.84 27.84 27.84 27.84 27.84 27.84 27.84 27.84 27.84 27.84 27.84 -9999
-9999 -9999 -9999 27.84 27.84 27.84 27.84 27.84 27.84 27.84 27.84 27.84 27.84 27.84 27.84 27.84 27.84 27.84 27.84 27.84 27.84 -9999
-9999 -9999 27.84 27.84 27.84 27.84 27.84 27.84 27.84 27.84 27.84 27.84 27.84 27.84 27.84 27.84 27.84 27.84 27.84 27.84 27.84 -9999
-9999 -9999 27.84 27.84 27.84 27.84 27.84 27.84 27.84 27.84 27.84 27.84 27.84 27.84 27.84 27.84 27.84 27.84 27.84 27.84 27.84 -9999
-9999 -9999 27.84 27.84 27.84 27.84 27.84 27.84 27.84 27.84 27.84 27.84 27.84 27.84 27.84 27.84 27.84 27.84 27.84 27.84 27.84 -9999
-9999 -9999 27.84 27.84 27.84 27.84 27.84 27.84 27.84 27.84 27.84 27.84 27.84 27.84 27.84 27.84 27.84 27.84 27.84 -9999 -9999 -9999
-9999 -9999 27.84 27.84 27.84 27.84 27.84 27.84 27.84 27.84 27.84 27.84 27.84 27.84 27.84 27.84 27.84 27.84 27.84 -9999 -9999 -9999
-9999 -9999 -9999 27.84 27.84 27.84 27.84 27.84 27.84 27.84 27.84 27.84 27.84 27.84 27.84 27.84 27.84 27.84 27.84 -9999 -9999 -9999
-9999 -9999 -9999 27.84 27.84 27.84 27.84 27.84 27.84 27.84 27.84 27.84 27.84 27.84 27.84 27.84 27.84 27.84 27.84 -9999 -9999 -9999
-9999 -9999 -9999 27.84 27.84 27.84 27.84 27.84 27.84 27.84 27.84 27.84 27.84 27.84 27.84 27.84 27.84 27.84 27.84 -9999 -9999 -9999
-9999 -9999 -9999 27.84 27.84 27.84 27.84 27.84 27.84 27.84 27.84 27.84 27.84 27.84 27.84 27.84 27.84 27.84 27.84 -9999 -9999 -9999
-9999 -9999 -9999 -9999 -9999 -9999 -9999 27.84 27.84 27.84 27.84 27.84 27.84 27.84 -9999 -9999 -9999 -9999 -9999 -9999 -9999 -9999
-9999 -9999 -9999 -9999 -9999 -9999 -9999 27.84 27.84 27.84 27.84 27.84 27.84 27.84 -9999 -9999 -9999 -9999 -9999 -9999 -9999 -9999
-9999 -9999 -9999 -9999 -9999 -9999 -9999 -9999 27.84 27.84 27.84 27.84 27.84 -9999 -9999 -9999 -9999 -9999 -9999 -9999 -9999 -9999
-9999 -9999 -9999 -9999 -9999 -9999 -9999 -9999 27.84 27.84 27.84 27.84 27.84 -9999 -9999 -9999 -9999 -9999 -9999 -9999 -9999 -9999
-9999 -9999 -9999 -9999 -9999 -9999 -9999 -9999 27.84 27.84 27.84 27.84 27.84 -9999 -9999 -9999 -9999 -9999 -9999 -9999 -9999 -9999
-9999 -9999 -9999 -9999 -9999 -9999 -9999 -9999 -9999 27.84 27.84 27.84 -9999 -9999 -9999 -9999 -9999 -9999 -9999 -9999 -9999 -9999
-9999 -9999 -9999 -9999 -9999 -9999 -9999 -9999 -9999 -9999 27.84 27.84 -9999 -9999 -9999 -9999 -9999 -9999 -9999 -9999 -9999 -9999
-9999 -9999 -9999 -9999 -9999 -9999 -9999 -9999 -9999 -9999 27.84 27.84 -9999 -9999 -9999 -9999 -9999 -9999 -9999 -9999 -9999 -9999
