outputs_txt/Phd_CSDMS_300k_ky_05_03_2024/Basin_4_RLF_2500.txt
ncols         14
nrows         48
xllcorner     1600.000000
yllcorner     0.000000
cellsize      200
NODATA_value  -9999
9.2091 9.384 9.384 9.5554 9.5554 9.5554 9.5554 9.5554 9.5554 9.5554 9.5554 9.5554 -9999 -9999
9.384 9.5554 9.5554 9.7184 9.7184 9.7184 9.7184 9.7184 9.7184 9.7184 9.7184 9.7184 -9999 -9999
9.5554 9.7184 9.7184 9.8763 9.8763 9.8763 9.8763 9.8763 9.8763 9.8763 9.8763 9.8763 -9999 -9999
-9999 9.8763 9.8763 10.03 10.03 10.03 10.03 10.03 10.03 10.03 10.03 10.03 -9999 -9999
-9999 10.03 10.03 10.184 10.327 10.327 10.327 10.327 10.327 10.327 10.327 -9999 -9999 -9999
10.03 10.184 10.327 10.327 10.467 10.467 10.467 10.467 10.467 10.467 10.467 -9999 -9999 -9999
10.327 10.327 10.467 10.467 10.605 10.605 10.605 10.605 10.605 10.605 10.605 -9999 -9999 -9999
-9999 10.467 10.605 10.605 10.741 10.741 10.741 10.741 10.741 10.741 10.741 -9999 -9999 -9999
-9999 -9999 10.741 10.741 10.874 10.874 10.874 10.874 10.874 10.874 10.874 10.874 -9999 -9999
-9999 -9999 10.874 10.874 11.005 11.005 11.005 11.005 11.005 11.005 11.005 10.365 -9999 -9999
-9999 -9999 11.005 11.005 11.134 11.261 11.261 11.261 11.261 11.261 11.261 10.621 -9999 -9999
-9999 -9999 11.134 11.261 11.261 11.388 11.388 11.388 11.388 11.388 10.748 10.748 -9999 -9999
-9999 -9999 11.261 11.388 11.388 11.514 11.514 11.514 11.514 10.874 10.874 10.874 -9999 -9999
-9999 -9999 11.388 11.514 11.514 11.639 11.763 10.998 10.998 10.998 10.462 9.7079 -9999 -9999
-9999 11.514 11.514 11.639 11.763 10.998 11.119 11.119 10.583 10.583 9.5169 9.5169 -9999 -9999
10.749 10.874 10.998 10.998 11.119 11.119 10.702 10.702 10.702 9.6364 9.6364 9.6364 -9999 -9999
10.338 10.462 10.583 10.583 10.702 10.702 10.821 9.7547 9.7547 9.7547 9.7547 9.7547 -9999 -9999
10.462 10.583 10.702 10.702 10.821 9.7547 9.8718 9.8718 9.8718 9.8718 9.8718 9.8718 -9999 -9999
-9999 9.6364 9.7547 9.7547 9.8718 9.8718 9.9879 9.9879 9.9879 9.9879 9.9879 9.7929 -9999 -9999
-9999 -9999 9.8718 9.8718 9.9879 9.9879 10.103 10.103 10.103 9.9081 9.9081 9.8679 -9999 -9999
-9999 -9999 -9999 9.9879 10.12 10.331 10.331 10.136 10.136 10.096 10.096 10.096 -9999 -9999
-9999 -9999 -9999 10.136 10.136 10.236 10.236 10.196 10.196 10.196 10.196 10.196 10.196 -9999
-9999 -9999 -9999 10.196 10.196 10.295 10.295 10.295 10.295 10.295 10.295 10.295 10.295 -9999
-9999 -9999 10.196 10.295 10.295 10.393 10.393 10.393 10.393 10.393 10.393 10.393 10.393 -9999
-9999 -9999 10.295 10.393 10.393 10.49 10.49 10.49 10.49 10.49 10.49 10.49 10.49 10.49
-9999 10.393 10.393 10.49 10.49 10.587 10.587 10.587 10.587 10.587 10.587 10.587 10.587 10.587
-9999 13.237 13.237 13.334 13.334 13.426 13.426 12.096 12.61 12.61 12.61 12.61 12.61 12.61
26.348 26.445 26.445 26.537 26.537 27.005 27.005 22.884 22.821 24.559 24.559 24.559 24.559 24.559
26.445 26.537 26.537 27.005 27.005 27.467 27.467 27.467 27.467 25.021 25.021 25.021 25.021 25.021
26.537 27.005 27.005 27.467 27.467 27.926 27.926 27.926 27.926 27.926 27.926 26.364 26.364 26.364
-9999 27.467 27.467 27.926 27.926 28.381 28.381 28.381 28.381 28.381 28.381 28.381 26.82 26.82
27.467 27.926 27.926 28.381 28.381 28.835 28.835 28.835 28.835 28.835 28.835 28.835 28.835 27.273
27.926 28.381 28.381 28.835 28.835 29.286 29.286 29.286 29.286 29.286 29.286 29.286 29.286 27.725
28.381 28.835 28.835 29.286 29.286 29.735 29.735 29.735 29.735 29.735 29.735 29.735 29.735 29.735
-9999 29.286 29.286 29.735 29.735 30.184 30.184 30.184 30.184 30.184 30.184 30.184 30.184 30.184
-9999 -9999 29.735 30.184 30.184 30.634 30.634 30.634 30.634 30.634 30.634 30.634 30.634 30.634
-9999 -9999 30.184 30.634 30.634 30.634 30.634 30.634 30.634 30.634 30.634 30.634 30.634 30.634
-9999 -9999 30.634 30.634 30.634 30.634 30.634 30.634 30.634 30.634 30.634 30.634 30.634 30.634
-9999 -9999 30.634 30.634 30.634 30.634 30.634 30.634 30.634 30.634 30.634 30.634 30.634 30.634
-9999 -9999 30.634 30.634 30.634 30.634 30.634 30.634 30.634 30.634 30.634 30.634 30.634 30.634
-9999 -9999 -9999 -9999 -9999 -9999 30.634 30.634 30.634 30.634 30.634 30.634 30.634 -9999
-9999 -9999 -9999 -9999 -9999 -9999 30.634 30.634 30.634 30.634 30.634 30.634 30.634 -9999
-9999 -9999 -9999 -9999 -9999 -9999 -9999 30.634 30.634 30.634 30.634 30.634 -9999 -9999
-9999 -9999 -9999 -9999 -9999 -9999 -9999 30.634 30.634 30.634 30.634 30.634 -9999 -9999
-9999 -9999 -9999 -9999 -9999 -9999 -9999 30.634 30.634 30.634 30.634 30.634 -9999 -9999
-9999 -9999 -9999 -9999 -9999 -9999 -9999 -9999 30.634 30.634 30.634 -9999 -9999 -9999
-9999 -9999 -9999 -9999 -9999 -9999 -9999 -9999 -9999 30.634 -9999 -9999 -9999 -9999
-9999 -9999 -9999 -9999 -9999 -9999 -9999 -9999 -9999 30.634 -9999 -9999 -9999 -9999
