outputs_txt/Phd_CSDMS_300k_ky_05_03_2024/Basin_1_DEM.txt
ncols         11
nrows         48
xllcorner     0.000000
yllcorner     0.000000
cellsize      200
NODATA_value  -9999
-32768 -32768 14.642 16.06 16.39 14.386 15.205 17.208 -32768 -32768 -32768
-32768 -32768 13.821 15.823 15.386 13.38 14.201 16.204 -32768 -32768 -32768
-32768 -32768 13.15 15.154 14.805 12.8 13.958 15.378 -32768 -32768 -32768
-32768 -32768 12.569 14.573 14.317 12.312 13.471 14.89 16.896 -32768 -32768
-32768 -32768 12.049 14.053 13.888 11.883 13.042 14.462 16.465 -32768 -32768
-32768 -32768 11.575 13.579 13.5 11.496 12.655 14.076 -32768 -32768 -32768
-32768 -32768 11.135 13.14 13.145 11.14 12.56 14.564 -32768 -32768 -32768
-32768 -32768 10.725 12.729 12.809 10.805 12.225 14.231 15.545 -32768 -32768
-32768 -32768 10.337 12.342 12.491 10.487 12.49 13.565 13.544 15.545 -32768
-32768 -32768 9.9703 11.975 12.184 10.18 10.85 11.561 12.383 14.391 -32768
-32768 -32768 9.6202 11.625 11.91 9.9066 11.325 13.329 14.386 15.455 -32768
-32768 -32768 9.2851 11.289 11.646 9.6426 11.062 13.067 13.35 15.352 -32768
-32768 -32768 8.9632 10.692 10.914 9.3874 11.39 12.258 11.93 13.933 -32768
-32768 -32768 8.6492 8.6896 8.9117 9.1361 9.6735 10.254 10.924 12.933 -32768
-32768 -32768 8.3431 8.4706 10.471 11.139 11.678 12.259 12.086 -32768 -32768
-32768 -32768 8.0439 8.2542 9.258 10.417 11.837 13.841 -32768 -32768 -32768
-32768 -32768 7.873 8.7692 9.7719 10.93 12.351 14.353 -32768 -32768 -32768
-32768 -32768 7.7063 8.7086 9.8666 11.286 13.29 14.063 -32768 -32768 -32768
-32768 -32768 7.5429 8.5453 9.7038 11.124 13.127 12.059 14.06 -32768 -32768
-32768 -32768 7.3827 8.54 9.9585 11.963 12.9 10.897 12.318 14.318 -32768
-32768 -32768 7.225 8.383 9.8028 11.805 12.14 10.137 11.296 12.717 14.717
-32768 -32768 7.0697 9.073 10.835 10.185 10.609 9.5568 10.715 12.135 14.138
-32768 -32768 6.9157 8.9154 8.8362 8.178 8.6059 9.0547 10.214 11.635 13.639
-32768 -32768 6.7629 7.0886 7.4187 7.7682 8.5269 9.4248 10.585 12.59 -32768
-32768 -32768 6.6255 8.6246 9.419 9.7707 10.53 11.429 12.591 13.629 -32768
-32768 -32768 6.4888 7.3073 8.2044 9.2073 10.366 11.785 13.789 -32768 -32768
-32768 -32768 6.3548 7.1726 8.0691 9.072 10.231 11.651 13.654 -32768 -32768
-32768 -32768 6.2231 7.1187 8.1206 9.2777 10.695 12.697 -32768 -32768 -32768
-32768 -32768 6.0933 6.8018 7.5604 8.3804 9.3855 11.394 -32768 -32768 -32768
-32768 -32768 5.9662 7.3821 9.3812 10.38 10.803 12.803 -32768 -32768 -32768
-32768 -32768 5.8399 6.6579 7.5552 8.5587 9.7174 11.138 13.141 -32768 -32768
-32768 -32768 5.7158 6.5334 7.4297 8.4323 9.5908 11.011 -32768 -32768 -32768
-32768 -32768 5.5935 6.4891 7.491 8.6483 10.067 12.069 -32768 -32768 -32768
-32768 -32768 5.4727 6.3683 7.3701 8.5275 9.9457 11.949 -32768 -32768 -32768
-32768 -32768 5.3535 6.1712 7.0677 8.0708 9.23 10.65 12.651 -32768 -32768
-32768 -32768 5.2359 6.3631 7.6561 9.2621 10.466 10.761 11.429 12.817 -32768
-32768 -32768 5.1193 7.1176 7.8004 8.233 8.2678 8.67 9.3517 10.987 -32768
-32768 -32768 5.0032 5.3918 5.7881 6.2097 6.6755 7.2208 7.9043 8.9313 -32768
-32768 -32768 4.8935 14.622 16.377 14.543 15.206 15.501 16.385 17.788 -32768
-32768 -32768 4.3366 11.454 21.442 24.947 22.631 24.532 27.004 30.886 -32768
-32768 -32768 3.784 10.887 20.89 -32768 -32768 -32768 -32768 -32768 -32768
-32768 -32768 3.2348 10.334 20.318 -32768 -32768 -32768 -32768 -32768 -32768
-32768 -32768 2.6889 9.7851 19.752 -32768 -32768 -32768 -32768 -32768 -32768
-32768 -32768 2.1463 9.2394 19.191 -32768 -32768 -32768 -32768 -32768 -32768
-32768 -32768 1.6068 8.7096 18.639 -32768 -32768 -32768 -32768 -32768 -32768
-32768 -32768 1.0705 11.031 -32768 -32768 -32768 -32768 -32768 -32768 -32768
0.00037054 9.8861 0.53535 9.8691 -32768 -32768 -32768 -32768 -32768 -32768 -32768
0.00045805 0.00030835 0.00023149 0.00027742 -32768 -32768 -32768 -32768 -32768 -32768 -32768
