outputs_txt/Phd_CSDMS_300k_ky_05_03_2024/Basin_1_RLF_2500.txt
ncols         11
nrows         48
xllcorner     0.000000
yllcorner     0.000000
cellsize      200
NODATA_value  -9999
-9999 -9999 8.2453 8.2453 8.2453 8.2453 8.2453 7.9234 -9999 -9999 -9999
-9999 -9999 8.5593 8.5593 8.5593 8.5593 8.5593 8.5188 -9999 -9999 -9999
-9999 -9999 8.8654 8.8654 8.8654 8.8654 8.8654 8.7379 -9999 -9999 -9999
-9999 -9999 9.1646 9.1646 9.1646 9.1646 9.1646 8.9543 8.8654 -9999 -9999
-9999 -9999 9.3354 9.3354 9.3354 9.3354 9.3354 9.1646 9.1646 -9999 -9999
-9999 -9999 9.5022 9.5022 9.5022 9.5022 9.5022 9.3354 -9999 -9999 -9999
-9999 -9999 9.6656 9.6656 9.6656 9.6656 9.6656 9.5022 -9999 -9999 -9999
-9999 -9999 9.8258 9.8258 9.8258 9.8258 9.8258 9.6656 9.6656 -9999 -9999
-9999 -9999 9.9835 9.9835 9.9835 9.9835 9.9835 9.8258 9.8258 9.6656 -9999
-9999 -9999 10.139 10.139 10.139 10.139 10.139 9.9835 9.9835 9.8258 -9999
-9999 -9999 10.293 10.293 10.293 10.293 10.293 10.139 10.139 9.9835 -9999
-9999 -9999 10.446 10.446 10.446 10.446 10.446 10.293 10.293 10.139 -9999
-9999 -9999 10.27 10.583 10.583 10.583 10.583 10.446 10.446 10.293 -9999
-9999 -9999 10.407 10.407 10.407 10.407 10.407 10.27 10.27 10.133 -9999
-9999 -9999 10.541 10.541 10.541 10.541 10.541 10.407 10.407 -9999 -9999
-9999 -9999 10.241 10.241 10.673 10.673 10.673 10.541 -9999 -9999 -9999
-9999 -9999 9.4522 9.4522 10.371 10.371 10.371 10.241 -9999 -9999 -9999
-9999 -9999 9.5793 9.5793 9.5793 9.5793 9.5793 9.4522 -9999 -9999 -9999
-9999 -9999 9.7055 9.7055 9.7055 9.7055 9.7055 9.5793 9.5793 -9999 -9999
-9999 -9999 9.7396 9.8297 9.8297 9.8297 9.8297 9.7055 9.7055 9.5793 -9999
-9999 -9999 9.8619 9.8619 9.8619 9.952 9.952 9.8297 9.8297 9.7055 9.7055
-9999 -9999 9.8795 9.9827 9.9827 9.9827 9.9827 9.8619 9.8619 9.7396 9.7396
-9999 -9999 9.3637 9.9988 9.9988 10.102 10.102 9.9827 9.9827 9.8619 9.8619
-9999 -9999 9.4813 9.4813 9.4813 10.116 10.116 9.9988 9.9988 9.8795 -9999
-9999 -9999 9.5978 9.5978 9.5978 9.5978 9.5978 9.4813 9.4813 9.3637 -9999
-9999 -9999 9.714 9.714 9.714 9.714 9.714 9.5978 9.5978 -9999 -9999
-9999 -9999 11.484 11.484 11.492 12.894 12.894 12.785 12.785 -9999 -9999
-9999 -9999 20.611 20.611 22.668 26.55 26.55 25.993 -9999 -9999 -9999
-9999 -9999 23.22 27.102 27.102 27.102 27.102 26.55 -9999 -9999 -9999
-9999 -9999 27.651 27.651 27.651 27.651 27.651 27.102 -9999 -9999 -9999
-9999 -9999 28.197 28.197 28.197 28.197 28.197 27.651 27.651 -9999 -9999
-9999 -9999 28.74 28.74 28.74 28.74 28.74 28.197 -9999 -9999 -9999
-9999 -9999 29.279 29.279 29.279 29.279 29.279 28.74 -9999 -9999 -9999
-9999 -9999 29.816 29.816 29.816 29.816 29.816 29.279 -9999 -9999 -9999
-9999 -9999 30.886 30.886 30.886 30.351 30.351 29.816 29.816 -9999 -9999
-9999 -9999 30.886 30.886 30.886 30.886 30.886 30.886 30.351 29.816 -9999
-9999 -9999 30.886 30.886 30.886 30.886 30.886 30.886 30.886 30.886 -9999
-9999 -9999 30.886 30.886 30.886 30.886 30.886 30.886 30.886 30.886 -9999
-9999 -9999 30.886 30.886 30.886 30.886 30.886 30.886 30.886 30.886 -9999
-9999 -9999 30.886 30.886 30.886 30.886 30.886 30.886 30.886 30.886 -9999
-9999 -9999 30.886 30.886 30.886 -9999 -9999 -9999 -9999 -9999 -9999
-9999 -9999 30.886 30.886 30.886 -9999 -9999 -9999 -9999 -9999 -9999
-9999 -9999 30.886 30.886 30.886 -9999 -9999 -9999 -9999 -9999 -9999
-9999 -9999 30.886 30.886 30.886 -9999 -9999 -9999 -9999 -9999 -9999
-9999 -9999 30.886 30.886 30.886 -9999 -9999 -9999 -9999 -9999 -9999
-9999 -9999 30.886 30.886 -9999 -9999 -9999 -9999 -9999 -9999 -9999
30.886 30.886 30.886 30.886 -9999 -9999 -9999 -9999 -9999 -9999 -9999
30.886 30.886 30.886 30.886 -9999 -9999 -9999 -9999 -9999 -9999 -9999
