outputs_txt/Phd_CSDMS_300k_ky_05_03_2024/Basin_4_DEM.txt
ncols         14
nrows         48
xllcorner     1600.000000
yllcorner     0.000000
cellsize      200
NODATA_value  -9999
15.925 14.509 14.164 13.559 13.041 12.582 12.745 11.015 12.43 14.428 14.74 16.739 -32768 -32768
15.51 13.507 12.748 12.144 11.626 11.166 10.748 10.347 11.763 13.761 13.325 15.324 -32768 -32768
17.379 15.509 14.748 14.143 13.624 13.163 12.015 10.018 12.014 12.833 12.322 14.321 -32768 -32768
-32768 16.614 15.197 14.195 13.376 12.667 11.698 9.7006 10.256 10.835 11.504 13.504 -32768 -32768
-32768 14.616 13.198 12.196 11.377 10.669 10.035 9.4304 11.427 12.831 13.503 -32768 -32768 -32768
16.078 14.892 13.887 13.128 12.493 11.936 11.182 9.1875 10.343 11.759 13.757 -32768 -32768 -32768
14.894 12.893 11.889 11.131 10.497 9.9404 9.439 8.9529 10.108 11.523 13.52 -32768 -32768 -32768
-32768 14.892 13.889 13.129 12.494 11.936 10.742 8.7464 9.7466 10.902 12.318 -32768 -32768 -32768
-32768 -32768 15.012 13.013 11.598 10.442 9.4411 8.546 9.5468 10.703 12.118 14.117 -32768 -32768
-32768 -32768 14.817 12.819 11.405 10.25 9.2495 8.3551 10.352 11.74 12.161 14.158 -32768 -32768
-32768 -32768 13.458 12.041 10.884 9.8826 8.987 8.1697 8.9265 9.7445 10.747 12.747 -32768 -32768
-32768 -32768 14.435 13.018 12.014 11.195 9.9908 7.9948 8.9948 10.149 11.564 13.561 -32768 -32768
-32768 -32768 12.438 11.02 10.017 9.1993 8.491 7.8234 8.8237 9.9788 11.394 13.392 -32768 -32768
-32768 -32768 14.119 12.126 10.711 9.5555 8.5551 7.6604 8.6607 9.8159 11.231 13.228 -32768 -32768
-32768 14.085 12.686 12.362 12.067 10.073 8.6582 7.5025 8.5027 9.6576 11.073 13.07 -32768 -32768
14.086 12.684 10.684 10.364 10.462 10.012 9.344 7.3484 8.0526 9.2074 10.622 12.619 -32768 -32768
12.948 10.945 9.5275 8.9491 8.4631 8.0147 7.5964 7.195 7.0522 8.2083 9.6242 11.624 -32768 -32768
13.76 11.761 10.345 10.364 10.463 10.013 9.5929 8.9076 6.9123 8.0676 9.4828 11.482 -32768 -32768
-32768 13.501 11.503 12.362 12.339 10.345 8.9305 7.775 6.7738 7.9293 9.3445 11.343 -32768 -32768
-32768 -32768 13.504 13.104 11.106 9.6894 8.5338 7.5331 6.6379 7.7938 9.2098 11.209 -32768 -32768
-32768 -32768 -32768 12.972 10.971 9.5558 8.4006 7.4 6.5049 7.92 9.9189 11.585 -32768 -32768
-32768 -32768 -32768 12.842 10.841 9.4252 8.2698 7.2692 6.374 7.5326 9.5297 9.6126 11.586 -32768
-32768 -32768 -32768 13.367 11.482 9.4821 8.0657 7.0634 6.2449 6.1175 8.1183 8.4593 10.445 -32768
-32768 -32768 13.367 11.371 11.543 10.962 10.061 9.0618 7.9881 5.9911 7.989 7.5641 9.5364 -32768
-32768 -32768 11.632 10.214 9.5456 8.9666 8.4309 9.2786 7.2818 5.8652 7.6124 6.8064 8.2216 10.211
-32768 14.777 12.782 11.369 11.54 9.9109 7.9135 9.1554 7.1582 5.7402 5.616 6.1722 7.5889 9.5862
-32768 12.944 11.788 11.596 10.842 8.8435 7.4272 9.4236 8.9073 6.9103 5.4952 6.651 8.0663 10.063
12.942 10.944 9.7873 9.5987 9.5786 8.9877 6.9895 8.9865 8.7911 6.7921 5.3756 6.532 7.9479 9.9456
12.305 10.307 8.8915 8.1833 7.5797 8.5748 6.5797 7.9049 8.6714 6.6745 5.2573 6.4138 7.8298 9.8275
12.354 10.354 8.9372 7.7808 7.0235 6.596 6.186 5.9053 7.9039 7.1402 5.1403 6.2968 7.7129 9.7107
-32768 12.344 10.348 8.9354 9.0201 8.5927 7.6301 5.6319 7.6297 7.0245 5.0242 6.1807 7.5969 9.5948
13.012 11.376 9.3805 7.9663 8.3214 7.8849 7.3638 5.3658 6.8901 6.6794 4.909 6.0656 7.4818 9.4799
11.383 9.3839 7.9669 6.8098 6.3235 5.8854 5.4838 5.1043 4.8916 4.6808 4.7945 5.952 7.3691 9.3683
12.008 10.014 8.599 7.4434 7.7376 7.3014 6.9007 7.1041 6.579 4.5811 5.5824 6.7382 8.1534 10.149
-32768 11.672 9.6764 8.262 9.7132 9.2999 8.897 7.8973 5.8993 4.482 5.484 6.6405 8.0565 10.054
-32768 -32768 10.829 9.4171 10.012 9.9567 7.9611 6.5447 5.3868 4.3838 5.3865 6.5438 7.9601 9.9563
-32768 -32768 10.305 9.2654 7.9534 7.9771 7.4802 7.024 6.2848 4.2868 6.285 7.4342 8.1991 9.2054
-32768 -32768 8.2571 7.2393 6.5222 5.9584 5.4624 5.0135 4.5961 4.1897 4.7986 5.4372 6.2004 7.207
-32768 -32768 17.524 15.941 15.52 14.347 16.194 15.211 13.726 4.098 13.694 15.439 16.708 15.141
-32768 -32768 30.635 26.514 24.033 26.023 26.416 16.691 9.5337 3.63 9.4282 16.516 26.451 28.189
-32768 -32768 -32768 -32768 -32768 -32768 26.036 16.071 8.9571 3.1677 8.9572 16.071 26.063 -32768
-32768 -32768 -32768 -32768 -32768 -32768 28.572 18.444 9.1851 2.709 9.2466 18.607 29.073 -32768
-32768 -32768 -32768 -32768 -32768 -32768 -32768 19.333 9.343 2.2534 9.3431 19.325 -32768 -32768
-32768 -32768 -32768 -32768 -32768 -32768 -32768 18.868 8.8885 1.7998 8.8885 18.848 -32768 -32768
-32768 -32768 -32768 -32768 -32768 -32768 -32768 18.414 8.4484 1.3485 8.4483 18.383 -32768 -32768
-32768 -32768 -32768 -32768 -32768 -32768 -32768 -32768 10.857 0.8999 10.857 -32768 -32768 -32768
-32768 -32768 -32768 -32768 -32768 -32768 -32768 -32768 -32768 0.45063 -32768 -32768 -32768 -32768
-32768 -32768 -32768 -32768 -32768 -32768 -32768 -32768 -32768 0.00098872 -32768 -32768 -32768 -32768
