outputs_txt/Phd_CSDMS_300k_ky_05_03_2024/Basin_17_DEM.txt
ncols         12
nrows         48
xllcorner     17200.000000
yllcorner     0.000000
cellsize      200
NODATA_value  -9999
-32768 -32768 15.537 14.933 14.021 12.605 14.605 13.695 11.693 13.692 12.843 14.845
-32768 -32768 14.119 13.516 13.784 11.786 13.784 12.875 10.875 12.697 11.947 13.103
-32768 13.78 12.963 12.36 13.115 11.117 13.115 12.166 10.165 10.701 11.279 12.695
-32768 12.781 11.962 11.358 12.416 10.538 12.536 11.756 9.7563 10.756 11.911 13.326
-32768 14.274 12.274 10.858 10.42 10.002 12 11.389 9.3904 10.391 11.546 12.962
-32768 -32768 14.27 12.272 11.677 9.6814 11.679 11.055 9.0563 10.057 11.212 12.628
-32768 -32768 13.944 11.943 10.528 9.3719 11.369 10.746 8.747 9.7475 10.904 12.32
-32768 -32768 13.651 11.65 10.235 9.0795 11.077 10.457 8.4577 9.8724 11.871 13.184
-32768 -32768 13.373 11.372 9.9566 8.8015 10.799 10.179 8.1797 9.5953 11.594 11.771
-32768 -32768 13.107 11.107 9.6912 8.5359 10.533 9.9106 7.9118 9.9107 11.239 10.769
-32768 14.104 12.108 11.694 9.6967 8.2814 10.278 9.6494 7.6507 9.6481 9.2425 9.9507
-32768 12.691 10.692 10.929 10.031 8.0346 9.5694 9.3538 7.396 9.3908 8.6088 10.023
-32768 11.69 9.69 8.9318 8.3272 7.7914 7.5729 7.3579 7.1452 7.5935 8.0532 9.4699
-32768 -32768 11.687 10.347 9.7428 9.7912 9.5701 8.9888 6.9937 8.9884 9.208 10.622
-32768 -32768 -32768 12.345 11.741 11.411 9.4137 7.9985 6.8429 7.8437 8.9989 10.414
-32768 -32768 -32768 12.187 11.292 11.266 9.2667 7.8508 6.6956 7.6964 8.8526 10.268
-32768 -32768 11.344 10.187 9.2917 11.287 9.9649 7.9661 6.5515 8.5481 9.9786 10.4
-32768 13.149 11.153 9.7381 8.5824 10.579 9.822 7.8241 6.4087 7.1654 7.9834 8.9858
-32768 11.43 10.612 10.004 8.0264 9.1287 8.7859 8.2649 6.2695 7.2694 8.4241 9.8384
-32768 9.4319 8.6129 8.0084 7.4907 7.1309 6.787 6.4574 6.1322 7.1322 8.2874 9.7026
12.585 10.588 9.7683 9.4238 9.4906 9.1291 8.7832 8.0022 6.0072 7.0078 8.1639 9.5798
-32768 12.587 11.185 11.423 11.448 9.4535 8.0393 6.8839 5.8834 7.8799 9.3313 10.335
-32768 -32768 13.183 12.224 10.227 8.8109 7.6556 6.6553 5.761 6.5176 7.3355 8.3378
-32768 -32768 12.926 10.925 9.5088 8.3532 7.3526 6.458 5.6416 6.642 7.7969 9.2116
-32768 -32768 12.806 10.807 9.3927 8.2373 7.2366 6.3414 5.5245 7.5197 8.1372 9.551
-32768 12.585 11.645 9.646 9.4695 8.8352 8.2778 7.4038 5.4088 6.1653 6.983 8.3994
-32768 11.649 9.6488 8.23 7.4723 6.8382 6.2821 5.7808 5.2948 6.2945 7.4491 8.8637
-32768 -32768 11.643 9.6455 9.4689 8.8346 8.2769 7.18 5.1849 6.1847 7.3396 8.7547
-32768 -32768 12.355 10.359 8.9453 7.7904 6.7892 5.8933 5.0757 6.0758 7.2317 8.6472
-32768 -32768 11.607 9.6086 8.1941 8.4006 7.8444 6.9633 4.9685 6.3831 8.3796 9.0648
-32768 -32768 9.6143 8.1955 7.0384 6.4048 5.8488 5.3476 4.8617 6.8576 7.9367 7.6509
-32768 -32768 11.603 9.6079 8.1937 8.4 7.8435 6.7527 4.7577 5.336 5.9405 6.6492
-32768 -32768 11.933 9.9368 8.5225 7.3681 6.3676 5.4725 4.6557 6.6513 7.9348 8.0639
-32768 -32768 10.594 9.1776 8.0219 7.0213 6.1267 5.3102 4.5546 5.555 6.7107 8.1254
12.556 12.494 10.487 9.0536 7.8598 6.8054 5.9454 5.1681 4.4551 5.4549 6.6097 8.0246
10.674 10.676 10.041 9.5205 9.0749 8.8629 7.3051 5.6844 4.3572 5.3576 6.513 7.928
9.3008 8.6714 8.0351 7.5147 7.0648 7.2464 6.869 6.2547 4.2602 6.2278 7.3874 8.175
8.156 7.2561 6.6178 6.0972 5.6469 5.2445 4.8704 4.5142 4.1631 4.7705 5.4077 6.1699
17.391 15.955 15.033 14.274 14.102 14.879 15.054 13.724 4.0723 13.667 15.491 16.818
-32768 24.387 26.844 28.025 26.612 26.169 17.451 9.9085 3.6082 9.2871 15.851 24.113
-32768 -32768 -32768 -32768 -32768 27.367 16.413 8.9722 3.1494 8.9294 16.023 26.025
-32768 -32768 -32768 -32768 -32768 -32768 19.763 9.7777 2.694 8.4792 15.595 25.582
-32768 -32768 -32768 -32768 -32768 -32768 19.305 9.3283 2.241 9.3226 19.31 -32768
-32768 -32768 -32768 -32768 -32768 -32768 18.833 8.8762 1.7899 8.8763 18.858 -32768
-32768 -32768 -32768 -32768 -32768 -32768 18.372 8.4389 1.3409 8.439 18.388 -32768
-32768 -32768 -32768 -32768 -32768 -32768 -32768 10.851 0.89454 10.851 17.011 -32768
-32768 -32768 -32768 -32768 -32768 -32768 -32768 9.8677 0.44747 9.8671 7.1091 -32768
-32768 -32768 -32768 -32768 -32768 -32768 -32768 0.00064875 1.4654e-05 7.2575e-05 0.0005796 -32768
