outputs_txt/Phd_CSDMS_300k_ky_05_03_2024/Basin_5_RLF_5000.txt
ncols         17
nrows         48
xllcorner     3800.000000
yllcorner     0.000000
cellsize      200
NODATA_value  -9999
-9999 10.911 10.911 10.911 10.911 10.911 10.911 10.911 10.911 10.911 10.911 10.911 10.911 10.807 -9999 -9999 -9999
-9999 11.015 11.015 11.015 11.015 11.015 11.015 11.015 11.015 11.015 11.015 11.015 11.015 10.911 -9999 -9999 -9999
-9999 11.118 11.118 11.118 11.118 11.118 11.118 11.118 11.118 11.118 11.118 11.118 11.118 11.015 -9999 -9999 -9999
-9999 11.215 11.215 11.215 11.215 11.215 11.215 11.215 11.215 11.215 11.215 11.215 11.215 11.118 -9999 -9999 -9999
11.312 11.312 11.312 11.312 11.312 11.312 11.312 11.312 11.312 11.312 11.312 11.312 11.312 11.215 11.215 -9999 -9999
11.409 11.409 11.409 11.409 11.409 11.409 11.409 11.409 11.409 11.409 11.409 11.409 11.409 11.312 11.312 11.215 -9999
11.504 11.504 11.504 11.504 11.504 11.504 11.504 11.504 11.504 11.504 11.504 11.504 11.504 11.409 11.409 11.312 -9999
11.597 11.597 11.597 11.597 11.597 11.597 11.597 11.597 11.597 11.597 11.597 11.597 11.597 11.504 11.504 11.409 -9999
-9999 11.69 11.69 11.69 11.69 11.69 11.69 11.69 11.69 11.69 11.69 11.69 11.69 11.597 11.597 -9999 -9999
-9999 11.781 11.781 11.781 11.781 11.781 11.781 11.781 11.781 11.781 11.781 11.781 11.781 11.69 11.69 -9999 -9999
-9999 11.871 11.871 11.871 11.871 11.871 11.871 11.871 11.871 11.871 11.871 11.871 11.871 11.781 -9999 -9999 -9999
-9999 11.96 11.96 11.96 11.96 11.96 11.96 11.96 11.96 11.96 11.96 11.96 11.96 11.871 11.871 -9999 -9999
-9999 12.049 12.049 12.049 12.049 12.049 12.049 12.049 12.049 12.049 12.049 12.049 12.049 11.96 11.96 11.871 -9999
-9999 12.137 12.137 12.137 12.137 12.137 12.137 12.137 12.137 12.137 12.137 12.137 12.137 12.049 12.049 11.96 -9999
-9999 14.254 14.254 14.254 14.254 14.254 14.254 14.254 14.254 15.621 15.621 15.621 15.621 15.538 15.538 15.449 15.449
-9999 22.968 22.968 22.968 22.968 25.008 25.008 25.008 25.008 25.008 25.008 25.008 25.008 24.581 24.581 24.498 24.498
-9999 23.39 23.39 25.43 25.43 25.43 25.43 25.43 25.43 25.43 25.43 25.43 25.43 25.008 25.008 24.581 24.581
-9999 26.442 26.442 26.442 26.442 26.442 26.442 26.442 26.442 26.442 25.849 25.849 25.849 25.43 25.43 25.008 25.008
-9999 26.859 26.859 26.859 26.859 26.859 26.859 26.859 26.859 26.859 26.859 26.859 26.267 25.849 25.849 25.43 25.43
-9999 27.275 27.275 27.275 27.275 27.275 27.275 27.275 27.275 27.275 27.275 27.275 27.275 26.859 26.267 25.849 25.849
-9999 27.689 27.689 27.689 27.689 27.689 27.689 27.689 27.689 27.689 27.689 27.689 27.689 27.275 27.275 26.859 26.267
-9999 -9999 28.101 28.101 28.101 28.101 28.101 28.101 28.101 28.101 28.101 28.101 28.101 27.689 27.689 27.275 -9999
-9999 -9999 28.514 28.514 28.514 28.514 28.514 28.514 28.514 28.514 28.514 28.514 28.514 28.101 28.101 27.689 -9999
-9999 -9999 28.927 28.927 28.927 28.927 28.927 28.927 28.927 28.927 28.927 28.927 28.927 28.926 28.514 -9999 -9999
-9999 -9999 -9999 28.927 28.927 28.927 28.927 28.927 28.927 28.927 28.927 28.927 28.927 28.927 28.927 28.926 -9999
-9999 -9999 -9999 28.927 28.927 28.927 28.927 28.927 28.927 28.927 28.927 28.927 28.927 28.927 28.927 28.927 28.927
-9999 -9999 -9999 28.927 28.927 28.927 28.927 28.927 28.927 28.927 28.927 28.927 28.927 28.927 28.927 28.927 28.927
-9999 -9999 -9999 28.927 28.927 28.927 28.927 28.927 28.927 28.927 28.927 28.927 28.927 28.927 28.927 28.927 28.927
-9999 -9999 -9999 28.927 28.927 28.927 28.927 28.927 28.927 28.927 28.927 28.927 28.927 28.927 28.927 28.927 28.927
-9999 -9999 -9999 28.927 28.927 28.927 28.927 28.927 28.927 28.927 28.927 28.927 28.927 28.927 28.927 28.927 -9999
-9999 -9999 -9999 28.927 28.927 28.927 28.927 28.927 28.927 28.927 28.927 28.927 28.927 28.927 28.927 -9999 -9999
-9999 -9999 -9999 28.927 28.927 28.927 28.927 28.927 28.927 28.927 28.927 28.927 28.927 28.927 28.927 -9999 -9999
-9999 -9999 -9999 28.927 28.927 28.927 28.927 28.927 28.927 28.927 28.927 28.927 28.927 28.927 28.927 -9999 -9999
-9999 -9999 -9999 28.927 28.927 28.927 28.927 28.927 28.927 28.927 28.927 28.927 28.927 28.927 28.927 -9999 -9999
-9999 -9999 -9999 28.927 28.927 28.927 28.927 28.927 28.927 28.927 28.927 28.927 28.927 28.927 28.927 -9999 -9999
-9999 -9999 -9999 28.927 28.927 28.927 28.927 28.927 28.927 28.927 28.927 28.927 28.927 28.927 28.927 -9999 -9999
-9999 -9999 -9999 28.927 28.927 28.927 28.927 28.927 28.927 28.927 28.927 28.927 28.927 28.927 28.927 28.927 -9999
-9999 -9999 -9999 28.927 28.927 28.927 28.927 28.927 28.927 28.927 28.927 28.927 28.927 28.927 28.927 28.927 -9999
-9999 -9999 -9999 28.927 28.927 28.927 28.927 28.927 28.927 28.927 28.927 28.927 28.927 28.927 28.927 28.927 -9999
-9999 -9999 -9999 28.927 28.927 28.927 28.927 28.927 28.927 28.927 28.927 28.927 28.927 28.927 28.927 -9999 -9999
-9999 -9999 -9999 28.927 28.927 28.927 28.927 28.927 28.927 28.927 -9999 -9999 -9999 -9999 -9999 -9999 -9999
-9999 -9999 -9999 28.927 28.927 28.927 28.927 28.927 28.927 -9999 -9999 -9999 -9999 -9999 -9999 -9999 -9999
-9999 -9999 -9999 -9999 28.927 28.927 28.927 28.927 28.927 -9999 -9999 -9999 -9999 -9999 -9999 -9999 -9999
-9999 -9999 -9999 -9999 28.927 28.927 28.927 28.927 28.927 -9999 -9999 -9999 -9999 -9999 -9999 -9999 -9999
-9999 -9999 -9999 -9999 28.927 28.927 28.927 28.927 28.927 -9999 -9999 -9999 -9999 -9999 -9999 -9999 -9999
-9999 -9999 -9999 -9999 -9999 28.927 28.927 28.927 -9999 -9999 -9999 -9999 -9999 -9999 -9999 -9999 -9999
-9999 -9999 -9999 -9999 -9999 28.927 28.927 28.927 -9999 -9999 -9999 -9999 -9999 -9999 -9999 -9999 -9999
-9999 -9999 -9999 -9999 -9999 28.927 28.927 28.927 -9999 -9999 -9999 -9999 -9999 -9999 -9999 -9999 -9999
