outputs_txt/Phd_CSDMS_300k_ky_05_03_2024/Basin_5_RLF_2500.txt
ncols         17
nrows         48
xllcorner     3800.000000
yllcorner     0.000000
cellsize      200
NODATA_value  -9999
-9999 8.814 8.814 8.814 8.8353 8.8353 8.8353 8.8353 8.8353 8.8353 8.64 8.64 8.4368 8.4368 -9999 -9999 -9999
-9999 9.005 9.005 9.005 9.0263 9.0263 9.0263 9.0263 9.0263 9.0263 8.8353 8.8353 8.64 8.64 -9999 -9999 -9999
-9999 9.187 9.187 9.2083 9.2083 9.2083 9.2083 9.2083 9.2083 9.2083 9.0263 9.0263 8.8353 8.8353 -9999 -9999 -9999
-9999 9.3632 9.3632 9.3845 9.3845 9.3845 9.3845 9.3845 9.3845 9.3845 9.2083 9.2083 9.0263 9.0263 -9999 -9999 -9999
8.7954 9.5349 9.5349 9.5562 9.5562 9.5562 9.5562 9.5562 9.5562 9.5562 9.3845 9.3845 9.2083 9.2083 9.0263 -9999 -9999
8.967 9.7023 9.7023 9.7236 9.7236 9.7236 9.7236 9.7236 9.7236 9.7236 9.5562 9.5562 9.3845 9.3845 9.2083 9.0263 -9999
9.1345 9.8657 9.8657 9.887 9.887 9.887 9.887 9.887 9.887 9.887 9.7236 9.7236 9.5562 9.5562 9.3845 9.2083 -9999
9.2979 9.4575 10.025 10.047 10.047 10.047 10.047 10.047 10.047 10.047 9.887 9.887 9.7236 9.7236 9.5562 9.3845 -9999
-9999 9.6142 10.182 10.203 10.203 10.203 10.203 10.203 10.203 10.203 10.047 10.047 10.034 9.887 9.7236 -9999 -9999
-9999 9.7681 9.7681 10.357 10.357 10.357 10.357 10.357 10.357 10.357 10.203 10.203 10.193 10.047 10.034 -9999 -9999
-9999 9.9197 9.9197 10.509 10.509 10.509 10.509 10.509 10.509 10.509 10.505 10.505 10.352 10.203 -9999 -9999 -9999
-9999 10.07 10.218 10.503 10.807 10.807 10.807 10.807 10.807 10.807 10.807 10.659 10.505 10.505 10.352 -9999 -9999
-9999 10.218 10.322 10.322 10.911 10.911 10.911 10.911 10.911 10.911 10.911 10.807 10.807 10.659 10.505 10.505 -9999
-9999 9.8941 9.9978 9.9978 10.711 11.015 11.015 11.015 11.015 11.015 11.015 10.911 10.911 10.807 10.807 10.659 -9999
-9999 9.3553 9.4584 9.5278 9.9373 11.118 11.118 11.118 11.118 11.118 11.118 11.015 11.015 10.911 10.911 10.807 10.659
-9999 9.4584 9.5559 9.6253 10.035 10.912 11.215 11.215 11.215 11.215 11.215 11.118 11.118 11.015 11.015 10.911 10.807
-9999 9.5559 9.653 9.7224 10.132 10.132 11.009 11.312 11.312 11.312 11.312 11.215 11.215 11.118 11.118 11.015 10.911
-9999 9.653 9.7496 9.7496 10.229 10.229 10.229 11.105 11.105 11.409 11.409 11.312 11.312 11.215 11.215 11.118 11.015
-9999 9.7496 9.8444 9.8444 10.323 10.323 10.323 10.323 10.323 11.2 11.2 11.409 11.409 11.312 11.312 11.215 11.118
-9999 9.8444 9.938 9.938 10.214 10.417 10.417 10.417 10.417 10.417 10.417 11.2 11.2 11.105 11.105 11.009 10.912
-9999 9.2547 9.3471 9.57 10.113 10.509 10.509 10.509 10.509 10.509 10.509 10.417 10.417 10.323 10.323 10.229 10.132
-9999 -9999 9.4221 9.6612 10.02 10.398 10.601 10.601 10.601 10.601 10.601 10.509 10.509 10.417 10.417 10.323 -9999
-9999 -9999 8.9173 9.7513 9.9309 10.458 10.691 10.691 10.691 10.691 10.691 10.601 10.601 10.509 10.509 10.417 -9999
-9999 -9999 9.0064 9.8404 10.547 10.547 10.577 10.78 10.78 10.78 10.78 10.691 10.691 10.601 10.601 -9999 -9999
-9999 -9999 -9999 9.9289 10.636 10.636 10.636 10.666 10.868 10.868 10.868 10.78 10.78 10.691 10.691 10.601 -9999
-9999 -9999 -9999 10.724 10.724 10.724 10.724 10.724 10.754 10.754 10.956 10.868 10.868 10.78 10.78 10.691 10.601
-9999 -9999 -9999 14.254 14.254 14.254 14.254 14.254 12.124 11.355 12.591 15.538 15.538 15.449 15.449 15.361 15.272
-9999 -9999 -9999 22.968 22.968 22.968 22.968 25.008 25.008 25.008 25.008 24.581 24.581 24.498 24.498 24.41 24.097
-9999 -9999 -9999 23.39 23.39 25.43 25.43 25.43 25.43 25.43 25.43 25.008 25.008 24.581 24.581 24.498 24.41
-9999 -9999 -9999 26.442 26.442 26.442 26.442 26.442 25.849 25.849 25.849 25.43 25.43 25.008 25.008 24.581 -9999
-9999 -9999 -9999 26.859 26.859 26.859 26.859 26.859 26.859 26.859 26.267 25.849 25.849 25.43 25.43 -9999 -9999
-9999 -9999 -9999 27.275 27.275 27.275 27.275 27.275 27.275 27.275 27.275 26.859 26.267 25.849 25.849 -9999 -9999
-9999 -9999 -9999 27.689 27.689 27.689 27.689 27.689 27.689 27.689 27.689 27.275 27.275 26.267 26.267 -9999 -9999
-9999 -9999 -9999 28.101 28.101 28.101 28.101 28.101 28.101 28.101 28.101 27.689 27.689 27.275 26.682 -9999 -9999
-9999 -9999 -9999 28.514 28.514 28.514 28.514 28.514 28.514 28.514 28.514 28.101 28.101 27.689 27.096 -9999 -9999
-9999 -9999 -9999 28.927 28.927 28.927 28.927 28.927 28.927 28.927 28.927 28.926 28.514 28.101 28.101 -9999 -9999
-9999 -9999 -9999 28.927 28.927 28.927 28.927 28.927 28.927 28.927 28.927 28.927 28.927 28.926 28.514 27.508 -9999
-9999 -9999 -9999 28.927 28.927 28.927 28.927 28.927 28.927 28.927 28.927 28.927 28.927 28.927 28.927 28.926 -9999
-9999 -9999 -9999 28.927 28.927 28.927 28.927 28.927 28.927 28.927 28.927 28.927 28.927 28.927 28.927 28.927 -9999
-9999 -9999 -9999 28.927 28.927 28.927 28.927 28.927 28.927 28.927 28.927 28.927 28.927 28.927 28.927 -9999 -9999
-9999 -9999 -9999 28.927 28.927 28.927 28.927 28.927 28.927 28.927 -9999 -9999 -9999 -9999 -9999 -9999 -9999
-9999 -9999 -9999 28.927 28.927 28.927 28.927 28.927 28.927 -9999 -9999 -9999 -9999 -9999 -9999 -9999 -9999
-9999 -9999 -9999 -9999 28.927 28.927 28.927 28.927 28.927 -9999 -9999 -9999 -9999 -9999 -9999 -9999 -9999
-9999 -9999 -9999 -9999 28.927 28.927 28.927 28.927 28.927 -9999 -9999 -9999 -9999 -9999 -9999 -9999 -9999
-9999 -9999 -9999 -9999 28.927 28.927 28.927 28.927 28.927 -9999 -9999 -9999 -9999 -9999 -9999 -9999 -9999
-9999 -9999 -9999 -9999 -9999 28.927 28.927 28.927 -9999 -9999 -9999 -9999 -9999 -9999 -9999 -9999 -9999
-9999 -9999 -9999 -9999 -9999 28.927 28.927 28.927 -9999 -9999 -9999 -9999 -9999 -9999 -9999 -9999 -9999
-9999 -9999 -9999 -9999 -9999 28.927 28.927 28.927 -9999 -9999 -9999 -9999 -9999 -9999 -9999 -9999 -9999
