outputs_txt/Phd_CSDMS_300k_ky_05_03_2024/Basin_5_RLF_1000.txt
ncols         17
nrows         48
xllcorner     3800.000000
yllcorner     0.000000
cellsize      200
NODATA_value  -9999
-9999 6.2593 6.2593 6.2593 6.2593 6.2593 5.8146 5.8146 5.8146 6.8272 5.8491 5.8491 5.8491 5.8491 -9999 -9999 -9999
-9999 6.6129 6.6129 6.6129 6.6129 6.6129 6.1682 6.1682 6.1682 7.1808 6.2735 6.2334 6.2334 6.2334 -9999 -9999 -9999
-9999 6.9337 6.9337 6.9337 6.9337 6.9337 6.4889 6.4889 6.4889 7.5015 6.5628 6.5842 6.5842 6.5842 -9999 -9999 -9999
-9999 7.1757 7.1757 7.1757 7.1757 7.1757 6.7309 6.7309 6.7309 7.7435 6.8655 6.8868 6.8868 6.8868 -9999 -9999 -9999
6.5357 7.4097 7.4097 7.4097 7.4097 7.4097 6.965 6.965 6.965 7.9776 7.1469 7.1682 7.1682 7.1682 7.1682 -9999 -9999
6.108 7.2041 7.2041 7.2041 7.2041 7.2041 6.411 6.411 6.6875 8.1997 7.4109 7.4322 7.4322 7.4322 7.4322 6.419 -9999
6.0123 6.7775 6.7775 6.7775 6.7775 6.6269 6.6269 6.6269 6.9034 8.4155 7.6624 7.6837 7.6837 7.6837 7.6837 6.5141 -9999
6.0123 6.9806 6.9806 6.9806 6.9806 6.83 6.83 6.83 6.83 7.8342 7.553 7.9259 7.9259 7.9259 7.9259 6.9134 -9999
-9999 7.1759 7.1759 7.1759 7.1759 7.0253 7.0253 7.0253 7.0253 7.0253 7.7854 8.1583 8.1583 8.1583 8.1583 -9999 -9999
-9999 7.3669 7.3669 7.3669 7.3669 6.6837 6.1376 6.1376 6.1376 6.1376 6.6089 8.3805 8.3805 8.3805 8.3805 -9999 -9999
-9999 7.5489 7.5489 7.5489 7.5489 6.8657 6.3196 6.3196 6.3196 6.3196 6.8221 8.5937 8.5937 8.5937 -9999 -9999 -9999
-9999 7.7252 7.7252 7.7252 7.7252 7.0419 6.2546 6.2546 6.2546 6.3382 7.0264 8.4944 8.4944 8.4944 8.4944 -9999 -9999
-9999 7.2136 7.2136 7.2136 7.2136 7.2136 6.1908 6.1908 6.1908 6.5099 7.2217 7.4033 7.8129 7.8129 7.8129 6.9882 -9999
-9999 7.3649 7.3649 7.3649 7.3649 7.3649 6.1346 6.1346 6.1346 6.6773 7.4091 7.5907 8.0003 8.0003 8.0003 7.1761 -9999
-9999 6.9334 6.9334 6.9334 6.9334 6.9334 6.0808 6.0808 6.0808 6.8407 7.0929 7.772 8.1815 8.1815 8.1815 7.3577 6.4533
-9999 7.093 7.093 7.093 7.093 7.093 6.0359 6.0359 6.0359 6.0359 7.2685 7.9476 8.3571 8.3571 8.3571 7.5338 6.6299
-9999 7.2498 7.2498 7.2498 7.2498 7.2498 5.9958 5.9958 5.9958 5.9958 6.4078 8.4443 8.8538 8.6914 8.5281 7.92 7.0159
-9999 6.7912 6.7912 6.7912 6.7912 6.7912 5.9573 5.9573 5.9573 5.9573 6.3405 8.3789 9.0129 8.6914 8.5281 7.92 7.0159
-9999 6.9428 6.9428 6.9428 6.9428 6.9428 5.9256 5.9256 5.9256 5.9256 6.2795 8.3857 9.1711 8.6914 8.5281 7.92 7.0159
-9999 6.9172 7.0652 7.0652 7.0652 7.0652 5.4671 5.4671 5.4671 5.4671 6.704 8.539 8.9685 8.4888 8.3254 7.7173 6.8132
-9999 6.7428 6.9951 6.9951 6.9951 6.9951 5.3744 5.3744 5.3744 5.3744 6.8082 8.539 8.7748 8.2951 8.1318 7.5236 6.6195
-9999 -9999 6.9298 6.9298 6.9298 6.9298 5.4443 5.4443 5.4443 5.4443 6.9119 8.539 8.5906 8.1109 7.9476 7.3394 -9999
-9999 -9999 6.8678 6.8678 6.8678 6.8678 5.3776 5.2461 5.2461 5.5056 7.015 8.672 8.5208 8.1753 7.813 7.4314 -9999
-9999 -9999 6.8041 6.8041 6.8041 6.8041 5.4751 5.3436 5.3436 5.6031 7.1125 8.672 8.3639 8.0184 7.6562 -9999 -9999
-9999 -9999 -9999 6.7598 6.7598 6.7598 5.5722 5.4504 5.4504 5.8605 7.2096 8.672 8.7275 8.382 8.0197 7.6381 -9999
-9999 -9999 -9999 5.6689 5.6689 5.6689 5.6689 5.5471 5.5471 6.5496 8.8539 9.3912 9.0483 8.7028 8.3405 7.9589 7.5464
-9999 -9999 -9999 5.6116 5.6116 5.6116 5.6116 5.6419 5.6419 6.9273 9.1672 9.3912 9.0483 8.7028 8.3405 7.9589 7.5464
-9999 -9999 -9999 5.6529 5.6529 5.6529 5.6529 5.7354 5.7354 7.0209 9.2608 9.4758 9.0483 8.7028 8.3405 7.9589 7.5464
-9999 -9999 -9999 5.3866 5.3866 5.3866 5.3866 5.8278 5.8278 7.1132 9.3531 9.5683 9.0483 8.7028 8.3405 7.9589 7.5464
-9999 -9999 -9999 5.3766 5.3766 5.3766 5.3766 5.919 5.919 7.2044 9.4443 9.6596 9.0483 8.7028 8.3405 7.9589 -9999
-9999 -9999 -9999 5.3634 5.3634 5.3634 5.3634 6.0091 6.3736 8.0371 9.5344 9.7097 9.0483 8.7028 8.3405 -9999 -9999
-9999 -9999 -9999 5.3536 5.3536 5.3536 5.4014 6.0981 6.4626 8.1261 9.6234 9.7097 8.9087 8.0756 7.2147 -9999 -9999
-9999 -9999 -9999 5.3439 5.3439 5.3439 5.49 6.1867 6.5512 8.2147 9.712 9.7097 8.9087 8.0756 7.9055 -9999 -9999
-9999 -9999 -9999 5.3345 5.3345 5.3345 5.3345 5.3345 6.6395 8.303 9.8003 10.396 10.064 9.7154 9.3435 -9999 -9999
-9999 -9999 -9999 14.254 14.254 14.254 14.254 14.254 12.124 11.355 12.591 15.21 14.877 14.529 14.157 -9999 -9999
-9999 -9999 -9999 22.968 22.968 22.968 22.968 25.008 25.008 25.008 25.008 24.17 23.837 23.489 23.117 -9999 -9999
-9999 -9999 -9999 23.39 23.39 23.987 23.987 25.43 25.43 25.43 25.43 24.17 23.837 23.489 23.117 22.708 -9999
-9999 -9999 -9999 26.442 26.442 26.442 26.442 26.442 25.849 25.849 25.849 24.17 23.837 23.489 23.117 22.708 -9999
-9999 -9999 -9999 26.859 26.859 26.859 26.859 26.859 26.267 26.267 26.267 24.17 23.837 23.489 23.117 22.708 -9999
-9999 -9999 -9999 27.275 27.275 27.275 27.275 27.275 26.682 26.682 26.682 24.17 23.837 23.489 23.117 -9999 -9999
-9999 -9999 -9999 27.689 27.689 27.689 27.689 27.689 27.096 27.096 -9999 -9999 -9999 -9999 -9999 -9999 -9999
-9999 -9999 -9999 28.101 28.101 28.101 28.101 28.101 27.508 -9999 -9999 -9999 -9999 -9999 -9999 -9999 -9999
-9999 -9999 -9999 -9999 28.514 28.514 28.514 28.514 27.921 -9999 -9999 -9999 -9999 -9999 -9999 -9999 -9999
-9999 -9999 -9999 -9999 28.927 28.927 28.927 28.927 28.335 -9999 -9999 -9999 -9999 -9999 -9999 -9999 -9999
-9999 -9999 -9999 -9999 28.927 28.927 28.927 28.927 26.891 -9999 -9999 -9999 -9999 -9999 -9999 -9999 -9999
-9999 -9999 -9999 -9999 -9999 28.927 28.927 28.927 -9999 -9999 -9999 -9999 -9999 -9999 -9999 -9999 -9999
-9999 -9999 -9999 -9999 -9999 19.199 19.199 19.199 -9999 -9999 -9999 -9999 -9999 -9999 -9999 -9999 -9999
-9999 -9999 -9999 -9999 -9999 18.748 18.748 18.748 -9999 -9999 -9999 -9999 -9999 -9999 -9999 -9999 -9999
