outputs_txt/Phd_CSDMS_300k_ky_05_03_2024/Basin_4_RLF_1000.txt
ncols         14
nrows         48
xllcorner     1600.000000
yllcorner     0.000000
cellsize      200
NODATA_value  -9999
6.0015 6.7103 7.3442 7.9484 7.9484 7.1834 5.7669 7.3085 7.3085 7.3085 7.3085 7.3085 -9999 -9999
6.0015 6.7103 7.3442 8.1913 8.1913 7.4263 6.0098 7.5514 7.5514 7.5514 7.5514 7.5514 -9999 -9999
6.8822 7.4385 7.9398 8.4259 8.4259 7.661 6.2444 7.7861 7.7861 7.7861 7.7861 7.7861 -9999 -9999
-9999 7.4385 7.9398 8.6324 8.6324 7.8674 6.4509 7.9925 7.9925 7.9925 7.9925 7.9925 -9999 -9999
-9999 7.4385 7.9398 8.8329 8.8329 8.0679 6.6513 8.193 8.193 8.193 8.193 -9999 -9999 -9999
6.8822 7.4385 8.1294 9.0238 9.0238 8.2588 6.8422 6.9688 6.9688 6.9688 6.9688 -9999 -9999 -9999
6.8822 7.4962 8.3918 9.2091 9.2091 8.4442 7.0276 6.1513 6.1513 6.1513 6.1513 -9999 -9999 -9999
-9999 6.7313 7.6269 8.6191 8.6191 8.6191 7.2025 6.1998 6.1632 6.1632 6.1632 -9999 -9999 -9999
-9999 -9999 7.587 8.2546 8.2546 7.1886 7.1886 6.3346 6.3346 6.3346 6.3346 6.3346 -9999 -9999
-9999 -9999 7.587 8.4176 8.4176 7.3516 7.3516 6.4976 6.4976 6.4976 6.4976 6.4976 -9999 -9999
-9999 -9999 6.5211 7.5095 7.5095 7.5095 7.5095 6.6555 6.6555 6.6555 6.6555 6.6555 -9999 -9999
-9999 -9999 6.5211 7.6637 7.6637 7.6637 7.6637 6.8096 6.8096 6.8096 6.8096 6.8096 -9999 -9999
-9999 -9999 7.4157 7.817 7.9598 7.9598 7.9598 7.1058 7.1058 7.1058 7.1058 7.1058 -9999 -9999
-9999 -9999 7.2207 7.622 7.9048 7.9048 7.9048 7.2457 7.2457 7.2457 7.2457 7.2457 -9999 -9999
-9999 6.4206 6.8389 7.2402 7.6615 7.6615 7.6615 6.7869 6.7869 6.7869 6.7869 6.7869 -9999 -9999
5.9721 6.4206 6.8389 7.2402 7.7973 7.7973 7.7973 6.9227 6.9227 6.9227 6.9227 6.9227 -9999 -9999
5.6561 6.1046 6.5229 6.9242 7.6144 7.6144 7.6144 6.8875 6.8875 6.8875 6.8875 6.8875 -9999 -9999
5.6561 6.1046 6.5229 6.9242 7.7452 7.7452 7.7452 6.8536 6.8536 6.8536 6.8536 6.8536 -9999 -9999
-9999 6.0718 6.4901 7.023 7.8416 7.9674 7.3861 7.2491 6.9525 6.9525 6.9525 6.9525 -9999 -9999
-9999 -9999 6.4901 7.023 7.8416 7.5125 7.5125 7.3756 6.6283 6.6283 6.6283 6.6283 -9999 -9999
-9999 -9999 -9999 6.6962 7.5148 7.6383 7.6383 7.5014 6.4739 5.7588 5.7588 5.7588 -9999 -9999
-9999 -9999 -9999 7.7134 8.532 9.0367 7.8876 7.7507 6.7231 5.9698 5.9698 5.9698 5.9698 -9999
-9999 -9999 -9999 7.7134 8.532 9.0367 8.0084 7.8715 6.8439 6.0906 6.0906 6.0906 6.0906 -9999
-9999 -9999 7.7874 7.7874 8.532 9.0367 8.1279 7.991 6.2101 6.2101 6.2101 6.2101 6.2101 -9999
-9999 -9999 8.1972 8.1972 8.532 9.0367 8.1093 8.1093 6.3284 6.3284 6.3284 6.3284 6.3284 6.3284
-9999 8.1809 8.5909 8.8716 8.8716 9.0367 8.2263 8.2263 6.4454 6.4454 6.4454 6.4454 6.4454 6.4454
-9999 8.1809 8.5909 9.1449 9.1449 9.1449 8.3425 8.3425 6.5184 5.938 5.4204 5.4204 5.4204 5.4204
7.7533 8.1809 8.5909 9.411 9.411 9.411 8.4576 6.6869 6.6336 6.0532 5.3024 5.3024 5.3024 5.3024
8.4534 8.8914 9.293 9.6726 9.8853 10.096 8.1016 6.915 6.8595 5.5305 5.5305 5.5305 5.5305 5.5305
8.4534 8.8914 9.293 9.6726 9.8853 10.196 8.2013 7.0147 6.9592 5.5681 5.5681 5.5681 5.5681 5.5681
-9999 7.1266 7.5282 7.9077 8.1205 8.4622 7.306 7.1138 6.3598 5.6672 5.6672 5.6672 5.6672 5.6672
6.6885 7.1266 7.5282 7.9077 8.1205 7.9603 6.4452 5.6286 5.6286 5.7654 5.7654 5.7654 5.7654 5.7654
6.6885 7.1266 7.5282 7.9077 8.1205 8.0574 6.5422 5.7256 5.7256 5.8624 5.8624 5.8624 5.8624 5.8624
6.6885 7.1266 7.5496 7.9985 8.4159 8.1544 6.6393 5.8227 5.8227 5.9595 5.9595 5.9595 5.9595 5.9595
-9999 11.638 12.061 12.51 12.928 13.426 13.426 12.096 12.61 12.61 12.61 12.61 12.61 12.61
-9999 -9999 25.172 25.621 26.039 27.005 27.005 22.884 22.821 24.559 24.559 24.559 24.559 24.559
-9999 -9999 25.172 25.621 26.039 27.467 27.467 23.346 23.283 25.021 25.021 25.021 25.021 25.021
-9999 -9999 25.172 25.621 26.039 27.926 27.926 25.863 26.364 26.364 26.364 26.364 26.364 26.364
-9999 -9999 25.172 25.621 26.039 28.381 28.381 26.319 26.82 26.82 26.82 26.82 26.82 26.82
-9999 -9999 25.172 25.621 26.039 28.835 28.835 26.772 27.273 27.273 27.273 27.273 27.273 27.273
-9999 -9999 -9999 -9999 -9999 -9999 29.286 27.224 27.725 27.725 27.725 27.725 27.725 -9999
-9999 -9999 -9999 -9999 -9999 -9999 29.735 27.672 28.173 28.173 28.173 28.173 28.173 -9999
-9999 -9999 -9999 -9999 -9999 -9999 -9999 28.122 28.622 28.622 28.622 28.622 -9999 -9999
-9999 -9999 -9999 -9999 -9999 -9999 -9999 28.571 29.072 29.072 29.072 29.072 -9999 -9999
-9999 -9999 -9999 -9999 -9999 -9999 -9999 28.571 29.072 29.072 29.072 29.072 -9999 -9999
-9999 -9999 -9999 -9999 -9999 -9999 -9999 -9999 29.072 29.072 29.072 -9999 -9999 -9999
-9999 -9999 -9999 -9999 -9999 -9999 -9999 -9999 -9999 19.332 -9999 -9999 -9999 -9999
-9999 -9999 -9999 -9999 -9999 -9999 -9999 -9999 -9999 18.867 -9999 -9999 -9999 -9999
