outputs_txt/Phd_CSDMS_300k_ky_05_03_2024/Basin_14_DEM.txt
ncols         22
nrows         48
xllcorner     13400.000000
yllcorner     0.000000
cellsize      200
NODATA_value  -9999
-32768 14.835 13.41 12.404 11.583 10.873 11.169 10.731 10.328 9.9552 9.6003 9.4708 10.629 12.05 14.058 13.464 12.043 14.051 14.439 15.445 16.354 -32768
-32768 15.73 13.718 12.297 11.136 10.237 9.7501 9.3116 8.9099 8.5368 8.1819 8.7614 9.9207 11.341 13.35 13.227 11.221 13.15 13.017 14.022 14.936 -32768
-32768 15.559 13.545 13.874 13.141 12.242 11.754 11.315 10.912 9.8911 7.8894 9.8901 11.184 11.607 13.611 12.517 10.51 11.146 11.856 12.862 -32768 -32768
15.438 14.134 12.123 11.868 11.896 11.393 10.931 10.503 10.1 9.6061 7.6052 8.3633 9.183 10.188 12.196 12.066 10.061 11.479 13.484 14.777 -32768 -32768
14.557 12.542 11.118 10.448 9.8903 9.3877 8.9267 8.4983 8.0965 7.7168 7.3438 8.3464 9.5046 10.923 12.927 11.657 9.6513 10.809 12.229 14.236 -32768 -32768
-32768 14.55 12.54 12.454 11.896 11.393 10.932 10.503 10.099 9.1363 7.1359 9.1368 10.51 10.933 12.935 11.284 9.2784 10.281 11.439 12.861 14.868 -32768
-32768 15.502 14.32 13.158 12.259 12.378 11.905 11.466 10.353 8.349 6.9308 7.689 8.5088 9.514 11.52 10.942 8.939 9.9412 11.099 12.519 14.527 -32768
-32768 14.322 12.312 11.149 10.25 10.373 9.8989 9.4613 10.156 8.1541 6.7358 7.8934 9.311 11.314 12.046 10.044 8.6255 9.6275 10.786 12.205 14.213 -32768
-32768 13.565 11.553 10.39 9.4903 8.9532 8.4796 8.0415 10.043 8.5493 6.5462 8.5467 9.4927 11.495 11.758 9.7541 8.3358 9.3378 10.496 11.915 13.922 -32768
-32768 14.766 13.56 12.397 11.498 10.956 9.6419 7.6399 9.6416 8.3624 6.3588 7.1777 8.0756 9.4969 11.499 10.068 8.0652 9.0673 10.225 11.645 13.653 -32768
-32768 13.484 12.039 11.806 11.843 9.8389 8.4189 7.2602 9.261 8.181 6.1778 7.3349 8.7529 10.756 11.23 9.2269 7.8082 8.9651 10.383 12.389 -32768 -32768
13.342 11.442 10.007 9.7858 9.8539 9.3894 8.9108 6.9106 8.3194 8.0002 6.0003 7.4177 9.4211 10.845 11.042 9.566 7.563 8.72 10.138 12.144 -32768 -32768
12.569 10.444 8.9987 8.3631 7.8446 7.3838 6.965 6.5711 6.3182 6.0709 5.8254 7.2431 9.2452 8.8437 9.0403 9.3272 7.3264 8.484 9.9024 11.905 -32768 -32768
-32768 12.193 10.164 9.7854 9.2648 8.8028 8.3838 8.575 8.3196 7.6834 5.6844 7.1024 9.1018 7.4255 7.6225 8.6657 7.0975 9.0973 9.9716 10.685 11.688 -32768
-32768 13.763 12.193 11.804 11.278 10.811 10.39 10.121 8.1201 6.7022 5.5444 7.5462 8.2684 6.2669 6.4647 6.6667 6.8715 7.39 7.9698 8.6799 9.6854 11.692
-32768 13.585 11.841 11.387 10.85 10.389 9.98 9.9825 7.9817 6.5639 5.4062 7.4086 8.0744 6.0737 8.0726 8.6675 8.8749 8.8081 9.3875 10.099 11.691 13.338
-32768 11.84 9.8344 9.3828 8.8463 8.3857 7.9763 8.1819 7.8193 7.2685 5.2697 7.2719 7.8832 5.883 7.0414 8.4592 10.459 10.81 11.389 12.104 13.34 -32768
-32768 10.683 8.6753 7.9651 7.4286 6.968 6.5582 6.1787 5.8179 5.4733 5.1338 7.1331 7.3423 5.6966 7.6958 8.4246 8.9639 9.5982 9.8345 11.839 -32768 -32768
-32768 11.839 9.8342 9.1227 8.8461 8.3862 8.5617 8.1807 7.8178 7.0074 5.0084 5.1753 5.3427 5.5116 5.9498 6.4232 6.9601 7.5952 8.4154 10.422 -32768 -32768
-32768 12.921 11.841 10.543 10.849 10.39 10.488 8.4882 7.0704 5.9117 4.9086 6.9069 7.3438 7.5151 7.3679 7.8408 8.3776 9.013 9.834 11.428 -32768 -32768
-32768 -32768 13.658 12.546 11.442 10.437 9.6184 8.907 8.2702 6.8111 4.8093 5.9675 7.385 9.3841 9.3726 9.8441 10.38 11.017 11.838 -32768 -32768 -32768
-32768 -32768 12.869 10.86 9.4387 8.4346 7.6152 6.9057 6.2713 6.7113 4.7108 6.7099 7.3464 8.7638 10.763 10.402 10.19 10.948 11.846 13.005 -32768 -32768
-32768 -32768 14.024 12.166 10.163 8.7461 7.5896 6.5879 5.6919 6.6101 4.6124 5.3703 6.1898 7.6098 9.6111 8.4001 8.1866 8.9447 9.8422 11.002 13.007 -32768
-32768 -32768 12.527 10.519 9.0973 7.9382 6.9349 6.0378 5.219 4.8646 4.5151 5.6716 7.0883 9.0882 8.9836 6.9819 7.5176 8.5197 9.6771 11.096 13.101 -32768
-32768 -32768 -32768 12.373 10.372 8.955 7.7986 6.7963 5.9775 6.4195 4.422 5.5789 6.9972 8.9978 8.5106 6.5084 7.4043 8.4062 9.5633 10.982 12.987 -32768
-32768 -32768 12.171 10.9 9.7387 8.8414 9.0588 8.795 7.7468 5.7474 4.3293 5.7466 7.7464 8.3101 8.1078 6.1069 7.0031 8.0053 9.163 10.582 -32768 -32768
-32768 -32768 10.899 8.8941 7.7351 6.838 7.0589 7.2426 6.8624 6.2357 4.2371 6.2353 6.6389 6.3086 7.1512 5.7519 6.7538 7.9106 9.3274 11.329 -32768 -32768
-32768 -32768 10.661 8.6551 7.237 6.0794 5.6416 5.24 4.8605 4.4998 4.1449 4.3903 4.6374 4.8903 5.1516 5.4219 6.3186 7.321 8.4786 9.8973 11.9 -32768
-32768 -32768 10.847 8.8414 7.4234 6.7144 7.6437 7.2417 6.8601 6.0598 4.0617 6.06 6.6389 6.8924 6.5687 6.0014 6.6358 7.3453 8.1646 9.1686 11.176 -32768
-32768 -32768 11.486 9.4799 8.3211 8.7188 9.5512 7.5541 6.1374 4.9802 3.9781 5.3961 7.3963 8.245 8.5675 8.0039 8.6367 9.3461 10.165 10.586 12.586 -32768
-32768 -32768 -32768 11.485 10.325 10.369 8.3708 6.9519 5.7936 4.7911 3.8954 5.8937 6.4786 6.2452 7.2023 7.6036 8.0423 8.6229 9.2937 10.116 11.611 -32768
-32768 -32768 11.904 10.196 9.7333 9.1732 8.775 8.2281 6.3636 4.9677 3.8129 4.1429 4.4775 4.8269 5.1997 5.6013 6.0393 6.6194 7.2891 8.1094 10.12 -32768
-32768 -32768 10.193 8.146 7.6919 7.1325 6.674 6.8148 6.4091 5.7315 3.7335 5.7315 6.4776 6.8291 6.6187 7.0181 6.7977 8.6202 9.2924 9.269 11.279 -32768
-32768 -32768 9.0116 6.978 6.266 5.7087 5.2355 4.8075 4.4059 4.0265 3.6539 4.8106 6.2257 8.2011 8.6383 9.0205 7.6177 8.6213 10.041 11.279 12.593 -32768
-32768 -32768 10.192 8.146 7.6925 7.1412 7.2469 6.8141 6.408 5.5744 3.5765 4.4722 5.4746 6.6332 8.0513 10.05 9.6232 10.628 12.051 -32768 -32768 -32768
-32768 -32768 11.533 10.194 9.7391 9.2218 8.9286 7.0509 5.6559 4.5017 3.4994 4.6326 5.9384 7.5511 8.5673 8.8714 9.4051 10.111 11.347 -32768 -32768 -32768
-32768 -32768 -32768 9.5369 8.4892 7.7617 7.1711 6.6589 6.1936 5.4207 3.423 5.4205 6.0701 6.4594 6.4033 6.7539 7.2862 7.9566 8.98 -32768 -32768 -32768
-32768 -32768 -32768 7.477 6.4582 5.7386 5.1492 4.6381 4.1819 3.7589 3.3463 3.6978 4.0546 4.43 4.835 5.2906 5.8206 6.4754 7.4163 -32768 -32768 -32768
-32768 -32768 -32768 16.425 14.931 14.218 13.443 14.743 14.245 12.882 3.2742 12.924 14.318 14.496 13.167 13.691 14.71 15.899 17.388 -32768 -32768 -32768
-32768 -32768 -32768 24.668 25.86 27.723 26.52 23.903 15.695 8.8404 2.9039 9.1054 16.531 25.577 25.6 24.141 27.266 27.841 24.942 -32768 -32768 -32768
-32768 -32768 -32768 -32768 -32768 -32768 -32768 25.432 15.428 8.3245 2.5368 8.3268 15.445 25.45 -32768 -32768 -32768 -32768 -32768 -32768 -32768 -32768
-32768 -32768 -32768 -32768 -32768 -32768 -32768 25.059 15.086 7.963 2.1717 8.0535 15.791 26.941 -32768 -32768 -32768 -32768 -32768 -32768 -32768 -32768
-32768 -32768 -32768 -32768 -32768 -32768 -32768 -32768 18.88 8.896 1.8083 8.8978 18.899 -32768 -32768 -32768 -32768 -32768 -32768 -32768 -32768 -32768
-32768 -32768 -32768 -32768 -32768 -32768 -32768 -32768 18.515 8.5366 1.4454 8.5367 18.532 -32768 -32768 -32768 -32768 -32768 -32768 -32768 -32768 -32768
-32768 -32768 -32768 -32768 -32768 -32768 -32768 -32768 18.134 8.1853 1.0837 8.1854 18.161 -32768 -32768 -32768 -32768 -32768 -32768 -32768 -32768 -32768
-32768 -32768 -32768 -32768 -32768 -32768 -32768 -32768 -32768 10.685 0.72353 10.685 -32768 -32768 -32768 -32768 -32768 -32768 -32768 -32768 -32768 -32768
-32768 -32768 -32768 -32768 -32768 -32768 -32768 -32768 -32768 -32768 0.36234 9.8659 -32768 -32768 -32768 -32768 -32768 -32768 -32768 -32768 -32768 -32768
-32768 -32768 -32768 -32768 -32768 -32768 -32768 -32768 -32768 -32768 0.00045557 0.00045797 -32768 -32768 -32768 -32768 -32768 -32768 -32768 -32768 -32768 -32768
