outputs_txt/Phd_CSDMS_300k_ky_05_03_2024/Basin_10_RLF_1000.txt
ncols         12
nrows         48
xllcorner     9800.000000
yllcorner     0.000000
cellsize      200
NODATA_value  -9999
-9999 -9999 8.014 8.014 8.014 8.014 7.0508 6.507 6.507 6.507 6.507 5.5783
-9999 -9999 8.2779 8.2779 8.2779 8.2779 7.3146 6.7708 6.7708 6.7708 6.7708 5.7351
-9999 7.4895 8.5239 8.5239 8.5239 8.5239 7.5607 7.0169 7.0169 7.0169 7.0169 5.9827
6.5192 7.7216 8.7554 8.7554 8.7554 8.7554 7.7922 7.2484 7.2484 7.2484 7.2484 -9999
-9999 7.9393 8.9746 8.9746 8.9746 8.9746 8.0114 7.4676 7.4676 7.4676 7.4676 -9999
-9999 -9999 9.1834 9.1834 9.1834 9.1834 8.2201 7.6763 7.6763 7.6763 7.6763 -9999
-9999 -9999 9.383 9.383 9.383 9.383 8.1085 7.1687 7.1687 7.1687 7.1687 -9999
-9999 -9999 9.3922 9.3922 9.3922 8.7142 7.4922 7.2915 7.2915 7.2915 7.2915 -9999
-9999 -9999 8.8994 8.8994 8.8994 8.8994 7.6773 7.2308 7.2308 7.2308 7.2308 -9999
-9999 -9999 7.7822 7.7822 7.7822 7.7822 7.7822 7.4095 7.4095 7.4095 7.4095 -9999
-9999 -9999 7.4774 7.4774 7.4774 7.4774 7.4774 7.3325 7.3325 7.3325 -9999 -9999
-9999 -9999 7.5194 7.5194 7.5194 7.5194 7.5194 7.2622 7.2622 7.2622 7.2622 -9999
-9999 -9999 7.5959 7.5959 7.5959 7.5959 7.5959 7.2 7.2 7.2 7.2 -9999
-9999 -9999 7.2024 7.2024 7.2024 7.2024 7.2024 7.1431 7.1431 7.1431 7.1431 -9999
-9999 -9999 7.3566 7.3566 7.3566 7.3566 7.3566 6.8971 6.8971 6.8971 6.8971 -9999
-9999 -9999 7.5079 7.5079 7.5079 7.5079 7.5079 7.0484 7.0484 7.0484 7.0484 -9999
-9999 -9999 7.3963 7.3963 7.3963 7.3963 7.3963 7.0064 7.0064 7.0064 7.0064 -9999
-9999 -9999 7.5413 7.5413 7.5413 7.5413 7.5413 6.9687 6.9687 6.9687 6.9687 -9999
-9999 -9999 7.6835 7.6835 7.6835 7.6835 7.6835 6.9346 6.9346 6.9346 -9999 -9999
-9999 -9999 7.2794 7.2794 7.2794 7.2794 7.2794 6.9031 6.9031 6.9031 -9999 -9999
-9999 -9999 7.3555 7.3555 7.3555 7.3555 7.3555 6.8738 6.8738 6.8738 -9999 -9999
-9999 -9999 7.3668 7.3668 7.3668 7.3668 7.3668 6.8471 6.8471 6.8471 -9999 -9999
-9999 -9999 7.4995 7.4995 7.4995 7.4995 7.4995 5.8029 5.802 5.802 -9999 -9999
-9999 -9999 7.5597 7.5597 7.5597 7.5597 7.5597 5.7798 5.7798 5.7798 -9999 -9999
-9999 -9999 -9999 7.6049 7.6049 7.6049 7.6049 5.7924 5.7924 5.7924 -9999 -9999
-9999 -9999 -9999 7.6079 7.6079 7.6079 7.6079 5.9189 5.9189 5.9189 -9999 -9999
-9999 -9999 -9999 7.5707 7.5707 7.5707 7.5707 6.0435 6.0435 6.0435 -9999 -9999
-9999 -9999 -9999 6.8802 6.8802 6.8802 6.8802 6.1667 6.1667 6.1667 6.1667 -9999
-9999 -9999 -9999 6.5335 6.5335 6.5335 6.5335 6.4096 6.4096 6.4096 6.2889 -9999
-9999 -9999 -9999 6.6523 6.6523 6.6523 6.6523 6.5495 6.5495 6.5495 6.31 -9999
-9999 -9999 6.7692 6.7692 6.7692 6.7692 6.7692 6.6665 6.6665 6.6665 6.31 -9999
-9999 -9999 6.8844 6.8844 6.8844 6.8844 6.8844 6.7816 6.7816 6.7816 6.31 -9999
-9999 -9999 6.9978 6.9978 6.9978 6.9978 6.9978 6.895 6.895 6.895 6.31 -9999
-9999 -9999 7.1105 7.1105 7.1105 7.1105 7.1105 7.0078 7.0078 7.0078 6.4788 -9999
-9999 -9999 14.418 14.418 14.418 14.418 14.418 12.705 12.705 12.705 12.068 -9999
-9999 -9999 17.178 17.178 22.937 24.62 24.62 24.62 24.62 24.62 23.435 -9999
-9999 -9999 17.719 17.719 23.478 25.161 25.161 25.161 25.161 25.161 23.435 -9999
-9999 -9999 18.254 18.254 24.013 25.697 25.697 25.697 25.697 25.697 23.435 -9999
-9999 -9999 18.784 18.784 24.543 26.227 26.227 26.227 26.227 26.227 23.435 -9999
-9999 -9999 -9999 19.309 25.068 26.752 26.752 26.752 26.752 26.752 23.435 -9999
-9999 -9999 -9999 19.829 25.588 27.271 27.271 27.271 27.271 -9999 -9999 -9999
-9999 -9999 -9999 20.347 26.105 27.789 27.789 27.789 27.789 -9999 -9999 -9999
-9999 -9999 -9999 20.862 26.621 28.305 28.305 28.305 28.305 -9999 -9999 -9999
-9999 -9999 -9999 21.377 27.136 28.819 28.819 28.819 28.819 -9999 -9999 -9999
-9999 -9999 -9999 -9999 26.631 26.631 26.631 26.631 -9999 -9999 -9999 -9999
-9999 -9999 -9999 -9999 26.062 26.062 26.062 -9999 -9999 -9999 -9999 -9999
-9999 -9999 -9999 -9999 -9999 25.501 -9999 -9999 -9999 -9999 -9999 -9999
-9999 -9999 -9999 -9999 -9999 24.981 -9999 -9999 -9999 -9999 -9999 -9999
