outputs_txt/Phd_CSDMS_0k_ky_05_03_2024/Basin_12_RLF_5000.txt
ncols         11
nrows         48
xllcorner     11800.000000
yllcorner     0.000000
cellsize      200
NODATA_value  -9999
-9999 -9999 49.144 49.144 49.144 49.144 49.144 49.144 49.144 -9999 -9999
-9999 -9999 49.827 49.827 49.827 49.827 49.827 49.827 49.827 -9999 -9999
-9999 -9999 51.162 51.162 51.162 51.162 51.162 51.162 51.162 -9999 -9999
-9999 51.797 51.797 51.797 51.797 51.797 51.797 51.797 51.797 -9999 -9999
-9999 52.425 52.425 52.425 52.425 52.425 52.425 52.425 52.425 -9999 -9999
-9999 53.041 53.041 53.041 53.041 53.041 53.041 53.041 53.041 -9999 -9999
-9999 53.647 53.647 53.647 53.647 53.647 53.647 53.647 53.647 53.647 -9999
-9999 54.244 54.244 54.244 54.244 54.244 54.244 54.244 54.244 -9999 -9999
-9999 54.833 54.833 54.833 54.833 54.833 54.833 54.833 54.833 -9999 -9999
-9999 55.415 55.415 55.415 55.415 55.415 55.415 55.415 55.415 55.415 -9999
55.988 55.988 55.988 55.988 55.988 55.988 55.988 55.988 55.988 -9999 -9999
-9999 56.555 56.555 56.555 56.555 56.555 56.555 56.555 56.555 -9999 -9999
-9999 57.115 57.115 57.115 57.115 57.115 57.115 57.115 57.115 -9999 -9999
-9999 57.671 57.671 57.671 57.671 57.671 57.671 57.671 57.671 -9999 -9999
-9999 58.221 58.221 58.221 58.221 58.221 58.221 58.221 58.221 58.221 -9999
-9999 58.769 58.769 58.769 58.769 58.769 58.769 58.769 58.769 58.769 -9999
-9999 59.312 59.312 59.312 59.312 59.312 59.312 59.312 59.312 -9999 -9999
-9999 59.851 59.851 59.851 59.851 59.851 59.851 59.851 59.851 -9999 -9999
60.386 60.386 60.386 60.386 60.386 60.386 60.386 60.386 60.386 -9999 -9999
60.918 60.918 60.918 60.918 60.918 60.918 60.918 60.918 60.918 60.918 -9999
61.446 61.446 61.446 61.446 61.446 61.446 61.446 61.446 61.446 61.446 61.446
61.97 61.97 61.97 61.97 61.97 61.97 61.97 61.97 61.97 61.97 -9999
62.495 62.495 62.495 62.495 62.495 62.495 62.495 62.495 62.495 62.495 62.495
63.019 63.019 63.019 63.019 63.019 63.019 63.019 63.019 63.019 63.019 -9999
63.019 63.019 63.019 63.019 63.019 63.019 63.019 63.019 63.019 63.019 63.019
63.019 63.019 63.019 63.019 63.019 63.019 63.019 63.019 63.019 63.019 63.019
63.019 63.019 63.019 63.019 63.019 63.019 63.019 63.019 63.019 63.019 63.019
-9999 63.019 63.019 63.019 63.019 63.019 63.019 63.019 63.019 63.019 -9999
-9999 63.019 63.019 63.019 63.019 63.019 63.019 63.019 59.061 59.061 -9999
-9999 59.054 59.054 59.054 59.054 59.054 59.054 59.054 59.054 59.054 -9999
-9999 58.976 58.976 59.054 59.054 59.054 59.054 59.054 59.054 -9999 -9999
-9999 58.72 58.72 58.72 58.72 58.72 58.72 58.72 58.72 -9999 -9999
-9999 58.72 58.72 58.72 58.72 58.72 58.72 58.72 55.34 -9999 -9999
-9999 53.807 53.807 55.34 55.34 55.34 55.34 55.34 55.34 -9999 -9999
-9999 53.807 53.807 53.807 53.807 53.807 53.807 53.038 53.038 -9999 -9999
-9999 53.038 53.038 53.038 53.038 53.038 53.038 53.038 -9999 -9999 -9999
-9999 -9999 52.16 52.16 52.16 52.16 52.16 52.16 -9999 -9999 -9999
-9999 -9999 51.705 51.705 51.705 51.705 51.705 51.705 -9999 -9999 -9999
-9999 -9999 -9999 51.705 51.705 51.705 51.705 51.705 -9999 -9999 -9999
-9999 -9999 -9999 51.705 51.705 51.705 51.705 51.705 -9999 -9999 -9999
-9999 -9999 -9999 51.705 51.705 51.705 51.705 51.705 -9999 -9999 -9999
-9999 -9999 -9999 51.705 51.705 51.705 51.705 51.705 -9999 -9999 -9999
-9999 -9999 -9999 51.705 51.705 51.705 51.705 51.705 -9999 -9999 -9999
-9999 -9999 -9999 51.705 51.705 51.705 51.705 51.705 -9999 -9999 -9999
-9999 -9999 -9999 51.705 51.705 51.705 51.705 51.705 -9999 -9999 -9999
-9999 -9999 -9999 -9999 51.705 51.705 51.705 -9999 -9999 -9999 -9999
-9999 -9999 -9999 -9999 51.705 51.705 -9999 -9999 -9999 -9999 -9999
-9999 -9999 -9999 -9999 46.532 46.532 -9999 -9999 -9999 -9999 -9999
