outputs_txt/Phd_CSDMS_0k_ky_05_03_2024/Basin_1_RLF_5000.txt
ncols         11
nrows         48
xllcorner     0.000000
yllcorner     0.000000
cellsize      200
NODATA_value  -9999
-9999 -9999 52.835 52.835 52.835 52.835 52.835 52.835 -9999 -9999 -9999
-9999 -9999 53.522 53.522 53.522 53.522 53.522 53.522 -9999 -9999 -9999
-9999 -9999 54.195 54.195 54.195 54.195 54.195 54.195 -9999 -9999 -9999
-9999 -9999 54.856 54.856 54.856 54.856 54.856 54.856 54.856 -9999 -9999
-9999 -9999 55.507 55.507 55.507 55.507 55.507 55.507 55.507 -9999 -9999
-9999 -9999 56.149 56.149 56.149 56.149 56.149 56.149 56.149 -9999 -9999
-9999 -9999 56.785 56.785 56.785 56.785 56.785 56.785 56.785 -9999 -9999
-9999 -9999 57.415 57.415 57.415 57.415 57.415 57.415 57.415 -9999 -9999
-9999 -9999 58.039 58.039 58.039 58.039 58.039 58.039 58.039 57.415 -9999
-9999 -9999 58.659 58.659 58.659 58.659 58.659 58.659 58.659 58.039 -9999
-9999 -9999 59.274 59.274 59.274 59.274 59.274 59.274 59.274 58.659 -9999
-9999 -9999 59.884 59.884 59.884 59.884 59.884 59.884 59.884 59.274 -9999
-9999 -9999 60.49 60.49 60.49 60.49 60.49 60.49 60.49 59.884 -9999
-9999 -9999 61.092 61.092 61.092 61.092 61.092 61.092 61.092 60.49 -9999
-9999 -9999 61.69 61.69 61.69 61.69 61.69 61.69 61.69 61.092 -9999
-9999 -9999 62.283 62.283 62.283 62.283 62.283 62.283 62.283 -9999 -9999
-9999 -9999 62.873 62.873 62.873 62.873 62.873 62.873 -9999 -9999 -9999
-9999 -9999 63.458 63.458 63.458 63.458 63.458 63.458 -9999 -9999 -9999
-9999 -9999 64.04 64.04 64.04 64.04 64.04 64.04 64.04 -9999 -9999
-9999 -9999 64.617 64.617 64.617 64.617 64.617 64.617 64.617 64.04 -9999
-9999 -9999 65.191 65.191 65.191 65.191 65.191 65.191 65.191 64.617 64.617
-9999 -9999 65.762 65.762 65.762 65.762 65.762 65.762 65.762 65.191 65.191
-9999 -9999 66.899 66.899 66.899 66.899 66.899 66.33 66.33 65.762 65.762
-9999 -9999 66.899 66.899 66.899 66.899 66.899 66.899 66.899 66.899 -9999
-9999 -9999 66.899 66.899 66.899 66.899 66.899 66.899 66.899 66.899 -9999
-9999 -9999 65.284 65.284 65.284 65.284 65.284 65.284 65.284 -9999 -9999
-9999 -9999 65.284 65.284 65.284 65.284 65.284 65.284 65.284 -9999 -9999
-9999 -9999 65.284 65.284 65.284 65.284 65.284 65.284 -9999 -9999 -9999
-9999 -9999 63.083 63.083 63.083 63.083 63.083 63.083 -9999 -9999 -9999
-9999 -9999 61.168 61.168 61.168 61.168 61.168 -9999 -9999 -9999 -9999
-9999 -9999 61.102 61.102 61.102 61.102 -9999 -9999 -9999 -9999 -9999
-9999 -9999 61.102 61.102 61.102 61.102 -9999 -9999 -9999 -9999 -9999
-9999 -9999 61.102 61.102 61.102 -9999 -9999 -9999 -9999 -9999 -9999
-9999 -9999 61.102 61.102 61.102 -9999 -9999 -9999 -9999 -9999 -9999
-9999 -9999 57.663 61.102 61.102 -9999 -9999 -9999 -9999 -9999 -9999
-9999 -9999 54.703 57.663 57.663 -9999 -9999 -9999 -9999 -9999 -9999
-9999 -9999 54.703 54.703 54.703 -9999 -9999 -9999 -9999 -9999 -9999
-9999 -9999 54.703 54.703 54.703 -9999 -9999 -9999 -9999 -9999 -9999
-9999 -9999 54.703 54.703 54.703 -9999 -9999 -9999 -9999 -9999 -9999
-9999 -9999 54.703 54.703 54.703 -9999 -9999 -9999 -9999 -9999 -9999
-9999 -9999 54.703 54.703 54.703 -9999 -9999 -9999 -9999 -9999 -9999
-9999 -9999 54.703 54.703 54.703 -9999 -9999 -9999 -9999 -9999 -9999
-9999 -9999 54.703 54.703 54.703 -9999 -9999 -9999 -9999 -9999 -9999
-9999 -9999 54.703 54.703 54.703 -9999 -9999 -9999 -9999 -9999 -9999
-9999 -9999 52.134 52.134 54.703 -9999 -9999 -9999 -9999 -9999 -9999
-9999 -9999 52.134 52.134 -9999 -9999 -9999 -9999 -9999 -9999 -9999
52.134 52.134 52.134 52.134 -9999 -9999 -9999 -9999 -9999 -9999 -9999
49.769 52.134 52.134 52.134 -9999 -9999 -9999 -9999 -9999 -9999 -9999
