outputs_txt/Phd_CSDMS_0k_ky_05_03_2024/Basin_14_RLF_2500.txt
ncols         21
nrows         48
xllcorner     13600.000000
yllcorner     0.000000
cellsize      200
NODATA_value  -9999
46.808 47.717 47.717 48.61 48.61 49.49 49.49 49.49 49.49 49.49 49.49 49.49 49.49 48.15 47.27 47.27 46.378 46.378 45.468 -9999 -9999
47.717 48.61 48.61 49.49 49.49 50.202 50.202 50.202 50.202 50.202 50.202 50.202 50.202 48.862 48.15 48.15 47.27 47.27 46.378 -9999 -9999
48.61 49.49 49.49 50.202 50.202 50.912 50.912 50.912 50.912 50.912 50.912 50.912 50.912 49.572 48.862 48.862 48.15 48.15 47.27 -9999 -9999
49.49 50.202 50.202 50.912 50.912 51.612 51.612 51.612 51.612 51.612 51.612 51.612 51.612 50.272 49.572 49.572 48.862 48.862 -9999 -9999 -9999
50.202 50.912 50.912 51.612 51.612 52.303 52.303 52.303 52.303 52.303 52.303 52.303 52.303 50.964 50.272 50.272 49.572 49.572 48.862 -9999 -9999
50.912 51.612 51.612 52.303 52.303 52.993 52.993 52.993 52.993 52.993 52.993 52.993 52.993 51.653 50.964 50.964 50.272 50.272 49.572 -9999 -9999
-9999 52.303 52.303 52.993 52.993 53.629 53.629 53.629 53.629 53.629 53.629 53.629 53.412 52.289 51.653 51.653 50.964 50.964 50.272 49.572 -9999
52.303 52.993 52.993 53.629 53.629 54.133 54.133 54.133 54.133 54.133 54.133 54.133 52.793 52.793 52.289 52.289 51.653 51.653 50.964 50.272 -9999
52.993 53.629 53.629 54.133 54.133 54.635 54.635 54.635 54.635 54.635 54.635 54.419 53.295 53.295 52.793 52.793 52.289 52.289 51.653 50.964 -9999
-9999 54.133 54.133 54.635 54.635 55.134 55.134 55.134 55.134 55.134 55.134 53.794 53.794 53.794 53.295 53.295 52.793 52.793 52.289 51.653 -9999
54.133 54.635 54.635 55.134 55.134 55.633 55.633 55.633 55.633 55.633 55.417 54.294 54.294 54.294 53.794 53.794 53.295 53.295 52.793 -9999 -9999
54.635 55.134 55.134 55.633 55.633 56.125 56.125 56.125 56.125 55.909 50.867 50.867 54.786 54.786 54.294 54.294 53.794 53.794 53.295 -9999 -9999
55.134 55.633 55.633 56.125 56.125 56.595 56.595 56.378 56.378 51.337 51.337 50.502 50.502 50.502 54.786 54.786 54.294 54.294 53.794 -9999 -9999
55.633 56.125 56.125 56.595 56.595 56.848 56.848 51.807 51.807 51.807 51.807 50.972 50.972 50.972 50.502 50.502 50.032 50.032 49.54 49.041 -9999
-9999 56.378 56.378 56.848 56.848 52.272 52.272 52.272 52.272 52.272 51.437 51.437 51.437 51.437 50.972 50.972 50.502 50.502 50.032 49.54 48.542
-9999 51.807 51.807 52.272 52.272 52.74 52.74 52.74 52.74 51.145 51.905 51.905 51.905 51.905 51.437 51.437 50.972 50.972 50.502 50.032 -9999
51.807 52.272 52.272 52.74 52.74 53.16 53.16 51.566 51.566 51.566 50.749 52.326 52.326 52.326 51.905 51.905 51.437 51.437 50.972 -9999 -9999
52.272 52.74 52.74 53.16 53.16 51.992 51.992 51.992 51.992 48.393 49.72 51.175 51.175 52.751 52.326 52.326 51.905 51.905 51.437 -9999 -9999
51.145 51.566 51.566 51.992 51.992 52.412 52.412 48.715 48.715 48.642 48.814 50.14 50.14 51.595 51.175 52.751 52.326 52.326 51.905 -9999 -9999
-9999 51.992 51.992 52.412 52.412 49.134 49.134 49.061 49.061 49.061 46.46 49.233 49.233 50.56 50.14 51.595 51.175 51.175 -9999 -9999 -9999
-9999 -9999 48.715 49.134 49.134 49.468 49.468 49.468 48.316 46.867 46.867 46.867 46.867 49.639 49.233 50.56 50.14 50.14 -9999 -9999 -9999
-9999 49.061 49.061 49.468 49.468 49.878 48.726 47.277 47.277 47.277 47.277 47.277 47.277 47.277 46.867 49.639 49.233 49.233 48.814 -9999 -9999
-9999 -9999 48.316 48.726 48.726 46.604 47.225 47.677 47.677 47.677 47.677 47.677 47.677 47.677 47.277 47.277 46.867 46.867 46.46 46.041 -9999
-9999 46.204 46.204 46.604 46.604 47.005 47.626 48.078 48.078 48.078 48.078 48.078 48.078 48.078 47.677 47.677 47.277 47.277 46.867 46.46 -9999
-9999 -9999 46.604 47.005 47.005 47.402 48.022 48.474 48.474 48.474 48.474 48.474 48.474 48.474 48.078 48.078 47.677 47.677 47.277 46.867 -9999
-9999 -9999 47.005 47.402 47.402 47.796 48.417 48.869 48.869 48.869 48.869 48.869 48.869 48.869 48.474 48.474 48.078 48.078 47.677 -9999 -9999
-9999 -9999 47.402 47.796 47.796 48.188 48.188 49.261 49.261 49.261 49.261 49.261 49.261 49.261 48.869 48.869 48.474 48.474 48.078 -9999 -9999
-9999 47.796 47.796 48.188 48.188 48.577 48.577 49.65 49.65 49.65 49.65 49.65 49.65 49.65 49.261 49.261 48.869 48.869 48.474 -9999 -9999
-9999 48.188 48.188 48.577 48.577 48.964 48.964 49.424 50.037 50.037 50.037 50.037 50.037 50.037 49.65 49.65 49.261 49.261 48.869 48.474 -9999
-9999 -9999 48.577 48.964 48.964 49.35 49.35 49.35 50.423 50.423 50.423 50.423 50.423 50.423 50.037 50.037 49.65 49.65 -9999 -9999 -9999
-9999 -9999 -9999 -9999 49.35 49.734 49.734 49.734 50.193 50.807 50.807 50.807 50.807 50.807 50.423 50.423 50.037 -9999 -9999 -9999 -9999
-9999 -9999 -9999 -9999 49.734 50.117 50.117 50.117 50.117 51.189 51.189 51.189 51.189 51.189 50.807 50.807 50.423 -9999 -9999 -9999 -9999
-9999 -9999 -9999 -9999 50.117 50.498 50.498 50.498 48.785 50.958 51.571 51.571 51.571 51.571 51.189 51.189 50.807 -9999 -9999 -9999 -9999
-9999 -9999 -9999 -9999 50.498 50.878 49.164 49.164 49.164 49.164 51.338 51.951 51.951 51.951 51.571 51.571 -9999 -9999 -9999 -9999 -9999
-9999 -9999 -9999 -9999 49.164 49.545 49.545 49.545 49.253 49.253 49.253 51.718 51.718 52.332 -9999 -9999 -9999 -9999 -9999 -9999 -9999
-9999 -9999 -9999 -9999 -9999 49.927 49.635 49.635 49.635 46.682 46.682 46.682 46.682 52.1 -9999 -9999 -9999 -9999 -9999 -9999 -9999
-9999 -9999 -9999 -9999 -9999 49.635 49.635 45.772 45.772 46.682 46.682 46.682 46.682 -9999 -9999 -9999 -9999 -9999 -9999 -9999 -9999
-9999 -9999 -9999 -9999 -9999 45.772 45.772 45.772 45.772 45.772 46.682 46.682 46.682 -9999 -9999 -9999 -9999 -9999 -9999 -9999 -9999
-9999 -9999 -9999 -9999 -9999 45.772 45.772 45.772 45.772 45.772 45.75 46.682 46.682 -9999 -9999 -9999 -9999 -9999 -9999 -9999 -9999
-9999 -9999 -9999 -9999 -9999 45.772 45.772 45.772 45.75 45.75 45.75 41.554 41.554 -9999 -9999 -9999 -9999 -9999 -9999 -9999 -9999
-9999 -9999 -9999 -9999 -9999 -9999 45.75 45.75 45.75 41.554 41.554 41.554 41.554 -9999 -9999 -9999 -9999 -9999 -9999 -9999 -9999
-9999 -9999 -9999 -9999 -9999 -9999 45.75 39.344 39.059 39.059 41.554 41.554 -9999 -9999 -9999 -9999 -9999 -9999 -9999 -9999 -9999
-9999 -9999 -9999 -9999 -9999 -9999 -9999 39.059 39.059 39.059 39.059 39.059 -9999 -9999 -9999 -9999 -9999 -9999 -9999 -9999 -9999
-9999 -9999 -9999 -9999 -9999 -9999 -9999 39.059 39.059 39.059 39.059 39.059 -9999 -9999 -9999 -9999 -9999 -9999 -9999 -9999 -9999
-9999 -9999 -9999 -9999 -9999 -9999 -9999 35.792 36.246 39.059 39.059 39.059 -9999 -9999 -9999 -9999 -9999 -9999 -9999 -9999 -9999
-9999 -9999 -9999 -9999 -9999 -9999 -9999 -9999 35.792 35.792 36.246 -9999 -9999 -9999 -9999 -9999 -9999 -9999 -9999 -9999 -9999
-9999 -9999 -9999 -9999 -9999 -9999 -9999 -9999 -9999 32.894 32.894 -9999 -9999 -9999 -9999 -9999 -9999 -9999 -9999 -9999 -9999
-9999 -9999 -9999 -9999 -9999 -9999 -9999 -9999 -9999 32.491 32.491 -9999 -9999 -9999 -9999 -9999 -9999 -9999 -9999 -9999 -9999
