outputs_txt/Phd_CSDMS_0k_ky_05_03_2024/Basin_1_RLF_1000.txt
ncols         11
nrows         48
xllcorner     0.000000
yllcorner     0.000000
cellsize      200
NODATA_value  -9999
-9999 -9999 22.51 26.58 26.58 26.58 26.58 26.58 -9999 -9999 -9999
-9999 -9999 24.454 28.524 28.524 28.524 28.524 28.524 -9999 -9999 -9999
-9999 -9999 26.239 30.309 30.309 30.309 30.309 30.309 -9999 -9999 -9999
-9999 -9999 28.17 32.24 32.24 32.24 32.24 31.969 31.969 -9999 -9999
-9999 -9999 30.118 34.189 34.189 34.189 34.189 33.548 33.548 -9999 -9999
-9999 -9999 29.283 31.024 34.423 34.423 34.423 33.46 33.46 -9999 -9999
-9999 -9999 27.687 28.687 36.185 36.185 36.185 34.82 34.82 -9999 -9999
-9999 -9999 26.453 27.924 37.873 37.873 37.873 36.135 36.135 -9999 -9999
-9999 -9999 25.463 27.391 37.293 37.293 37.293 35.207 35.207 35.207 -9999
-9999 -9999 24.659 27.752 36.958 36.958 36.958 36.776 35.666 34.546 -9999
-9999 -9999 23.986 29.287 36.685 38.427 38.427 37.802 35.6 34.48 -9999
-9999 -9999 23.69 30.787 37.452 39.927 39.927 38.88 35.6 34.48 -9999
-9999 -9999 22.963 32.22 32.498 40.781 40.781 38.88 35.6 34.48 -9999
-9999 -9999 27.776 33.055 33.333 41.616 41.616 38.88 35.6 34.48 -9999
-9999 -9999 28.595 33.874 34.152 42.435 42.435 38.88 35.6 34.48 -9999
-9999 -9999 29.398 34.677 34.677 39.799 39.799 35.441 32.161 -9999 -9999
-9999 -9999 30.189 35.468 35.468 35.674 37.63 32.481 -9999 -9999 -9999
-9999 -9999 30.968 36.247 36.247 36.453 38.409 32.481 -9999 -9999 -9999
-9999 -9999 31.742 37.021 37.021 37.227 39.183 32.836 32.836 -9999 -9999
-9999 -9999 32.51 37.789 37.789 37.995 39.951 38.312 36.65 34.895 -9999
-9999 -9999 33.198 38.477 38.477 38.683 40.639 38.312 36.65 34.895 31.089
-9999 -9999 33.885 38.166 38.166 39.371 41.327 38.312 36.65 34.895 31.089
-9999 -9999 33.765 33.765 38.805 40.043 41.999 38.312 36.65 34.895 31.089
-9999 -9999 33.616 33.616 37.726 40.704 42.66 38.312 36.65 34.895 -9999
-9999 -9999 29.596 32.895 38.377 40.743 43.312 38.835 36.65 34.895 -9999
-9999 -9999 29.178 33.537 39.019 41.385 41.385 36.266 34.082 -9999 -9999
-9999 -9999 29.814 34.173 39.655 42.021 42.021 36.266 34.082 -9999 -9999
-9999 -9999 30.444 34.803 40.285 42.651 42.651 36.869 -9999 -9999 -9999
-9999 -9999 31.068 35.427 40.909 43.275 43.275 36.869 -9999 -9999 -9999
-9999 -9999 31.688 36.047 41.529 41.529 41.529 -9999 -9999 -9999 -9999
-9999 -9999 32.303 36.662 41.48 41.48 -9999 -9999 -9999 -9999 -9999
-9999 -9999 32.913 37.272 37.272 37.272 -9999 -9999 -9999 -9999 -9999
-9999 -9999 33.52 37.379 37.379 -9999 -9999 -9999 -9999 -9999 -9999
-9999 -9999 34.121 34.121 34.121 -9999 -9999 -9999 -9999 -9999 -9999
-9999 -9999 27.703 27.703 27.703 -9999 -9999 -9999 -9999 -9999 -9999
-9999 -9999 27.684 27.684 27.684 -9999 -9999 -9999 -9999 -9999 -9999
-9999 -9999 21.877 21.877 21.877 -9999 -9999 -9999 -9999 -9999 -9999
-9999 -9999 21.86 21.86 21.86 -9999 -9999 -9999 -9999 -9999 -9999
-9999 -9999 21.816 21.816 21.816 -9999 -9999 -9999 -9999 -9999 -9999
-9999 -9999 21.773 21.773 21.773 -9999 -9999 -9999 -9999 -9999 -9999
-9999 -9999 21.733 21.733 21.733 -9999 -9999 -9999 -9999 -9999 -9999
-9999 -9999 21.694 21.694 21.694 -9999 -9999 -9999 -9999 -9999 -9999
-9999 -9999 22.227 22.227 22.227 -9999 -9999 -9999 -9999 -9999 -9999
-9999 -9999 21.627 21.627 21.627 -9999 -9999 -9999 -9999 -9999 -9999
-9999 -9999 21.032 21.032 21.032 -9999 -9999 -9999 -9999 -9999 -9999
-9999 -9999 20.442 20.442 -9999 -9999 -9999 -9999 -9999 -9999 -9999
19.855 19.855 19.855 19.855 -9999 -9999 -9999 -9999 -9999 -9999 -9999
19.273 19.273 19.273 19.273 -9999 -9999 -9999 -9999 -9999 -9999 -9999
