outputs_txt/Phd_CSDMS_0k_ky_05_03_2024/Basin_7_DEM.txt
ncols         7
nrows         35
xllcorner     6400.000000
yllcorner     0.000000
cellsize      200
NODATA_value  -9999
-32768 -32768 -32768 60.122 55.714 -32768 -32768
-32768 -32768 60.086 50.265 45.796 55.618 -32768
-32768 -32768 54.397 44.458 39.956 49.884 -32768
-32768 -32768 53.728 43.834 36.76 46.691 -32768
-32768 -32768 51.083 41.155 34.058 43.983 -32768
-32768 -32768 50.252 41.619 31.676 38.772 48.61
-32768 -32768 40.385 34.545 29.52 36.605 46.492
-32768 -32768 44.589 34.718 27.649 34.733 44.627
-32768 -32768 38.804 31.702 25.919 33.002 42.904
-32768 47.118 37.187 30.103 24.325 31.408 41.334
-32768 45.586 35.688 28.613 22.838 29.922 39.814
-32768 39.336 32.231 26.445 21.44 28.524 38.441
-32768 38.024 30.919 25.133 20.129 27.212 37.134
-32768 41.585 31.726 24.66 18.888 25.972 35.897
-32768 35.595 28.491 22.705 17.7 24.784 34.713
44.376 34.431 27.347 21.569 16.567 23.65 33.583
43.291 33.344 26.26 20.482 15.48 22.563 32.499
42.249 32.3 25.216 19.437 14.435 21.519 31.457
41.245 31.292 24.208 18.43 13.428 20.511 30.452
40.273 30.318 23.234 17.456 12.454 19.537 29.481
39.333 29.375 22.29 16.512 11.51 18.593 28.54
38.509 28.513 21.403 15.602 10.594 17.677 27.626
-32768 33.516 26.719 16.778 9.7036 16.787 26.737
-32768 -32768 25.853 15.912 8.8288 15.912 25.865
-32768 -32768 24.972 15.053 7.97 15.053 25.008
-32768 -32768 24.136 14.222 7.1264 14.21 24.166
-32768 -32768 -32768 16.273 6.2973 13.38 23.339
-32768 -32768 -32768 15.46 5.4775 12.56 22.521
-32768 -32768 -32768 14.642 4.6683 11.751 21.714
-32768 -32768 -32768 13.835 3.8693 10.952 20.917
-32768 -32768 -32768 13.039 3.0801 10.163 20.134
-32768 -32768 -32768 12.253 2.3004 9.3958 19.311
-32768 -32768 -32768 11.472 1.5299 11.487 -32768
-32768 -32768 -32768 -32768 0.7645 9.891 -32768
-32768 -32768 -32768 -32768 0.00097866 0.00061916 -32768
