outputs_txt/Phd_CSDMS_0k_ky_05_03_2024/Basin_4_RLF_1000.txt
ncols         14
nrows         48
xllcorner     1600.000000
yllcorner     0.000000
cellsize      200
NODATA_value  -9999
26.738 30.31 33.505 36.547 36.547 35.951 28.917 36.587 36.587 36.587 36.587 36.587 -9999 -9999
26.738 30.31 33.505 37.769 37.769 37.173 30.139 37.809 37.809 37.809 37.809 37.809 -9999 -9999
30.89 33.813 36.428 38.952 38.952 38.355 31.321 38.992 38.992 38.992 38.992 38.992 -9999 -9999
-9999 33.813 36.428 39.994 39.994 39.397 32.363 40.034 40.034 40.034 40.034 40.034 -9999 -9999
-9999 33.813 36.52 41.008 41.008 40.412 33.378 41.048 41.048 41.048 41.048 41.048 -9999 -9999
-9999 33.813 37.5 41.972 41.972 41.375 34.341 34.988 34.988 34.988 34.988 -9999 -9999 -9999
-9999 34.313 38.81 42.909 42.909 42.313 35.279 31.417 31.417 31.417 31.417 -9999 -9999 -9999
-9999 33.716 38.213 43.194 43.194 43.194 36.16 32.298 32.298 32.298 32.298 -9999 -9999 -9999
-9999 -9999 33.676 37.026 37.026 37.026 35.933 33.164 33.164 33.164 33.164 33.164 -9999 -9999
-9999 -9999 33.676 37.847 37.847 37.847 36.754 32.486 32.486 32.486 32.486 32.486 -9999 -9999
-9999 -9999 33.67 38.636 38.636 38.636 37.549 33.282 33.282 33.282 33.282 33.282 -9999 -9999
-9999 -9999 33.67 39.412 39.412 39.412 38.326 34.058 34.058 34.058 34.058 34.058 -9999 -9999
-9999 -9999 37.075 39.099 39.818 39.818 39.818 35.551 35.551 35.551 35.551 35.551 -9999 -9999
-9999 -9999 36.014 38.038 39.461 39.461 39.461 36.255 36.255 36.255 36.255 36.255 -9999 -9999
-9999 -9999 34.238 36.262 38.384 38.384 38.384 33.881 33.881 33.881 33.881 33.881 -9999 -9999
-9999 32.127 34.238 36.262 39.068 39.068 39.068 34.565 34.565 34.565 34.565 34.565 -9999 -9999
28.068 30.332 32.444 34.468 37.943 37.943 37.943 34.443 34.443 34.443 34.443 34.443 -9999 -9999
28.068 30.332 32.444 34.468 38.601 38.601 38.601 34.244 34.244 34.244 34.244 34.244 -9999 -9999
-9999 28.73 30.841 33.535 37.648 37.079 37.079 36.409 34.738 34.738 34.738 34.738 -9999 -9999
-9999 -9999 30.841 33.535 37.648 37.716 37.716 37.047 33.099 33.099 33.099 33.099 -9999 -9999
-9999 -9999 -9999 33.535 37.648 38.352 38.352 37.682 33.649 33.649 33.649 33.649 33.649 -9999
-9999 -9999 -9999 38.595 42.707 45.252 39.607 38.938 34.904 34.904 34.904 34.904 34.904 -9999
-9999 -9999 -9999 38.595 42.707 45.252 40.213 39.543 35.509 35.509 35.509 35.509 35.509 -9999
-9999 -9999 38.857 38.857 42.707 45.252 40.812 40.142 36.109 36.109 36.109 36.109 36.109 36.109
-9999 -9999 40.924 40.924 42.707 45.252 40.735 40.735 36.702 36.702 36.702 36.702 36.702 36.702
-9999 40.839 42.906 44.314 44.314 45.252 41.322 41.322 32.192 30.326 30.326 30.326 30.326 30.326
-9999 40.839 42.906 45.692 45.692 45.692 41.905 41.905 32.775 29.82 28.78 28.78 28.78 28.78
38.688 40.839 42.906 47.033 47.033 47.033 42.464 33.561 33.353 30.399 29.359 29.359 29.359 29.359
41.06 43.762 46.145 48.349 49.462 50.566 40.77 34.704 34.444 27.216 27.216 27.216 27.216 27.216
41.06 43.762 46.145 48.349 49.462 51.069 41.274 35.207 34.948 27.693 27.693 27.693 27.693 27.693
-9999 34.726 37.109 39.313 40.426 42.535 36.761 35.709 31.971 28.195 28.195 28.195 28.195 28.195
-9999 34.659 37.042 39.246 40.359 39.875 36.252 27.96 27.96 28.691 28.691 28.691 28.691 28.691
-9999 31.791 34.173 36.378 37.49 40.366 36.743 28.451 28.451 29.183 29.183 29.183 29.183 29.183
-9999 31.791 34.173 36.378 37.49 40.853 37.23 28.938 28.938 29.669 29.669 29.669 29.669 29.669
-9999 -9999 33.952 36.157 37.269 41.335 37.712 29.42 29.42 30.151 30.151 30.151 30.151 30.151
-9999 -9999 -9999 -9999 -9999 -9999 38.19 29.898 29.898 30.629 30.629 30.629 30.629 30.629
-9999 -9999 -9999 -9999 -9999 -9999 38.664 30.372 30.372 31.103 31.103 31.103 31.103 31.103
-9999 -9999 -9999 -9999 -9999 -9999 39.135 30.842 30.842 31.574 31.574 31.574 31.574 31.574
-9999 -9999 -9999 -9999 -9999 -9999 39.604 31.311 31.311 31.615 31.615 31.615 31.615 31.615
-9999 -9999 -9999 -9999 -9999 -9999 26.696 26.696 26.696 31.586 31.586 31.586 31.586 -9999
-9999 -9999 -9999 -9999 -9999 -9999 26.621 26.621 26.621 31.559 31.559 31.559 31.559 -9999
-9999 -9999 -9999 -9999 -9999 -9999 -9999 26.576 26.576 31.534 31.534 31.534 -9999 -9999
-9999 -9999 -9999 -9999 -9999 -9999 -9999 26.54 26.54 31.569 31.569 31.569 -9999 -9999
-9999 -9999 -9999 -9999 -9999 -9999 -9999 26.512 26.542 26.542 26.542 26.542 -9999 -9999
-9999 -9999 -9999 -9999 -9999 -9999 -9999 26.056 26.092 26.092 26.092 26.092 -9999 -9999
-9999 -9999 -9999 -9999 -9999 -9999 -9999 -9999 19.827 19.827 19.827 -9999 -9999 -9999
-9999 -9999 -9999 -9999 -9999 -9999 -9999 -9999 -9999 19.37 -9999 -9999 -9999 -9999
-9999 -9999 -9999 -9999 -9999 -9999 -9999 -9999 -9999 18.896 -9999 -9999 -9999 -9999
