outputs_txt/Phd_CSDMS_0k_ky_05_03_2024/Basin_10_RLF_2500.txt
ncols         10
nrows         48
xllcorner     10200.000000
yllcorner     0.000000
cellsize      200
NODATA_value  -9999
-9999 41.225 41.225 41.225 41.225 41.225 41.225 41.225 41.225 40.256
-9999 42.16 42.16 42.16 42.16 42.16 42.16 42.16 42.16 41.225
-9999 43.064 43.064 43.064 43.064 43.064 43.064 43.064 43.064 42.16
-9999 43.94 43.94 43.94 43.94 43.94 43.94 43.94 43.94 -9999
-9999 44.791 44.791 44.791 44.791 44.791 44.791 44.791 44.791 -9999
-9999 45.619 45.619 45.619 45.619 45.619 45.619 45.619 45.619 -9999
-9999 46.425 46.425 46.425 46.425 46.425 46.425 46.425 46.425 -9999
-9999 47.214 47.214 47.214 47.214 47.214 47.214 47.214 47.214 -9999
-9999 47.986 47.986 47.986 47.986 47.986 47.986 47.986 47.986 -9999
-9999 48.743 48.743 48.743 48.743 48.743 48.743 48.743 48.743 -9999
-9999 49.486 49.486 49.486 49.486 49.486 49.486 49.486 -9999 -9999
-9999 50.215 50.215 50.215 50.215 50.215 50.215 50.215 50.215 -9999
-9999 49.497 49.497 50.93 50.93 50.93 50.93 50.93 50.93 -9999
-9999 50.2 50.2 50.2 50.2 51.634 51.634 51.634 51.634 -9999
-9999 49.011 49.011 49.011 49.011 49.061 49.061 49.061 49.061 -9999
-9999 47.238 47.238 47.238 47.492 47.492 47.492 47.492 47.492 -9999
-9999 46.725 47.907 47.907 47.907 47.907 47.907 47.907 47.907 -9999
-9999 46.171 47.382 47.382 48.563 48.563 48.563 48.563 48.563 -9999
-9999 45.682 46.816 46.816 48.028 48.028 48.028 48.028 -9999 -9999
-9999 45.222 46.322 46.322 47.456 47.456 47.456 47.456 -9999 -9999
-9999 44.449 46.48 46.48 47.579 47.579 47.579 47.579 -9999 -9999
-9999 45.065 45.065 45.065 47.096 47.096 47.096 47.096 -9999 -9999
-9999 44.674 45.672 45.672 45.672 45.672 45.672 45.672 -9999 -9999
-9999 44.337 45.272 45.272 46.269 46.269 46.269 46.269 -9999 -9999
-9999 44.022 44.926 44.926 45.861 45.861 45.861 45.861 -9999 -9999
-9999 43.728 44.604 44.604 45.509 45.509 45.509 45.509 -9999 -9999
-9999 43.453 44.304 44.304 45.18 45.18 45.18 45.18 -9999 -9999
-9999 43.207 44.024 44.024 44.875 44.875 44.875 44.875 44.304 -9999
-9999 39.609 43.773 43.773 44.589 44.589 44.589 44.589 44.024 -9999
-9999 39.356 39.356 39.356 44.333 44.333 44.333 44.333 43.773 -9999
-9999 39.049 39.049 39.049 39.049 39.049 39.049 39.049 38.494 -9999
38.846 38.846 38.846 38.846 38.846 38.846 38.821 38.821 38.271 -9999
38.618 38.618 38.618 38.618 38.618 38.618 38.571 38.571 38.026 -9999
-9999 39.108 39.108 39.108 39.108 39.108 39.108 39.108 38.565 -9999
-9999 39.65 39.65 39.65 39.65 39.65 39.65 39.65 39.108 -9999
-9999 40.192 40.192 40.192 40.192 40.192 40.192 40.192 39.65 -9999
-9999 40.192 40.192 40.192 40.192 40.192 40.192 40.192 -9999 -9999
-9999 40.192 40.192 40.192 40.192 40.192 40.192 40.192 -9999 -9999
-9999 40.095 40.192 40.192 40.192 40.192 40.192 40.192 -9999 -9999
-9999 40.095 40.095 40.095 40.192 40.192 40.192 -9999 -9999 -9999
-9999 40.095 40.095 40.095 40.095 40.095 40.095 -9999 -9999 -9999
-9999 40.095 40.095 40.095 40.095 40.095 40.095 -9999 -9999 -9999
-9999 40.095 40.095 40.095 40.095 40.095 40.095 -9999 -9999 -9999
-9999 40.095 40.095 40.095 40.095 40.095 40.095 -9999 -9999 -9999
-9999 -9999 40.095 40.095 40.095 40.095 -9999 -9999 -9999 -9999
-9999 -9999 39.563 39.563 40.095 -9999 -9999 -9999 -9999 -9999
-9999 -9999 -9999 39.029 -9999 -9999 -9999 -9999 -9999 -9999
-9999 -9999 -9999 37.449 -9999 -9999 -9999 -9999 -9999 -9999
