outputs_txt/Phd_CSDMS_0k_ky_05_03_2024/Basin_10_RLF_5000.txt
ncols         10
nrows         48
xllcorner     10200.000000
yllcorner     0.000000
cellsize      200
NODATA_value  -9999
-9999 50.93 50.93 50.93 50.93 50.93 50.93 50.93 50.93 50.93
-9999 51.634 51.634 51.634 51.634 51.634 51.634 51.634 51.634 51.634
-9999 52.326 52.326 52.326 52.326 52.326 52.326 52.326 52.326 52.326
-9999 53.006 53.006 53.006 53.006 53.006 53.006 53.006 53.006 -9999
-9999 53.675 53.675 53.675 53.675 53.675 53.675 53.675 53.675 -9999
-9999 54.331 54.331 54.331 54.331 54.331 54.331 54.331 54.331 -9999
-9999 54.977 54.977 54.977 54.977 54.977 54.977 54.977 54.977 -9999
-9999 55.617 55.617 55.617 55.617 55.617 55.617 55.617 55.617 -9999
-9999 56.874 56.874 56.874 56.874 56.874 56.874 56.874 56.874 -9999
-9999 57.49 57.49 57.49 57.49 57.49 57.49 57.49 57.49 -9999
-9999 58.096 58.096 58.096 58.096 58.096 58.096 58.096 -9999 -9999
-9999 58.694 58.694 58.694 58.694 58.694 58.694 58.694 58.694 -9999
-9999 59.284 59.284 59.284 59.284 59.284 59.284 59.284 59.284 -9999
-9999 59.866 59.866 59.866 59.866 59.866 59.866 59.866 59.866 -9999
-9999 60.442 60.442 60.442 60.442 60.442 60.442 60.442 60.442 -9999
-9999 61.013 61.013 61.013 61.013 61.013 61.013 61.013 61.013 -9999
-9999 61.578 61.578 61.578 61.578 61.578 61.578 61.578 61.578 -9999
-9999 62.138 62.138 62.138 62.138 62.138 62.138 62.138 62.138 -9999
-9999 62.693 62.693 62.693 62.693 62.693 62.693 62.693 -9999 -9999
-9999 63.243 63.243 63.243 63.243 63.243 63.243 63.243 -9999 -9999
-9999 63.788 63.788 63.788 63.788 63.788 63.788 63.788 -9999 -9999
-9999 64.331 64.331 64.331 64.331 64.331 64.331 64.331 -9999 -9999
-9999 64.873 64.873 64.873 64.873 64.873 64.873 64.873 -9999 -9999
-9999 65.415 65.415 65.415 65.415 65.415 65.415 65.415 -9999 -9999
-9999 65.415 65.415 65.415 65.415 65.415 65.415 65.415 -9999 -9999
-9999 63.981 63.981 65.415 65.415 65.415 65.415 65.415 -9999 -9999
-9999 62.1 62.1 62.15 62.15 62.15 62.15 62.15 -9999 -9999
-9999 59.647 59.9 59.9 59.9 59.9 59.9 59.9 59.9 -9999
-9999 59.647 59.647 59.647 59.647 59.647 59.647 59.647 59.647 -9999
-9999 58.466 59.647 59.647 59.647 59.647 59.647 59.647 59.647 -9999
-9999 57.254 58.466 58.466 58.466 58.466 58.466 58.466 58.466 -9999
56.12 56.12 57.254 57.254 57.254 57.254 57.254 57.254 57.254 -9999
55.021 55.021 56.12 56.12 56.12 56.12 56.12 56.12 56.12 -9999
-9999 52.99 55.021 55.021 55.021 55.021 55.021 55.021 55.021 -9999
-9999 52.99 52.99 52.99 52.99 52.99 52.99 52.99 52.99 -9999
-9999 51.993 52.99 52.99 52.99 52.99 52.99 52.99 52.99 -9999
-9999 51.057 51.993 51.993 51.993 51.993 51.993 51.993 -9999 -9999
-9999 50.153 51.057 51.057 51.057 51.057 51.057 51.057 -9999 -9999
-9999 49.277 50.153 50.153 50.153 50.153 50.153 50.153 -9999 -9999
-9999 48.426 49.277 49.277 49.277 49.277 49.277 -9999 -9999 -9999
-9999 47.609 48.426 48.426 48.426 48.426 48.426 -9999 -9999 -9999
-9999 42.633 47.609 47.609 47.609 47.609 47.609 -9999 -9999 -9999
-9999 41.771 41.771 41.771 41.771 41.771 41.771 -9999 -9999 -9999
-9999 41.018 41.018 41.018 41.018 41.018 41.018 -9999 -9999 -9999
-9999 -9999 40.245 40.245 40.245 40.245 -9999 -9999 -9999 -9999
-9999 -9999 40.192 40.192 40.192 -9999 -9999 -9999 -9999 -9999
-9999 -9999 -9999 40.192 -9999 -9999 -9999 -9999 -9999 -9999
-9999 -9999 -9999 40.192 -9999 -9999 -9999 -9999 -9999 -9999
