outputs_txt/Phd_CSDMS_0k_ky_05_03_2024/Basin_17_RLF_1000.txt
ncols         12
nrows         48
xllcorner     17200.000000
yllcorner     0.000000
cellsize      200
NODATA_value  -9999
-9999 31.992 31.992 31.992 35.11 35.11 31.055 28.04 27.323 27.323 27.323 27.323
-9999 33.649 33.649 33.649 36.792 36.792 32.737 29.723 29.006 29.006 29.006 29.006
-9999 35.207 35.207 35.207 38.35 38.35 34.295 31.28 30.563 30.563 30.563 30.563
30.903 36.681 36.681 36.681 39.807 39.807 35.752 32.737 32.02 32.02 32.02 32.02
-9999 38.081 38.081 38.081 41.208 41.208 37.153 34.139 33.422 33.422 33.422 33.422
-9999 34.832 34.832 34.832 37.972 37.972 31.632 29.489 29.489 29.485 29.485 27.11
-9999 -9999 36.114 36.114 39.29 39.29 32.95 28.428 28.428 28.428 28.428 28.428
-9999 -9999 37.358 37.358 40.576 40.576 34.236 29.714 29.714 29.714 29.714 29.714
-9999 -9999 39.684 40.77 41.842 41.842 35.502 30.296 30.296 30.296 30.296 30.296
-9999 -9999 39.684 40.77 42.601 42.601 36.261 31.054 31.054 31.054 31.054 31.054
-9999 31.58 32.679 33.765 36.358 36.358 35.58 31.816 31.816 31.816 31.816 31.816
-9999 31.58 32.679 33.765 37.098 37.098 34.847 32.556 32.556 32.556 32.556 32.556
-9999 31.58 32.679 33.765 37.822 37.822 34.213 29.005 26.246 26.246 26.246 26.246
-9999 -9999 32.679 33.765 38.543 38.543 34.933 29.726 26.693 24.955 24.149 24.149
-9999 -9999 -9999 33.765 39.242 39.242 35.633 30.425 27.392 25.654 21.8 21.8
-9999 -9999 33.062 34.727 36.366 36.366 36.325 31.117 28.085 26.346 22.492 22.492
-9999 31.329 33.062 34.727 36.993 36.993 36.952 31.745 28.712 26.973 23.119 23.119
-9999 31.329 33.062 34.727 37.617 37.617 37.576 32.368 29.335 27.597 23.742 23.742
-9999 31.329 33.062 34.727 38.234 38.234 38.192 32.985 29.952 28.214 23.326 23.326
29.488 31.329 33.062 34.749 38.833 38.833 38.792 33.082 28.919 28.503 23.893 23.893
29.488 31.329 33.062 35.324 39.422 39.422 38.41 33.446 29.507 29.091 24.481 24.481
-9999 30.46 32.193 34.455 39.135 39.135 38.992 34.028 30.089 25.633 24.661 24.661
-9999 -9999 34.729 37.261 39.71 39.71 39.566 34.602 30.663 25.235 25.235 25.235
-9999 -9999 34.729 37.261 40.261 40.261 40.118 35.154 31.215 25.787 25.787 25.787
-9999 -9999 34.729 37.261 40.812 40.812 40.668 35.704 31.765 26.337 26.337 26.337
-9999 31.921 34.729 37.261 41.35 41.35 41.207 36.243 32.304 26.876 26.876 26.876
-9999 33.523 36.577 39.283 41.889 41.889 41.746 36.782 26.877 23.472 23.472 23.472
-9999 33.523 36.577 39.283 42.414 42.414 40.885 30.916 23.997 23.997 23.997 23.997
-9999 -9999 36.577 39.283 42.931 42.931 40.754 32.3 24.514 24.514 24.514 24.514
-9999 -9999 36.577 39.283 43.441 43.441 39.02 32.81 24.642 24.154 24.154 24.154
-9999 -9999 33.192 36.086 40.559 40.559 39.523 33.313 25.132 24.657 24.657 24.657
-9999 -9999 33.192 36.581 41.056 41.056 40.019 33.81 25.628 25.154 25.154 25.154
-9999 -9999 -9999 35.545 40.51 40.51 40.51 34.3 27.784 25.644 25.644 25.644
-9999 -9999 -9999 34.465 39.469 39.469 39.469 34.786 28.27 26.13 26.13 26.13
-9999 -9999 -9999 34.465 39.95 39.95 39.95 35.267 28.751 22.809 20.781 20.781
-9999 -9999 -9999 34.644 40.427 40.427 40.427 35.744 29.228 23.286 21.258 21.258
-9999 -9999 -9999 -9999 36.216 36.216 36.216 36.216 29.7 23.759 22.818 22.818
-9999 -9999 -9999 -9999 36.147 36.147 36.147 36.147 30.17 24.229 23.288 23.288
-9999 -9999 -9999 -9999 -9999 36.099 36.099 36.099 30.637 24.695 23.754 23.754
-9999 -9999 -9999 -9999 -9999 36.097 36.097 36.097 31.102 25.16 24.219 24.219
-9999 -9999 -9999 -9999 -9999 -9999 31.564 31.564 31.564 25.623 24.682 24.682
-9999 -9999 -9999 -9999 -9999 -9999 31.672 31.672 31.672 26.082 25.141 25.141
-9999 -9999 -9999 -9999 -9999 -9999 26.543 26.543 26.543 26.543 25.602 -9999
-9999 -9999 -9999 -9999 -9999 -9999 26.562 26.562 26.562 26.562 26.062 -9999
-9999 -9999 -9999 -9999 -9999 -9999 20.291 26.062 26.062 26.062 26.062 -9999
-9999 -9999 -9999 -9999 -9999 -9999 -9999 25.621 25.621 25.621 25.621 -9999
-9999 -9999 -9999 -9999 -9999 -9999 -9999 19.355 19.355 19.355 19.355 -9999
-9999 -9999 -9999 -9999 -9999 -9999 -9999 18.894 18.894 18.894 18.894 -9999
