outputs_txt/Phd_CSDMS_0k_ky_05_03_2024/Basin_17_RLF_2500.txt
ncols         12
nrows         48
xllcorner     17200.000000
yllcorner     0.000000
cellsize      200
NODATA_value  -9999
-9999 43.877 45.163 45.356 46.429 46.429 46.429 46.429 46.429 46.429 46.429 46.429
-9999 45.356 46.429 46.429 47.188 47.188 47.188 47.188 47.188 47.188 47.188 47.188
-9999 46.429 47.188 47.188 47.949 47.949 47.949 47.949 47.949 47.949 47.949 47.949
47.188 47.188 47.949 47.949 48.689 48.689 48.689 48.689 48.689 48.689 48.689 48.689
-9999 47.949 48.689 48.689 49.414 49.414 49.414 49.414 49.414 49.414 49.414 49.414
-9999 48.689 49.414 49.414 50.134 50.134 50.134 50.134 50.134 50.134 50.134 50.134
-9999 -9999 50.134 50.134 50.834 50.834 50.834 50.834 50.834 50.834 50.834 50.834
-9999 -9999 50.834 50.834 51.526 51.526 51.526 51.526 51.526 51.526 51.526 51.526
-9999 -9999 51.526 51.526 52.153 52.153 52.153 52.153 52.153 52.153 52.153 52.153
-9999 -9999 52.153 52.153 52.776 52.776 52.776 52.776 52.776 52.776 52.776 48.722
-9999 52.153 52.776 52.776 53.393 53.393 53.393 53.393 53.393 53.393 49.339 48.807
-9999 52.776 53.393 53.393 53.993 53.993 53.993 53.993 49.938 49.406 49.406 49.406
-9999 53.393 53.993 53.993 54.581 54.581 50.526 49.995 49.995 49.995 49.995 49.995
-9999 -9999 49.995 49.995 50.577 50.577 50.577 50.577 50.577 50.577 50.577 50.577
-9999 -9999 -9999 50.577 51.151 51.151 51.151 51.151 51.151 51.151 51.151 44.811
-9999 -9999 51.151 51.151 51.703 51.703 51.703 51.703 51.703 51.703 45.363 44.698
-9999 51.151 51.703 51.703 52.253 52.253 52.253 52.253 45.913 45.248 45.248 45.248
-9999 51.703 52.253 52.253 52.792 52.792 46.452 45.787 45.787 45.787 45.787 45.787
-9999 45.248 45.787 45.787 46.326 46.326 46.326 46.326 46.326 46.326 46.326 46.326
45.787 45.787 46.326 46.326 46.851 46.851 46.851 46.851 46.851 46.851 46.851 43.282
46.326 46.326 46.851 46.851 47.368 47.368 47.368 47.368 47.368 47.368 43.8 43.8
-9999 46.851 47.368 47.368 47.877 47.877 47.877 47.877 44.309 44.309 44.309 44.309
-9999 -9999 47.877 47.877 48.38 48.38 44.812 44.812 44.812 44.812 44.812 44.812
-9999 -9999 44.812 44.812 45.309 45.309 45.309 45.309 45.309 45.309 45.309 45.309
-9999 -9999 45.309 45.309 45.8 45.8 45.8 45.8 45.8 45.8 45.8 45.8
-9999 45.309 45.8 45.8 46.286 46.286 46.286 46.286 46.286 46.286 46.286 45.417
-9999 45.8 46.286 46.286 46.766 46.766 46.766 46.766 46.766 46.766 45.898 45.898
-9999 46.286 46.766 46.766 47.243 47.243 47.243 47.243 46.374 46.374 46.374 46.374
-9999 -9999 47.243 47.243 47.715 47.715 46.847 46.847 46.847 46.847 46.847 46.847
-9999 -9999 46.847 46.847 47.317 47.317 47.317 47.317 47.317 47.317 47.317 47.317
-9999 -9999 47.317 47.317 47.784 47.784 47.784 47.784 47.784 47.784 47.784 47.784
-9999 -9999 47.784 47.784 48.249 48.249 48.249 48.249 48.249 48.249 48.249 48.249
-9999 -9999 -9999 48.249 48.711 48.711 48.711 48.711 48.711 48.711 48.711 48.711
-9999 -9999 -9999 48.711 49.171 49.171 49.171 49.171 49.171 49.171 49.171 49.171
-9999 -9999 -9999 49.171 49.631 49.631 49.631 49.631 49.631 49.631 49.631 46.246
-9999 -9999 -9999 50.091 50.091 50.091 50.091 50.091 50.091 50.091 46.707 46.707
-9999 -9999 -9999 -9999 50.091 50.091 50.091 50.091 46.707 46.707 46.707 45.67
-9999 -9999 -9999 -9999 50.091 50.091 46.707 46.707 46.707 46.707 45.67 45.67
-9999 -9999 -9999 -9999 -9999 46.707 46.707 46.707 45.67 45.67 45.67 44.144
-9999 -9999 -9999 -9999 -9999 46.707 45.67 45.67 45.67 44.144 44.144 44.144
-9999 -9999 -9999 -9999 -9999 -9999 45.67 44.144 44.144 44.144 44.144 44.144
-9999 -9999 -9999 -9999 -9999 -9999 44.144 44.144 44.144 44.144 44.144 39.461
-9999 -9999 -9999 -9999 -9999 -9999 44.144 44.144 44.144 39.461 39.461 -9999
-9999 -9999 -9999 -9999 -9999 -9999 44.144 39.461 39.461 39.461 38.921 -9999
-9999 -9999 -9999 -9999 -9999 -9999 39.461 39.461 38.921 38.921 38.407 -9999
-9999 -9999 -9999 -9999 -9999 -9999 -9999 38.921 38.407 38.407 37.94 -9999
-9999 -9999 -9999 -9999 -9999 -9999 -9999 38.407 37.94 37.94 32.945 -9999
-9999 -9999 -9999 -9999 -9999 -9999 -9999 37.94 32.945 32.945 32.945 -9999
