outputs_txt/Phd_CSDMS_0k_ky_05_03_2024/Basin_9_RLF_1000.txt
ncols         6
nrows         48
xllcorner     9200.000000
yllcorner     0.000000
cellsize      200
NODATA_value  -9999
-9999 -9999 -9999 23.879 23.879 23.879
-9999 -9999 -9999 28.925 28.925 28.925
-9999 -9999 31.175 31.175 31.175 31.175
-9999 -9999 33.934 33.934 33.934 33.934
-9999 37.118 37.118 37.118 37.118 37.118
-9999 34.383 34.383 34.383 34.383 34.383
-9999 35.84 35.84 35.84 35.84 35.84
-9999 30.342 30.342 30.342 30.342 30.342
31.464 31.464 31.464 31.464 31.464 31.464
27.737 29.87 29.87 29.87 29.87 29.87
25.158 31.087 31.087 31.087 31.087 31.087
-9999 31.896 31.896 31.896 31.896 31.896
27.413 32.995 32.995 32.995 32.995 32.995
26.96 34.063 34.063 34.063 34.063 34.063
27.62 34.643 34.643 34.643 34.643 34.643
24.843 31.864 31.864 31.864 31.864 31.864
25.818 32.838 32.838 32.838 32.838 32.838
26.736 33.787 33.787 33.787 33.787 33.787
25.229 30.349 30.349 30.349 30.349 30.349
24.985 31.25 31.25 31.25 31.25 31.25
25.078 32.14 32.14 32.14 32.14 32.14
25.938 33.001 33.001 33.001 33.001 33.001
24.363 29.065 29.065 29.065 29.065 29.065
24.189 29.891 29.891 29.891 29.891 29.891
24.026 29.784 29.784 29.784 29.784 29.784
23.874 30.571 30.571 30.571 30.571 30.571
23.75 31.351 31.351 31.351 31.351 31.351
23.578 32.118 32.118 32.118 32.118 32.118
23.463 28.32 28.32 28.32 28.32 28.32
23.348 29.064 29.064 29.064 29.064 29.064
23.238 28.992 28.992 28.992 28.992 28.992
23.134 28.887 28.887 28.887 28.887 -9999
23.035 28.788 28.788 28.788 28.788 -9999
22.941 28.693 28.693 28.693 28.693 28.693
22.851 28.61 28.61 28.61 28.61 28.61
22.766 26.982 26.982 26.982 26.982 26.982
22.684 27.653 27.653 27.653 27.653 27.653
22.603 28.315 28.315 28.315 28.315 28.315
22.526 28.237 28.237 28.237 28.237 28.237
22.455 28.165 28.165 28.165 28.165 28.165
22.387 28.097 28.097 28.097 28.097 28.097
22.325 28.035 28.035 28.035 28.035 28.035
22.271 27.981 27.981 27.981 27.981 -9999
22.226 27.935 27.935 27.935 27.935 -9999
21.557 27.265 27.265 27.265 -9999 -9999
-9999 26.641 26.641 26.641 -9999 -9999
-9999 20.243 20.243 -9999 -9999 -9999
-9999 19.597 19.597 -9999 -9999 -9999
