outputs_txt/Phd_CSDMS_0k_ky_05_03_2024/Basin_9_DEM.txt
ncols         6
nrows         48
xllcorner     9200.000000
yllcorner     0.000000
cellsize      200
NODATA_value  -9999
-32768 -32768 -32768 71.863 61.985 71.886
-32768 -32768 -32768 67.376 57.45 67.37
-32768 -32768 67.617 63.826 53.868 63.797
-32768 -32768 57.756 59.929 50.815 60.718
-32768 60.526 50.648 50.038 48.007 57.934
-32768 55.549 45.612 42.961 45.406 55.369
-32768 51.473 41.509 40.711 47.787 57.681
-32768 47.885 37.952 38.616 48.559 57.343
51.753 41.871 34.768 36.604 41.655 47.492
50.226 40.317 33.233 40.306 50.231 57.335
48.777 38.873 31.777 41.713 49.844 56.867
-32768 40.309 30.375 34.868 39.912 47.02
46.064 36.158 29.062 34.85 41.942 51.827
44.817 34.894 27.812 37.74 46.034 53.085
43.604 33.678 26.595 31.087 36.132 43.244
42.458 32.53 25.447 31.22 38.289 48.165
41.354 31.423 24.34 30.133 37.241 47.17
40.288 30.355 23.272 33.201 41.661 48.723
39.243 29.307 22.224 26.716 31.761 38.879
38.242 28.305 21.221 26.994 34.063 43.945
37.27 27.33 20.247 26.024 33.108 43.028
36.324 26.382 19.299 25.076 32.16 42.081
35.42 25.458 18.375 24.167 31.263 41.202
34.481 24.556 17.473 27.386 33.169 43.021
33.613 23.666 16.583 21.075 26.121 36.122
32.754 22.806 15.723 21.495 28.564 38.47
31.913 21.963 14.88 20.657 27.741 37.667
31.088 21.137 14.054 19.831 26.915 36.842
30.28 20.327 13.244 19.022 26.105 36.033
29.487 19.533 12.45 18.227 25.311 35.24
28.708 18.753 11.67 17.447 24.531 34.467
27.943 17.986 10.903 16.685 23.787 -32768
27.191 17.233 10.15 17.221 27.122 -32768
26.448 16.489 9.4059 15.188 22.29 32.16
25.718 15.758 8.6746 14.452 21.536 31.429
24.999 15.038 7.9546 13.732 20.816 30.709
24.291 14.329 7.2453 13.023 20.106 30.001
23.593 13.63 6.5464 12.324 19.408 29.303
22.905 12.941 5.8573 11.635 18.718 28.614
22.227 12.261 5.1777 10.955 18.039 27.935
21.557 11.59 4.5071 10.285 17.368 27.266
20.896 10.929 3.8453 9.6276 16.73 26.642
20.244 10.275 3.192 10.269 20.232 -32768
19.598 9.628 2.5448 9.6406 19.586 -32768
18.975 9 1.9043 11.882 -32768 -32768
-32768 11.218 1.2678 11.235 -32768 -32768
-32768 9.8712 0.63374 -32768 -32768 -32768
-32768 0.00083155 0.00035539 -32768 -32768 -32768
