outputs_txt/Phd_CSDMS_0k_ky_05_03_2024/Basin_12_RLF_2500.txt
ncols         11
nrows         48
xllcorner     11800.000000
yllcorner     0.000000
cellsize      200
NODATA_value  -9999
-9999 -9999 38.663 38.663 38.663 38.663 38.663 38.663 38.663 -9999 -9999
-9999 -9999 39.618 39.618 39.618 39.618 39.618 39.618 39.618 -9999 -9999
-9999 -9999 40.541 40.541 40.541 40.541 40.541 40.541 40.541 -9999 -9999
-9999 41.431 41.431 41.431 41.431 41.431 41.431 41.431 41.431 -9999 -9999
-9999 42.291 42.291 42.291 42.291 42.291 42.291 42.291 42.291 -9999 -9999
-9999 43.123 43.123 43.123 43.123 43.123 43.123 43.123 43.123 -9999 -9999
-9999 43.937 43.937 43.937 43.937 43.937 43.937 43.937 43.937 43.937 -9999
-9999 44.738 44.738 44.738 44.738 44.738 44.738 44.738 44.738 -9999 -9999
-9999 46.296 46.296 46.296 46.296 46.296 46.296 46.296 46.296 -9999 -9999
-9999 47.031 47.031 47.031 47.031 47.031 47.031 47.031 47.031 46.296 -9999
47.754 47.754 47.754 47.754 47.754 47.754 47.754 47.754 47.754 -9999 -9999
-9999 48.454 48.454 48.454 48.454 48.454 48.454 48.454 48.454 -9999 -9999
-9999 49.144 49.144 49.144 49.144 49.144 49.144 49.144 49.144 -9999 -9999
-9999 49.827 49.827 49.827 49.827 49.827 49.827 49.827 49.827 -9999 -9999
-9999 51.162 51.162 51.162 51.162 51.162 51.162 51.162 51.162 51.162 -9999
-9999 51.797 51.797 51.797 51.797 51.797 51.797 51.797 47.839 47.839 -9999
-9999 52.425 52.425 52.425 52.425 52.425 48.468 48.468 48.468 -9999 -9999
-9999 48.998 48.998 49.076 49.076 49.076 49.076 49.076 49.076 -9999 -9999
48.998 49.604 49.604 49.604 49.604 49.681 49.681 49.681 49.681 -9999 -9999
49.347 49.945 49.945 49.945 49.945 49.945 49.945 49.945 46.565 46.565 -9999
49.945 50.534 50.534 50.534 50.534 50.534 47.154 47.154 47.154 47.154 46.565
45.621 46.203 46.203 46.203 46.203 47.735 47.735 47.735 47.735 47.735 -9999
46.203 46.776 46.776 46.776 46.776 46.007 46.007 46.007 45.13 45.13 44.1
46.007 46.573 46.573 46.573 46.573 46.573 45.696 45.696 45.24 45.24 -9999
45.696 46.256 46.256 46.256 46.256 46.256 45.801 45.801 45.801 45.801 45.24
45.801 46.356 46.356 46.356 46.356 46.356 46.356 46.356 46.356 46.356 45.801
46.356 46.907 46.907 46.907 46.907 46.907 46.907 46.907 46.907 46.907 46.356
-9999 47.454 47.454 47.454 47.454 47.454 47.454 47.454 47.454 47.454 -9999
-9999 47.997 47.997 47.997 47.997 47.997 47.997 47.997 47.997 47.997 -9999
-9999 48.537 48.537 48.537 48.537 48.537 48.537 48.537 48.537 48.537 -9999
-9999 49.072 49.072 49.072 49.072 49.072 49.072 49.072 49.072 -9999 -9999
-9999 49.604 49.604 49.604 49.604 49.604 49.604 49.604 49.604 -9999 -9999
-9999 44.959 50.132 50.132 50.132 50.132 50.132 50.132 50.132 -9999 -9999
-9999 45.483 45.483 45.483 50.656 50.656 50.656 50.656 50.656 -9999 -9999
-9999 42.536 46.008 46.008 46.008 46.008 51.18 51.18 51.18 -9999 -9999
-9999 42.341 42.689 42.689 46.532 46.532 46.532 46.532 -9999 -9999 -9999
-9999 -9999 41.649 41.649 42.689 42.689 46.532 46.532 -9999 -9999 -9999
-9999 -9999 40.917 40.917 40.917 39.722 42.689 42.689 -9999 -9999 -9999
-9999 -9999 -9999 38.926 38.926 38.926 39.722 39.722 -9999 -9999 -9999
-9999 -9999 -9999 38.45 38.45 38.926 38.926 38.926 -9999 -9999 -9999
-9999 -9999 -9999 38.425 38.425 38.45 38.45 38.45 -9999 -9999 -9999
-9999 -9999 -9999 37.788 37.788 37.88 37.88 37.88 -9999 -9999 -9999
-9999 -9999 -9999 37.181 37.181 37.181 36.583 36.583 -9999 -9999 -9999
-9999 -9999 -9999 36.583 36.583 36.583 35.994 35.994 -9999 -9999 -9999
-9999 -9999 -9999 35.994 35.994 35.994 35.436 35.436 -9999 -9999 -9999
-9999 -9999 -9999 -9999 35.436 35.436 34.863 -9999 -9999 -9999 -9999
-9999 -9999 -9999 -9999 34.863 34.863 -9999 -9999 -9999 -9999 -9999
-9999 -9999 -9999 -9999 34.32 34.32 -9999 -9999 -9999 -9999 -9999
