outputs_txt/Phd_CSDMS_0k_ky_05_03_2024/Basin_17_DEM.txt
ncols         12
nrows         48
xllcorner     17200.000000
yllcorner     0.000000
cellsize      200
NODATA_value  -9999
-32768 66.12 62.065 59.05 54.365 47.267 57.194 52.605 42.629 52.544 48.379 58.333
-32768 59.059 54.975 51.973 53.05 43.133 53.046 48.46 38.491 47.491 43.863 49.666
-32768 53.3 49.192 46.179 49.671 39.757 49.666 44.888 34.912 37.602 40.508 47.614
58.192 48.316 44.186 41.157 46.195 36.833 46.747 42.816 32.853 37.848 43.608 50.671
-32768 55.704 45.759 38.64 36.326 34.128 44.052 40.967 31.01 36.012 41.791 48.875
-32768 61.533 55.193 45.283 38.235 32.47 42.388 39.284 29.327 34.329 40.108 47.193
-32768 -32768 53.75 43.774 36.69 30.912 40.83 37.726 27.77 32.778 38.58 45.689
-32768 -32768 52.277 42.301 35.217 29.439 39.357 36.269 26.313 33.387 43.328 49.986
-32768 -32768 50.876 40.901 33.816 28.039 37.956 34.867 24.911 32.007 41.948 42.952
-32768 -32768 49.539 39.586 32.483 26.701 36.618 33.517 23.561 33.521 40.135 37.918
-32768 54.528 44.662 42.418 32.508 25.419 35.321 32.197 22.243 32.167 30.242 33.802
-32768 47.519 37.567 38.622 34.077 24.175 31.753 30.655 20.957 30.822 27.056 34.125
-32768 42.54 32.526 28.697 25.648 22.948 21.849 20.764 19.691 21.95 24.263 31.384
-32768 -32768 42.462 35.795 32.745 32.927 31.769 28.806 18.932 28.797 30.032 37.086
-32768 -32768 -32768 45.711 42.678 40.94 31.046 23.963 18.17 23.188 28.967 36.052
-32768 -32768 50.919 45.209 40.738 40.262 30.315 23.213 17.43 22.448 28.248 35.338
-32768 50.96 41.081 35.261 30.764 40.63 33.738 23.783 16.706 26.618 33.77 36.019
-32768 49.915 40.047 32.972 27.183 36.589 33.013 23.081 15.985 19.783 23.899 28.95
-32768 41.221 37.091 33.971 24.267 26.708 27.843 25.17 15.286 20.284 26.052 33.114
41.2 31.267 27.129 24.083 21.472 19.631 17.898 16.233 14.594 19.596 25.375 32.459
47.006 37.076 32.916 31.175 31.455 29.578 27.798 23.846 13.967 18.984 24.785 31.888
-32768 47.035 40.036 41.129 41.045 31.204 24.143 18.358 13.343 23.256 30.527 35.617
-32768 -32768 49.948 44.984 35.08 27.985 22.204 17.2 12.726 16.524 20.64 25.691
-32768 -32768 48.562 38.594 31.484 25.695 20.687 16.211 12.127 17.14 22.916 29.988
-32768 -32768 47.915 37.982 30.92 25.139 20.126 15.636 11.538 21.426 24.624 31.675
-32768 50.091 42.258 32.298 31.293 28.09 25.256 20.837 10.956 14.753 18.864 25.983
-32768 42.386 32.366 25.194 21.373 18.171 15.362 12.83 10.382 15.38 21.148 28.22
-32768 46.707 42.213 32.288 31.279 28.077 25.235 19.718 9.8301 14.832 20.61 27.694
-32768 -32768 45.67 35.765 28.709 22.932 17.903 13.393 9.2799 14.288 20.089 27.191
-32768 -32768 42.955 33 25.929 26.46 23.405 18.626 8.7413 15.827 25.753 30.805
-32768 -32768 37.334 27.293 20.14 16.568 13.515 10.808 8.2023 18.12 24.494 23.761
-32768 -32768 44.144 37.163 27.23 26.465 23.391 17.571 7.6777 11.028 14.595 18.721
-32768 -32768 -32768 39.461 29.532 22.461 16.671 11.649 7.1603 12.157 17.921 24.975
-32768 -32768 -32768 38.921 28.989 21.905 16.127 11.124 6.6509 11.653 17.431 24.515
-32768 -32768 -32768 38.407 28.486 21.402 15.623 10.621 6.1479 11.15 16.928 24.012
-32768 -32768 -32768 37.94 28.028 20.92 15.132 10.126 5.6511 10.653 16.431 23.515
-32768 -32768 -32768 -32768 32.945 23.007 15.934 10.161 5.1603 10.162 15.94 23.024
-32768 -32768 -32768 -32768 32.593 22.573 15.465 9.6788 4.6745 9.6764 15.455 22.538
-32768 -32768 -32768 -32768 -32768 27.003 17.043 9.9686 4.1937 9.1956 14.974 22.058
-32768 -32768 -32768 -32768 -32768 26.562 16.602 9.4995 3.717 8.7213 14.507 21.613
-32768 -32768 -32768 -32768 -32768 -32768 20.291 10.322 3.2447 9.0193 16.094 26.062
-32768 -32768 -32768 -32768 -32768 -32768 19.831 9.8579 2.7747 8.557 15.659 25.621
-32768 -32768 -32768 -32768 -32768 -32768 19.346 9.3909 2.3078 9.3852 19.355 -32768
-32768 -32768 -32768 -32768 -32768 -32768 18.866 8.926 1.8429 8.9261 18.894 -32768
-32768 -32768 -32768 -32768 -32768 -32768 18.397 8.4761 1.3805 8.4762 18.415 -32768
-32768 -32768 -32768 -32768 -32768 -32768 -32768 10.874 0.92088 10.874 17.011 -32768
-32768 -32768 -32768 -32768 -32768 -32768 -32768 9.8679 0.46061 9.8673 7.1091 -32768
-32768 -32768 -32768 -32768 -32768 -32768 -32768 0.00064875 1.4654e-05 7.2575e-05 0.0005796 -32768
