outputs_txt/Phd_CSDMS_0k_ky_05_03_2024/Basin_1_DEM.txt
ncols         11
nrows         48
xllcorner     0.000000
yllcorner     0.000000
cellsize      200
NODATA_value  -9999
-32768 -32768 54.37 61.452 62.829 52.888 56.969 66.899 -32768 -32768 -32768
-32768 -32768 50.236 60.145 57.802 47.838 51.945 61.885 -32768 -32768 -32768
-32768 -32768 46.86 56.787 54.873 44.922 50.695 57.786 -32768 -32768 -32768
-32768 -32768 43.936 53.865 52.419 42.472 48.251 55.336 65.285 -32768 -32768
-32768 -32768 41.322 51.253 50.263 40.319 46.097 53.181 63.083 -32768 -32768
-32768 -32768 38.935 48.869 48.316 38.375 44.153 51.238 61.168 -32768 -32768
-32768 -32768 36.726 46.662 46.528 36.59 42.372 49.475 59.36 -32768 -32768
-32768 -32768 34.659 44.597 44.865 34.93 42.02 51.962 58.628 -32768 -32768
-32768 -32768 32.71 42.651 43.284 33.351 43.263 48.681 48.72 58.631 -32768
-32768 -32768 30.862 40.804 41.756 31.825 35.18 38.758 42.896 52.95 -32768
-32768 -32768 29.099 39.044 40.393 30.465 37.532 47.44 52.819 61.102 -32768
-32768 -32768 27.412 37.35 39.06 29.149 36.245 46.174 47.76 57.664 -32768
-32768 -32768 25.791 34.301 35.407 27.876 37.777 42.174 40.661 50.584 -32768
-32768 -32768 24.21 24.392 25.502 26.622 29.326 32.25 35.619 45.676 -32768
-32768 -32768 22.676 23.301 33.173 36.533 39.269 42.211 41.446 51.297 -32768
-32768 -32768 21.175 22.222 27.251 33.051 40.142 50.053 51.332 -32768 -32768
-32768 -32768 20.321 24.785 29.782 35.557 42.65 52.541 -32768 -32768 -32768
-32768 -32768 19.486 24.486 30.259 37.332 47.262 51.543 -32768 -32768 -32768
-32768 -32768 18.667 23.671 29.457 36.562 46.469 41.62 51.509 -32768 -32768
-32768 -32768 17.864 23.639 30.714 40.652 45.659 35.779 42.877 52.747 -32768
-32768 -32768 17.073 22.866 29.975 39.873 40.988 31.954 37.739 44.844 54.703
-32768 -32768 16.294 26.258 34.954 31.868 31.085 28.909 34.688 41.774 51.692
-32768 -32768 15.52 25.403 25.122 21.867 24.008 26.313 32.107 39.223 49.196
-32768 -32768 14.752 16.392 18.053 19.809 23.614 28.113 33.931 43.933 -32768
-32768 -32768 14.064 23.937 27.938 29.741 33.55 38.069 43.919 52.135 -32768
-32768 -32768 13.377 17.474 21.963 26.971 32.75 39.823 49.769 -32768 -32768
-32768 -32768 12.704 16.788 21.264 26.272 32.061 39.17 49.106 -32768 -32768
-32768 -32768 12.043 16.515 21.514 27.287 34.358 44.287 -32768 -32768 -32768
-32768 -32768 11.392 15.868 20.881 26.687 33.8 43.788 -32768 -32768 -32768
-32768 -32768 10.75 16.522 23.591 33.522 39.928 -32768 -32768 -32768 -32768
-32768 -32768 10.114 15.891 22.975 32.912 -32768 -32768 -32768 -32768 -32768
-32768 -32768 9.4839 15.266 22.368 32.299 -32768 -32768 -32768 -32768 -32768
-32768 -32768 8.8601 15.937 25.904 -32768 -32768 -32768 -32768 -32768 -32768
-32768 -32768 8.2404 15.323 25.301 -32768 -32768 -32768 -32768 -32768 -32768
-32768 -32768 7.6253 14.708 24.675 -32768 -32768 -32768 -32768 -32768 -32768
-32768 -32768 7.0148 14.098 24.055 -32768 -32768 -32768 -32768 -32768 -32768
-32768 -32768 6.4087 13.492 23.44 -32768 -32768 -32768 -32768 -32768 -32768
-32768 -32768 5.8068 12.89 22.831 -32768 -32768 -32768 -32768 -32768 -32768
-32768 -32768 5.2092 12.292 22.227 -32768 -32768 -32768 -32768 -32768 -32768
-32768 -32768 4.6158 11.699 21.627 -32768 -32768 -32768 -32768 -32768 -32768
-32768 -32768 4.0263 11.109 21.033 -32768 -32768 -32768 -32768 -32768 -32768
-32768 -32768 3.4409 10.524 20.442 -32768 -32768 -32768 -32768 -32768 -32768
-32768 -32768 2.8593 9.942 19.856 -32768 -32768 -32768 -32768 -32768 -32768
-32768 -32768 2.2816 9.3643 19.274 -32768 -32768 -32768 -32768 -32768 -32768
-32768 -32768 1.7076 8.8029 18.701 -32768 -32768 -32768 -32768 -32768 -32768
-32768 -32768 1.1374 11.088 -32768 -32768 -32768 -32768 -32768 -32768 -32768
0.00037054 9.8865 0.5687 9.8695 -32768 -32768 -32768 -32768 -32768 -32768 -32768
0.00045805 0.00030835 0.00023149 0.00027742 -32768 -32768 -32768 -32768 -32768 -32768 -32768
