outputs_txt/Phd_CSDMS_0k_ky_05_03_2024/Basin_5_RLF_1000.txt
ncols         16
nrows         48
xllcorner     3800.000000
yllcorner     0.000000
cellsize      200
NODATA_value  -9999
-9999 30.969 30.969 30.969 30.969 30.969 28.647 28.647 28.647 32.889 27.343 27.343 27.343 27.343 -9999 -9999
-9999 32.732 32.732 32.732 32.732 32.732 30.41 30.41 30.41 34.652 30.159 29.292 29.292 29.292 -9999 -9999
-9999 34.328 34.328 34.328 34.328 34.328 32.006 32.006 32.006 36.248 30.95 32.216 32.216 -9999 -9999 -9999
-9999 35.529 35.529 35.529 35.529 35.529 33.206 33.206 33.206 37.449 32.472 33.737 33.737 33.737 -9999 -9999
-9999 36.695 36.695 36.695 36.695 36.695 34.373 34.373 34.373 38.615 33.885 35.15 35.15 35.15 35.15 -9999
30.144 35.597 35.597 35.597 35.597 35.597 31.535 31.535 33.715 37.259 34.744 36.475 36.475 36.475 36.475 31.473
28.763 32.561 32.561 32.561 32.611 32.611 32.611 32.611 34.792 38.335 36.006 37.737 37.737 37.737 37.737 31.965
28.286 33.094 33.094 33.094 33.622 33.622 33.622 33.622 33.622 39.346 37.221 38.953 38.953 38.953 38.953 33.95
-9999 34.068 34.068 34.068 34.596 34.596 34.596 34.596 34.596 34.596 38.387 40.118 40.118 40.118 40.118 -9999
-9999 35.016 35.016 35.016 35.016 32.964 30.182 30.182 30.182 30.182 32.506 41.233 41.233 41.233 41.233 -9999
-9999 35.923 35.923 35.923 35.923 33.871 31.089 31.089 31.089 31.089 33.575 42.302 42.302 42.302 -9999 -9999
-9999 36.803 36.803 36.803 36.803 34.75 30.817 30.817 30.817 31.777 34.611 41.869 41.869 41.869 41.869 -9999
-9999 35.608 35.608 35.608 35.608 35.608 30.507 30.507 30.507 32.635 35.609 36.485 36.485 36.485 36.485 31.483
-9999 36.352 36.352 36.352 36.352 36.352 30.237 30.237 30.237 33.472 36.574 37.45 37.45 37.45 37.45 32.449
-9999 34.896 34.896 34.896 34.896 34.896 29.977 29.977 29.977 34.289 35.052 38.391 38.391 38.391 38.391 -9999
-9999 35.695 35.695 35.695 35.695 35.695 29.764 29.764 29.764 29.764 35.97 39.309 39.309 39.309 39.309 -9999
-9999 36.481 36.481 36.481 36.481 36.481 29.575 29.575 29.575 29.575 35.305 41.95 41.95 41.082 40.211 -9999
-9999 33.509 33.509 33.509 33.509 33.509 29.4 29.4 29.4 30.164 36.152 41.78 41.78 40.065 39.194 -9999
-9999 34.273 34.273 34.273 34.273 34.273 29.263 29.263 29.263 33.171 37.814 37.814 36.996 34.438 33.567 -9999
-9999 34.192 34.938 34.938 34.938 34.938 27.603 27.603 27.603 34.672 38.731 37.945 36.305 33.748 32.877 -9999
-9999 -9999 34.596 34.596 34.596 34.596 27.136 27.136 32.975 38.265 39.271 37.945 36.305 33.748 32.877 -9999
-9999 -9999 34.297 34.297 34.297 34.297 27.23 27.23 33.513 38.803 39.808 37.945 36.305 33.748 32.877 -9999
-9999 -9999 34.015 34.015 34.015 34.015 27.465 24.171 34.047 39.337 40.342 37.963 36.305 33.748 -9999 -9999
-9999 -9999 -9999 33.79 33.79 33.79 27.98 24.687 34.562 39.852 40.858 37.963 36.305 33.748 -9999 -9999
-9999 -9999 -9999 28.495 28.495 28.495 28.495 32.233 36.756 40.367 40.367 36.957 35.3 32.742 -9999 -9999
-9999 -9999 -9999 28.231 28.231 28.231 28.231 32.74 37.264 40.874 40.874 36.957 35.3 31.795 -9999 -9999
-9999 -9999 -9999 27.981 27.981 27.981 27.981 33.24 37.764 41.375 41.375 37.292 35.3 31.795 -9999 -9999
-9999 -9999 -9999 26.336 26.336 26.336 26.336 33.735 38.259 41.869 41.869 37.786 34.501 31.795 -9999 -9999
-9999 -9999 -9999 26.825 26.825 26.825 26.825 34.223 38.747 42.358 42.358 38.275 34.501 -9999 -9999 -9999
-9999 -9999 -9999 26.825 26.825 26.825 26.825 34.706 39.23 41.495 41.495 37.412 33.155 -9999 -9999 -9999
-9999 -9999 -9999 26.789 26.789 26.789 26.789 35.184 39.708 39.708 39.708 35.625 31.151 -9999 -9999 -9999
-9999 -9999 -9999 26.745 26.745 26.745 26.745 35.656 40.18 40.18 40.18 36.096 31.62 -9999 -9999 -9999
-9999 -9999 -9999 26.697 26.697 26.697 26.697 36.123 40.647 40.647 40.647 36.175 31.62 -9999 -9999 -9999
-9999 -9999 -9999 26.652 26.652 26.652 26.652 32.719 40.242 40.242 40.242 35.766 30.753 -9999 -9999 -9999
-9999 -9999 -9999 26.609 26.609 26.609 31.471 33.177 40.151 40.151 40.151 35.216 30.203 -9999 -9999 -9999
-9999 -9999 -9999 26.57 26.57 26.57 31.927 33.633 40.108 40.108 40.108 34.717 29.704 -9999 -9999 -9999
-9999 -9999 -9999 26.533 26.533 26.533 32.379 34.085 40.068 40.068 40.068 34.226 -9999 -9999 -9999 -9999
-9999 -9999 -9999 26.526 26.526 26.526 32.829 34.535 40.032 40.032 40.032 33.74 -9999 -9999 -9999 -9999
-9999 -9999 -9999 26.497 26.497 26.497 33.277 34.983 40.002 40.002 40.002 -9999 -9999 -9999 -9999 -9999
-9999 -9999 -9999 26.471 26.471 26.471 33.723 35.429 40.065 40.065 -9999 -9999 -9999 -9999 -9999 -9999
-9999 -9999 -9999 26.447 26.447 26.447 34.166 35.872 35.872 -9999 -9999 -9999 -9999 -9999 -9999 -9999
-9999 -9999 -9999 -9999 26.426 26.426 34.608 35.992 35.992 -9999 -9999 -9999 -9999 -9999 -9999 -9999
-9999 -9999 -9999 -9999 26.41 26.41 35.05 35.05 35.05 -9999 -9999 -9999 -9999 -9999 -9999 -9999
-9999 -9999 -9999 -9999 26.421 26.421 26.421 26.421 26.404 -9999 -9999 -9999 -9999 -9999 -9999 -9999
-9999 -9999 -9999 -9999 25.953 25.953 25.953 25.953 20.161 -9999 -9999 -9999 -9999 -9999 -9999 -9999
-9999 -9999 -9999 -9999 -9999 19.72 19.72 19.72 -9999 -9999 -9999 -9999 -9999 -9999 -9999 -9999
-9999 -9999 -9999 -9999 -9999 19.265 19.265 19.265 -9999 -9999 -9999 -9999 -9999 -9999 -9999 -9999
-9999 -9999 -9999 -9999 -9999 18.8 18.8 18.8 -9999 -9999 -9999 -9999 -9999 -9999 -9999 -9999
