outputs_txt/Phd_CSDMS_0k_ky_05_03_2024/Basin_1_RLF_2500.txt
ncols         11
nrows         48
xllcorner     0.000000
yllcorner     0.000000
cellsize      200
NODATA_value  -9999
-9999 -9999 41.108 41.108 41.108 41.108 41.108 39.487 -9999 -9999 -9999
-9999 -9999 42.689 42.689 42.689 42.689 42.689 42.507 -9999 -9999 -9999
-9999 -9999 44.223 44.223 44.223 44.223 44.223 43.598 -9999 -9999 -9999
-9999 -9999 45.724 45.724 45.724 45.724 45.724 44.677 44.223 -9999 -9999
-9999 -9999 46.578 46.578 46.578 46.578 46.578 45.724 45.724 -9999 -9999
-9999 -9999 47.413 47.413 47.413 47.413 47.413 46.578 46.578 -9999 -9999
-9999 -9999 48.232 48.232 48.232 48.232 48.232 47.413 47.413 -9999 -9999
-9999 -9999 49.035 49.035 49.035 49.035 49.035 48.232 48.232 -9999 -9999
-9999 -9999 49.826 49.826 49.826 49.826 49.826 49.035 49.035 48.232 -9999
-9999 -9999 50.604 50.604 50.604 50.604 50.604 49.826 49.826 49.035 -9999
-9999 -9999 51.379 51.379 51.379 51.379 51.379 50.604 50.604 49.826 -9999
-9999 -9999 52.147 52.147 52.147 52.147 52.147 51.379 51.379 50.604 -9999
-9999 -9999 51.221 52.835 52.835 52.835 52.835 52.147 52.147 51.379 -9999
-9999 -9999 51.908 51.908 51.908 51.908 51.908 51.221 51.221 50.532 -9999
-9999 -9999 52.581 52.581 52.581 52.581 52.581 51.908 51.908 51.221 -9999
-9999 -9999 51.04 51.04 53.242 53.242 53.242 52.581 52.581 -9999 -9999
-9999 -9999 49.776 49.776 51.691 51.691 51.691 51.04 -9999 -9999 -9999
-9999 -9999 50.352 50.352 50.418 50.418 50.418 49.776 -9999 -9999 -9999
-9999 -9999 50.989 50.989 50.989 50.989 50.989 50.352 50.352 -9999 -9999
-9999 -9999 51.618 51.618 51.618 51.618 51.618 50.989 50.989 50.352 -9999
-9999 -9999 52.242 52.242 52.242 52.242 52.242 51.618 51.618 50.989 50.989
-9999 -9999 49.423 52.862 52.862 52.862 52.862 52.242 52.242 51.618 51.618
-9999 -9999 47.078 50.038 50.038 53.477 53.477 52.862 52.862 52.242 52.242
-9999 -9999 47.689 47.689 47.689 50.649 50.649 50.038 50.038 49.423 -9999
-9999 -9999 48.295 48.295 48.295 48.295 48.295 47.689 47.689 47.078 -9999
-9999 -9999 48.897 48.897 48.897 48.897 48.897 48.295 48.295 -9999 -9999
-9999 -9999 49.494 49.494 49.494 49.494 49.494 48.897 48.897 -9999 -9999
-9999 -9999 50.088 50.088 50.088 50.088 50.088 49.494 -9999 -9999 -9999
-9999 -9999 50.677 50.677 50.677 50.677 50.677 50.088 -9999 -9999 -9999
-9999 -9999 51.263 51.263 51.263 51.263 51.263 -9999 -9999 -9999 -9999
-9999 -9999 51.844 51.844 51.844 51.844 -9999 -9999 -9999 -9999 -9999
-9999 -9999 49.853 49.853 52.422 52.422 -9999 -9999 -9999 -9999 -9999
-9999 -9999 50.427 50.427 50.427 -9999 -9999 -9999 -9999 -9999 -9999
-9999 -9999 50.997 50.997 50.997 -9999 -9999 -9999 -9999 -9999 -9999
-9999 -9999 52.134 52.134 52.134 -9999 -9999 -9999 -9999 -9999 -9999
-9999 -9999 49.769 52.134 52.134 -9999 -9999 -9999 -9999 -9999 -9999
-9999 -9999 49.769 49.769 49.769 -9999 -9999 -9999 -9999 -9999 -9999
-9999 -9999 49.106 49.106 49.769 -9999 -9999 -9999 -9999 -9999 -9999
-9999 -9999 44.287 44.287 49.106 -9999 -9999 -9999 -9999 -9999 -9999
-9999 -9999 43.788 44.287 44.287 -9999 -9999 -9999 -9999 -9999 -9999
-9999 -9999 39.928 43.788 43.788 -9999 -9999 -9999 -9999 -9999 -9999
-9999 -9999 39.928 39.928 39.928 -9999 -9999 -9999 -9999 -9999 -9999
-9999 -9999 32.912 32.912 32.912 -9999 -9999 -9999 -9999 -9999 -9999
-9999 -9999 32.299 32.299 32.299 -9999 -9999 -9999 -9999 -9999 -9999
-9999 -9999 25.903 25.903 25.903 -9999 -9999 -9999 -9999 -9999 -9999
-9999 -9999 25.301 25.301 -9999 -9999 -9999 -9999 -9999 -9999 -9999
24.675 24.675 24.675 24.675 -9999 -9999 -9999 -9999 -9999 -9999 -9999
24.055 24.055 24.055 24.055 -9999 -9999 -9999 -9999 -9999 -9999 -9999
