outputs_txt/Phd_CSDMS_0k_ky_05_03_2024/Basin_9_RLF_5000.txt
ncols         6
nrows         48
xllcorner     9200.000000
yllcorner     0.000000
cellsize      200
NODATA_value  -9999
-9999 -9999 -9999 55.303 55.303 55.303
-9999 -9999 -9999 56.164 56.164 56.164
-9999 -9999 57.007 57.007 57.007 57.007
-9999 -9999 57.833 57.833 57.833 57.833
-9999 58.642 58.642 58.642 58.642 58.642
-9999 59.437 59.437 59.437 59.437 59.437
-9999 60.217 60.217 60.217 60.217 60.217
-9999 60.983 60.983 60.983 60.983 60.983
61.737 61.737 61.737 61.737 61.737 61.737
62.48 62.48 62.48 62.48 62.48 62.48
63.212 63.212 63.212 63.212 63.212 63.212
-9999 63.932 63.932 63.932 63.932 63.932
64.641 64.641 64.641 64.641 64.641 64.641
65.34 65.34 65.34 65.34 65.34 65.34
66.029 66.029 66.029 66.029 66.029 66.029
66.709 66.709 66.709 66.709 66.709 66.709
67.379 67.379 67.379 67.379 67.379 67.379
68.041 68.041 68.041 68.041 68.041 68.041
68.694 68.694 68.694 68.694 68.694 68.694
69.342 69.342 69.342 69.342 69.342 69.342
69.982 69.982 69.982 69.982 69.982 69.982
70.618 70.618 70.618 70.618 70.618 70.618
71.253 71.253 71.253 71.253 71.253 71.253
71.886 71.886 71.886 71.886 71.886 71.886
71.886 71.886 71.886 71.886 71.886 71.886
67.616 67.616 67.616 67.616 67.616 67.616
67.616 67.616 67.616 67.616 67.616 67.616
60.717 60.717 60.717 60.717 60.717 60.717
60.525 60.525 60.525 60.525 60.525 60.525
57.681 57.681 57.681 57.681 57.681 57.681
57.681 57.681 57.681 57.681 57.681 57.681
57.343 57.343 57.343 57.343 57.343 -9999
57.334 57.334 57.334 57.334 57.334 -9999
57.334 57.334 57.334 57.334 57.334 57.334
56.866 56.866 56.866 56.866 56.866 56.866
53.085 53.085 53.085 53.085 53.085 53.085
53.085 53.085 53.085 53.085 53.085 53.085
53.085 53.085 53.085 53.085 53.085 53.085
48.723 48.723 48.723 48.723 48.723 48.723
48.723 48.723 48.723 48.723 48.723 48.723
48.723 48.723 48.723 48.723 48.723 48.723
48.723 48.723 48.723 48.723 48.723 48.723
43.944 43.944 43.944 43.944 43.944 -9999
43.944 43.944 43.944 43.944 43.944 -9999
43.027 43.027 43.027 43.027 -9999 -9999
-9999 43.02 43.02 43.02 -9999 -9999
-9999 43.02 43.02 -9999 -9999 -9999
-9999 43.02 43.02 -9999 -9999 -9999
