outputs_txt/Phd_CSDMS_0k_ky_05_03_2024/Basin_14_RLF_5000.txt
ncols         21
nrows         48
xllcorner     13600.000000
yllcorner     0.000000
cellsize      200
NODATA_value  -9999
55.633 56.125 56.125 56.595 56.595 56.595 56.595 56.595 56.595 56.595 56.595 56.595 56.595 56.595 56.595 56.595 56.125 56.125 55.633 -9999 -9999
56.125 56.595 56.595 57.065 57.065 57.065 57.065 57.065 57.065 57.065 57.065 57.065 57.065 57.065 57.065 57.065 56.595 56.595 56.125 -9999 -9999
56.595 57.065 57.065 57.53 57.53 57.53 57.53 57.53 57.53 57.53 57.53 57.53 57.53 57.53 57.53 57.53 57.065 57.065 56.595 -9999 -9999
57.065 57.53 57.53 57.998 57.998 57.998 57.998 57.998 57.998 57.998 57.998 57.998 57.998 57.998 57.998 57.998 57.53 57.53 -9999 -9999 -9999
57.53 57.998 57.998 58.419 58.419 58.419 58.419 58.419 58.419 58.419 58.419 58.419 58.419 58.419 58.419 58.419 57.998 57.998 57.53 -9999 -9999
57.998 58.419 58.419 58.844 58.844 58.844 58.844 58.844 58.844 58.844 58.844 58.844 58.844 58.844 58.844 58.844 58.419 58.419 57.998 -9999 -9999
-9999 58.844 58.844 59.265 59.265 59.265 59.265 59.265 59.265 59.265 59.265 59.265 59.265 59.265 59.265 59.265 58.844 58.844 58.419 58.419 -9999
58.844 59.265 59.265 59.684 59.684 59.684 59.684 59.684 59.684 59.684 59.684 59.684 59.684 59.684 59.684 59.684 59.265 59.265 58.844 58.844 -9999
59.265 59.684 59.684 60.09 60.09 60.09 60.09 60.09 60.09 60.09 60.09 60.09 60.09 60.09 60.09 60.09 59.684 59.684 59.265 59.265 -9999
-9999 60.09 60.09 60.501 60.501 60.501 60.501 60.501 60.501 60.501 60.501 60.501 60.501 60.501 60.501 60.501 60.09 60.09 59.684 59.684 -9999
60.09 60.501 60.501 60.901 60.901 60.901 60.901 60.901 60.901 60.901 60.901 60.901 60.901 60.901 60.901 60.901 60.501 60.501 60.09 -9999 -9999
60.501 60.901 60.901 61.302 61.302 61.302 61.302 61.302 61.302 61.302 61.302 61.302 61.302 61.302 61.302 61.302 60.901 60.901 60.501 -9999 -9999
60.901 61.302 61.302 61.698 61.698 61.698 61.698 61.698 61.698 61.698 61.698 61.698 61.698 61.698 61.698 61.698 61.302 61.302 60.901 -9999 -9999
61.302 61.698 61.698 62.092 62.092 62.092 62.092 62.092 62.092 62.092 62.092 62.092 62.092 62.092 62.092 62.092 61.698 61.698 61.302 61.302 -9999
-9999 62.092 62.092 62.484 62.484 62.484 62.484 62.484 62.484 62.484 62.484 62.484 62.484 62.484 62.484 62.484 62.092 62.092 61.698 61.698 61.302
-9999 62.484 62.484 62.874 62.874 62.874 62.874 62.874 62.874 62.874 62.874 62.874 62.874 62.874 62.874 62.874 62.484 62.484 62.092 62.092 -9999
62.484 62.874 62.874 63.261 63.261 63.261 63.261 63.261 63.261 63.261 63.261 63.261 63.261 63.261 63.261 63.261 62.874 62.874 62.484 -9999 -9999
62.874 63.261 63.261 63.646 63.646 63.646 63.646 63.646 63.646 63.646 63.646 63.646 63.646 63.646 63.646 63.646 63.261 63.261 62.874 -9999 -9999
63.261 63.646 63.646 64.03 64.03 64.03 64.03 64.03 64.03 64.03 64.03 64.03 64.03 64.03 64.03 64.03 63.646 63.646 63.044 -9999 -9999
-9999 64.03 64.03 64.413 64.413 64.413 64.413 64.413 64.413 64.413 64.413 64.413 64.413 64.413 64.413 64.413 64.03 63.814 -9999 -9999 -9999
-9999 -9999 64.413 64.795 64.795 64.795 64.795 64.795 64.795 64.795 64.795 64.795 64.795 64.795 64.795 64.795 64.197 63.073 -9999 -9999 -9999
-9999 64.795 64.795 65.175 65.175 65.175 65.175 65.175 65.175 65.175 65.175 65.175 65.175 65.175 65.175 64.958 63.455 63.455 63.073 -9999 -9999
-9999 -9999 65.175 65.555 65.555 65.555 65.555 65.555 65.555 65.555 65.555 65.555 65.555 65.339 65.339 64.216 63.835 63.835 63.455 63.455 -9999
-9999 65.555 65.555 65.937 65.937 65.937 65.937 65.937 65.937 65.937 65.937 65.72 65.72 64.597 64.597 64.597 64.597 64.216 63.835 63.835 -9999
-9999 -9999 65.937 65.937 65.937 65.937 65.937 65.937 65.937 65.72 65.72 60.679 64.597 64.597 64.597 64.597 64.597 64.597 64.597 64.216 -9999
-9999 -9999 65.937 65.937 65.937 65.937 65.937 65.72 65.72 60.679 60.679 60.679 60.679 60.679 60.679 59.844 59.844 59.844 59.844 -9999 -9999
-9999 -9999 65.72 65.72 65.72 65.72 65.72 60.679 60.679 60.679 60.679 60.679 60.679 59.844 59.844 59.844 59.844 59.844 59.844 -9999 -9999
-9999 60.679 60.679 60.679 60.679 60.679 60.679 60.679 60.679 60.679 60.679 59.844 59.844 59.844 59.844 59.844 59.844 59.844 59.844 -9999 -9999
-9999 60.679 60.679 60.679 60.679 60.679 60.679 60.679 60.679 59.844 59.844 59.844 59.844 59.844 59.844 59.844 59.844 59.844 59.844 59.844 -9999
-9999 -9999 60.679 60.679 60.679 60.679 60.679 59.085 59.085 59.085 59.085 59.844 59.844 59.844 59.844 59.844 59.844 59.844 -9999 -9999 -9999
-9999 -9999 -9999 -9999 59.085 59.085 59.085 59.085 59.085 56.813 56.813 58.267 58.267 59.844 59.844 59.844 59.844 -9999 -9999 -9999 -9999
-9999 -9999 -9999 -9999 59.085 59.085 59.085 55.387 55.387 55.486 55.486 56.813 56.813 58.267 58.267 58.267 58.267 -9999 -9999 -9999 -9999
-9999 -9999 -9999 -9999 55.387 55.387 55.387 55.314 55.314 55.314 54.162 55.486 55.486 56.813 56.813 56.813 56.813 -9999 -9999 -9999 -9999
-9999 -9999 -9999 -9999 55.314 55.314 55.314 55.314 54.162 52.713 52.713 52.713 52.713 55.486 55.486 55.486 -9999 -9999 -9999 -9999 -9999
-9999 -9999 -9999 -9999 54.162 54.162 54.162 52.713 52.713 52.713 52.713 52.713 52.713 52.713 -9999 -9999 -9999 -9999 -9999 -9999 -9999
-9999 -9999 -9999 -9999 -9999 52.713 52.713 52.713 52.713 52.713 52.713 52.713 52.713 52.713 -9999 -9999 -9999 -9999 -9999 -9999 -9999
-9999 -9999 -9999 -9999 -9999 52.713 52.713 52.713 52.713 52.713 52.713 52.713 52.713 -9999 -9999 -9999 -9999 -9999 -9999 -9999 -9999
-9999 -9999 -9999 -9999 -9999 52.713 52.713 52.713 52.713 52.713 52.713 52.713 52.713 -9999 -9999 -9999 -9999 -9999 -9999 -9999 -9999
-9999 -9999 -9999 -9999 -9999 52.713 52.713 52.713 52.713 52.713 52.713 52.713 52.713 -9999 -9999 -9999 -9999 -9999 -9999 -9999 -9999
-9999 -9999 -9999 -9999 -9999 52.713 52.713 52.713 52.713 52.713 52.713 52.713 52.713 -9999 -9999 -9999 -9999 -9999 -9999 -9999 -9999
-9999 -9999 -9999 -9999 -9999 -9999 52.713 52.713 52.713 52.713 52.713 52.713 52.713 -9999 -9999 -9999 -9999 -9999 -9999 -9999 -9999
-9999 -9999 -9999 -9999 -9999 -9999 52.713 52.713 52.713 52.713 52.713 52.713 -9999 -9999 -9999 -9999 -9999 -9999 -9999 -9999 -9999
-9999 -9999 -9999 -9999 -9999 -9999 -9999 52.713 52.713 52.713 52.713 52.713 -9999 -9999 -9999 -9999 -9999 -9999 -9999 -9999 -9999
-9999 -9999 -9999 -9999 -9999 -9999 -9999 52.713 52.713 52.713 52.713 52.713 -9999 -9999 -9999 -9999 -9999 -9999 -9999 -9999 -9999
-9999 -9999 -9999 -9999 -9999 -9999 -9999 52.713 52.713 52.713 52.713 52.713 -9999 -9999 -9999 -9999 -9999 -9999 -9999 -9999 -9999
-9999 -9999 -9999 -9999 -9999 -9999 -9999 -9999 52.1 52.713 52.713 -9999 -9999 -9999 -9999 -9999 -9999 -9999 -9999 -9999 -9999
-9999 -9999 -9999 -9999 -9999 -9999 -9999 -9999 -9999 52.1 52.1 -9999 -9999 -9999 -9999 -9999 -9999 -9999 -9999 -9999 -9999
-9999 -9999 -9999 -9999 -9999 -9999 -9999 -9999 -9999 49.635 49.635 -9999 -9999 -9999 -9999 -9999 -9999 -9999 -9999 -9999 -9999
