outputs_txt/Phd_CSDMS_0k_ky_05_03_2024/Basin_5_RLF_5000.txt
ncols         16
nrows         48
xllcorner     3800.000000
yllcorner     0.000000
cellsize      200
NODATA_value  -9999
-9999 54.456 54.456 54.456 54.456 54.456 54.456 54.456 54.456 54.456 54.456 54.456 54.456 53.917 -9999 -9999
-9999 54.993 54.993 54.993 54.993 54.993 54.993 54.993 54.993 54.993 54.993 54.993 54.993 54.456 -9999 -9999
-9999 55.528 55.528 55.528 55.528 55.528 55.528 55.528 55.528 55.528 55.528 55.528 55.528 -9999 -9999 -9999
-9999 56.043 56.043 56.043 56.043 56.043 56.043 56.043 56.043 56.043 56.043 56.043 56.043 55.528 -9999 -9999
-9999 56.558 56.558 56.558 56.558 56.558 56.558 56.558 56.558 56.558 56.558 56.558 56.558 56.043 56.043 -9999
57.065 57.065 57.065 57.065 57.065 57.065 57.065 57.065 57.065 57.065 57.065 57.065 57.065 56.558 56.558 56.043
57.565 57.565 57.565 57.565 57.565 57.565 57.565 57.565 57.565 57.565 57.565 57.565 57.565 57.065 57.065 56.558
58.06 58.06 58.06 58.06 58.06 58.06 58.06 58.06 58.06 58.06 58.06 58.06 58.06 57.565 57.565 57.065
-9999 58.548 58.548 58.548 58.548 58.548 58.548 58.548 58.548 58.548 58.548 58.548 58.548 58.06 58.06 -9999
-9999 59.031 59.031 59.031 59.031 59.031 59.031 59.031 59.031 59.031 59.031 59.031 59.031 58.548 58.548 -9999
-9999 59.509 59.509 59.509 59.509 59.509 59.509 59.509 59.509 59.509 59.509 59.509 59.509 59.031 -9999 -9999
-9999 59.981 59.981 59.981 59.981 59.981 59.981 59.981 59.981 59.981 59.981 59.981 59.981 59.509 59.509 -9999
-9999 60.448 60.448 60.448 60.448 60.448 60.448 60.448 60.448 60.448 60.448 60.448 60.448 59.981 59.981 59.509
-9999 60.911 60.911 60.911 60.911 60.911 60.911 60.911 60.911 60.911 60.911 60.911 60.911 60.448 60.448 59.981
-9999 61.369 61.369 61.369 61.369 61.369 61.369 61.369 61.369 61.369 61.369 61.369 61.369 60.911 60.911 -9999
-9999 61.825 61.825 61.825 61.825 61.825 61.825 61.825 61.825 61.825 61.825 61.825 61.825 61.369 61.369 -9999
-9999 62.277 62.277 62.277 62.277 62.277 62.277 62.277 62.277 62.277 62.277 62.277 62.277 61.825 61.825 -9999
-9999 62.727 62.727 62.727 62.727 62.727 62.727 62.727 62.727 62.727 62.727 62.727 62.727 62.277 62.277 -9999
-9999 63.175 63.175 63.175 63.175 63.175 63.175 63.175 63.175 63.175 63.175 63.175 63.175 62.727 62.727 -9999
-9999 63.621 63.621 63.621 63.621 63.621 63.621 63.621 63.621 63.621 63.621 63.621 63.621 63.175 63.175 -9999
-9999 -9999 64.064 64.064 64.064 64.064 64.064 64.064 64.064 64.064 64.064 64.064 64.064 63.621 63.621 -9999
-9999 -9999 64.506 64.506 64.506 64.506 64.506 64.506 64.506 64.506 64.506 64.506 64.506 64.064 64.064 -9999
-9999 -9999 64.948 64.948 64.948 64.948 64.948 64.948 64.948 64.948 64.948 64.948 64.948 64.506 -9999 -9999
-9999 -9999 -9999 65.39 65.39 65.39 65.39 65.39 65.39 65.39 65.39 65.39 65.39 65.389 -9999 -9999
-9999 -9999 -9999 65.39 65.39 65.39 65.39 65.39 65.39 65.39 65.39 65.39 65.39 65.39 -9999 -9999
-9999 -9999 -9999 65.39 65.39 65.39 65.39 65.39 65.39 65.39 65.39 65.39 65.39 65.39 -9999 -9999
-9999 -9999 -9999 65.39 65.39 65.39 65.39 65.39 65.39 65.39 65.39 65.39 65.39 65.39 -9999 -9999
-9999 -9999 -9999 65.39 65.39 65.39 65.39 65.39 65.39 65.39 65.39 65.39 65.39 65.39 -9999 -9999
-9999 -9999 -9999 63.92 63.92 65.39 65.39 65.39 65.39 65.39 65.39 65.39 65.39 -9999 -9999 -9999
-9999 -9999 -9999 57.539 57.539 63.92 63.92 65.39 65.39 65.39 65.39 65.39 65.39 -9999 -9999 -9999
-9999 -9999 -9999 57.539 57.539 57.539 57.539 63.92 63.92 65.39 65.39 65.39 65.39 -9999 -9999 -9999
-9999 -9999 -9999 57.539 57.539 57.539 57.539 57.539 57.539 63.92 63.92 63.92 63.92 -9999 -9999 -9999
-9999 -9999 -9999 57.539 57.539 57.539 57.539 57.539 57.539 57.539 57.539 57.539 57.539 -9999 -9999 -9999
-9999 -9999 -9999 57.539 57.539 57.539 57.539 57.539 57.539 57.539 57.539 57.539 57.539 -9999 -9999 -9999
-9999 -9999 -9999 56.522 56.522 57.539 57.539 57.539 57.539 57.539 57.539 57.539 57.539 -9999 -9999 -9999
-9999 -9999 -9999 50.993 50.993 56.522 56.522 57.539 57.539 57.539 57.539 57.539 57.539 -9999 -9999 -9999
-9999 -9999 -9999 50.993 50.993 50.993 50.993 56.522 56.522 57.539 57.539 57.539 -9999 -9999 -9999 -9999
-9999 -9999 -9999 50.205 50.205 50.205 50.895 50.895 50.895 56.522 56.522 56.522 -9999 -9999 -9999 -9999
-9999 -9999 -9999 50.205 50.205 50.205 50.205 50.205 50.895 50.895 50.895 -9999 -9999 -9999 -9999 -9999
-9999 -9999 -9999 50.205 50.205 50.205 50.205 50.205 50.205 50.205 -9999 -9999 -9999 -9999 -9999 -9999
-9999 -9999 -9999 50.205 50.205 50.205 50.205 50.205 50.205 -9999 -9999 -9999 -9999 -9999 -9999 -9999
-9999 -9999 -9999 -9999 50.205 50.205 50.205 50.205 50.205 -9999 -9999 -9999 -9999 -9999 -9999 -9999
-9999 -9999 -9999 -9999 49.199 49.199 50.205 50.205 50.205 -9999 -9999 -9999 -9999 -9999 -9999 -9999
-9999 -9999 -9999 -9999 49.199 49.199 49.199 49.199 50.205 -9999 -9999 -9999 -9999 -9999 -9999 -9999
-9999 -9999 -9999 -9999 49.199 49.199 49.199 49.199 49.199 -9999 -9999 -9999 -9999 -9999 -9999 -9999
-9999 -9999 -9999 -9999 -9999 49.199 49.199 49.199 -9999 -9999 -9999 -9999 -9999 -9999 -9999 -9999
-9999 -9999 -9999 -9999 -9999 49.199 49.199 49.199 -9999 -9999 -9999 -9999 -9999 -9999 -9999 -9999
-9999 -9999 -9999 -9999 -9999 49.199 49.199 49.199 -9999 -9999 -9999 -9999 -9999 -9999 -9999 -9999
