outputs_txt/Phd_CSDMS_0k_ky_05_03_2024/Basin_10_RLF_1000.txt
ncols         10
nrows         48
xllcorner     10200.000000
yllcorner     0.000000
cellsize      200
NODATA_value  -9999
-9999 30.65 30.65 30.65 30.65 32.084 32.084 32.084 32.084 30.219
-9999 32.031 32.031 32.031 32.031 33.465 33.465 33.465 33.465 30.219
-9999 33.32 33.32 33.32 33.32 34.754 34.754 34.754 34.754 30.219
-9999 34.532 34.532 34.532 34.532 35.966 35.966 35.966 35.966 -9999
-9999 35.679 35.679 35.679 35.679 37.113 37.113 37.113 37.113 -9999
-9999 36.771 36.771 36.771 36.771 38.205 38.205 38.205 38.205 -9999
-9999 35.935 35.935 35.935 35.935 35.985 35.985 35.985 35.985 -9999
-9999 30.955 30.955 30.955 34.742 34.742 34.742 34.742 34.742 -9999
-9999 31.924 31.924 31.924 35.457 35.457 35.457 35.457 35.457 -9999
-9999 31.499 31.499 31.499 36.392 36.392 36.392 36.392 36.392 -9999
-9999 31.136 31.136 31.136 36.115 36.115 36.115 36.115 -9999 -9999
-9999 30.805 30.805 30.805 35.78 35.78 35.78 35.78 35.78 -9999
-9999 30.455 30.455 30.455 35.496 35.496 35.496 35.496 35.496 -9999
-9999 30.258 30.258 30.258 35.225 35.225 35.225 35.225 35.225 -9999
-9999 30.024 30.024 30.024 34 34 34 34 34 -9999
-9999 29.751 29.751 29.751 34.789 34.789 34.789 34.789 34.789 -9999
-9999 29.59 29.59 29.59 34.564 34.564 34.564 34.564 34.564 -9999
-9999 29.426 29.426 29.426 34.386 34.386 34.386 34.386 34.386 -9999
-9999 29.209 29.209 29.209 34.224 34.224 34.224 34.224 -9999 -9999
-9999 29.097 29.097 29.097 34.076 34.076 34.076 34.076 -9999 -9999
-9999 28.962 28.962 28.962 33.942 33.942 33.942 33.942 -9999 -9999
-9999 28.852 28.852 28.852 33.828 33.828 33.828 33.828 -9999 -9999
-9999 28.682 28.682 28.682 28.682 28.682 28.682 28.682 -9999 -9999
-9999 28.61 28.61 28.61 28.61 28.61 28.584 28.584 -9999 -9999
-9999 28.505 28.505 28.505 28.505 28.505 28.458 28.458 -9999 -9999
-9999 28.403 28.403 28.405 29.108 29.108 29.108 29.108 -9999 -9999
-9999 28.305 28.305 28.317 29.754 29.754 29.754 29.754 -9999 -9999
-9999 28.232 28.232 28.232 30.394 30.394 30.394 30.394 30.394 -9999
-9999 28.735 28.735 28.769 31.651 31.651 31.651 31.651 31.027 -9999
-9999 28.667 28.667 28.682 32.267 32.267 32.267 32.267 31.027 -9999
-9999 28.58 28.58 28.58 32.873 32.873 32.873 32.873 31.027 -9999
28.497 28.497 28.497 28.497 33.471 33.471 33.471 33.471 31.027 -9999
28.417 28.417 28.417 28.417 33.964 33.964 33.964 33.964 30.93 -9999
-9999 28.793 28.793 28.793 34.546 34.546 34.546 34.546 30.93 -9999
-9999 29.369 29.369 32.476 35.122 35.122 35.122 35.122 30.93 -9999
-9999 29.26 29.26 33.047 35.693 35.693 35.693 35.693 30.93 -9999
-9999 25.617 25.617 33.612 36.258 36.258 36.258 36.258 -9999 -9999
-9999 21.662 24.513 34.172 36.818 36.818 36.818 36.818 -9999 -9999
-9999 21.661 25.068 34.727 36.841 36.841 36.841 36.841 -9999 -9999
-9999 21.613 25.617 35.277 36.857 36.857 36.857 -9999 -9999 -9999
-9999 21.567 26.162 35.822 35.822 35.822 35.822 -9999 -9999 -9999
-9999 21.527 26.705 36.365 36.365 36.365 36.365 -9999 -9999 -9999
-9999 21.493 27.247 36.907 36.907 36.907 36.907 -9999 -9999 -9999
-9999 21.463 27.242 27.242 27.242 27.242 27.242 -9999 -9999 -9999
-9999 -9999 26.663 26.663 26.663 26.663 -9999 -9999 -9999 -9999
-9999 -9999 26.09 26.09 26.09 -9999 -9999 -9999 -9999 -9999
-9999 -9999 -9999 25.525 -9999 -9999 -9999 -9999 -9999 -9999
-9999 -9999 -9999 25.001 -9999 -9999 -9999 -9999 -9999 -9999
