outputs_txt/Phd_CSDMS_0k_ky_05_03_2024/Basin_7_RLF_2500.txt
ncols         7
nrows         35
xllcorner     6400.000000
yllcorner     0.000000
cellsize      200
NODATA_value  -9999
-9999 -9999 -9999 39.993 39.993 -9999 -9999
-9999 -9999 41.234 41.234 41.234 41.234 -9999
-9999 -9999 42.422 42.422 42.422 42.422 -9999
-9999 -9999 43.555 43.555 43.555 43.555 -9999
-9999 -9999 44.642 44.642 44.642 44.642 -9999
-9999 -9999 45.687 45.687 45.687 45.687 45.687
-9999 -9999 46.694 46.694 46.694 46.694 46.694
-9999 -9999 47.668 47.668 47.668 47.668 47.668
-9999 -9999 48.612 48.612 48.612 48.612 48.612
-9999 49.528 49.528 49.528 49.528 49.528 49.528
-9999 50.418 50.418 50.418 50.418 50.418 50.418
-9999 51.293 51.293 51.293 51.293 51.293 51.293
-9999 52.152 52.152 52.152 52.152 52.152 52.152
-9999 52.96 52.96 52.96 52.96 52.96 52.96
-9999 48.1 48.1 48.1 48.1 48.1 48.1
48.25 48.25 48.25 48.25 48.25 48.25 48.25
46.415 46.415 46.415 46.415 46.415 46.415 46.415
46.382 46.382 46.382 46.382 46.382 46.382 46.382
44.038 44.038 44.038 44.038 44.038 44.038 44.038
44.818 44.818 44.818 44.818 44.818 44.818 44.818
45.588 45.588 45.588 45.588 45.588 45.588 45.588
46.354 46.354 46.354 46.354 46.354 46.354 44.822
-9999 45.586 45.586 45.586 45.586 45.586 44.375
-9999 -9999 44.375 44.375 44.375 44.375 44.375
-9999 -9999 44.375 44.375 44.375 44.375 44.375
-9999 -9999 44.375 44.375 44.375 44.375 44.375
-9999 -9999 -9999 44.375 44.375 44.375 44.375
-9999 -9999 -9999 44.375 44.375 43.29 43.29
-9999 -9999 -9999 43.29 43.29 42.248 42.248
-9999 -9999 -9999 42.248 42.248 41.244 41.244
-9999 -9999 -9999 41.244 41.244 40.273 40.273
-9999 -9999 -9999 40.273 40.273 39.333 39.333
-9999 -9999 -9999 39.333 39.333 38.508 -9999
-9999 -9999 -9999 -9999 38.508 33.515 -9999
-9999 -9999 -9999 -9999 33.515 33.515 -9999
