outputs_txt/Phd_CSDMS_0k_ky_05_03_2024/Basin_4_RLF_5000.txt
ncols         14
nrows         48
xllcorner     1600.000000
yllcorner     0.000000
cellsize      200
NODATA_value  -9999
53.286 53.924 53.924 54.559 54.559 54.559 54.559 54.559 54.559 54.559 54.559 54.559 -9999 -9999
53.924 54.559 54.559 55.189 55.814 55.814 55.814 55.814 55.814 55.814 55.814 55.814 -9999 -9999
54.559 55.189 55.814 55.814 56.42 56.42 56.42 56.42 56.42 56.42 56.42 56.42 -9999 -9999
-9999 55.814 56.42 56.42 57.019 57.019 57.019 57.019 57.019 57.019 57.019 57.019 -9999 -9999
-9999 56.42 57.019 57.019 57.612 57.612 57.612 57.612 57.612 57.612 57.612 57.612 -9999 -9999
-9999 57.019 57.612 57.612 58.199 58.199 58.199 58.199 58.199 58.199 58.199 -9999 -9999 -9999
-9999 57.612 58.199 58.199 58.782 58.782 58.782 58.782 58.782 58.782 58.782 -9999 -9999 -9999
-9999 58.199 58.782 58.782 59.36 59.36 59.36 59.36 59.36 59.36 59.36 -9999 -9999 -9999
-9999 -9999 59.399 60.503 60.503 60.503 60.503 60.503 60.503 60.503 60.503 60.503 -9999 -9999
-9999 -9999 60.503 61.007 61.007 61.007 61.007 61.007 61.007 61.007 61.007 61.007 -9999 -9999
-9999 -9999 61.007 61.509 61.509 61.509 61.509 61.509 61.509 61.509 61.509 61.509 -9999 -9999
-9999 -9999 61.509 62.005 62.005 62.005 62.005 62.005 62.005 62.005 62.005 62.005 -9999 -9999
-9999 -9999 62.005 62.496 62.496 62.496 62.496 62.496 62.496 62.496 62.496 62.496 -9999 -9999
-9999 -9999 62.496 62.983 62.983 62.983 62.983 62.983 62.983 62.983 62.983 62.983 -9999 -9999
-9999 -9999 62.983 63.465 63.465 63.465 63.465 63.465 63.465 63.465 63.465 63.465 -9999 -9999
-9999 63.465 63.465 63.943 63.943 63.943 63.943 63.943 63.943 63.943 63.943 63.943 -9999 -9999
63.465 63.943 63.943 64.417 64.417 64.417 64.417 64.417 64.417 64.417 64.417 64.417 -9999 -9999
63.943 64.417 64.417 64.888 64.888 64.888 64.888 64.888 64.888 64.888 64.888 64.888 -9999 -9999
-9999 64.888 64.888 65.357 65.357 65.357 65.357 65.357 65.357 65.357 65.357 65.357 -9999 -9999
-9999 -9999 65.357 65.823 65.823 65.823 65.823 65.823 65.823 65.823 65.823 65.823 -9999 -9999
-9999 -9999 -9999 66.287 66.287 66.287 66.287 66.287 66.287 66.287 66.287 66.287 66.287 -9999
-9999 -9999 -9999 66.748 66.748 66.748 66.748 66.748 66.748 66.748 66.748 66.748 66.748 -9999
-9999 -9999 -9999 67.21 67.21 67.21 67.21 67.21 67.21 67.21 67.21 67.21 67.21 -9999
-9999 -9999 67.17 67.672 67.672 67.672 67.672 67.672 67.672 67.672 67.672 67.672 67.672 67.672
-9999 -9999 67.632 67.632 67.632 67.672 67.672 67.672 67.672 67.672 67.672 67.672 67.672 67.672
-9999 67.632 67.632 67.632 67.632 67.632 67.632 67.632 67.632 67.035 67.035 67.035 60.648 60.648
-9999 67.632 67.632 67.632 67.632 67.632 67.632 67.035 67.035 67.035 60.002 60.002 60.002 60.002
67.035 67.035 67.035 67.035 67.035 67.035 67.035 67.035 60.002 60.002 60.002 60.002 59.996 59.996
60.002 60.002 60.002 60.002 60.002 60.002 60.002 60.002 60.002 60.002 59.996 59.996 59.996 59.996
60.002 60.002 60.002 60.002 60.002 60.002 60.002 60.002 59.996 59.996 59.996 59.996 58.909 58.909
-9999 59.996 59.996 59.996 59.996 59.996 59.996 59.996 59.996 59.996 58.909 58.909 58.909 57.847
-9999 59.996 59.996 59.996 59.996 59.996 59.996 59.996 58.909 58.909 58.909 57.847 57.847 57.734
-9999 58.909 58.909 58.909 58.909 58.909 58.909 58.909 58.909 57.847 57.847 57.734 57.734 57.734
-9999 57.847 57.847 57.847 57.847 57.847 57.847 57.847 57.847 57.734 57.734 57.734 57.734 57.734
-9999 -9999 57.734 57.734 57.734 57.734 57.734 57.734 57.734 57.734 57.734 57.734 57.734 57.734
-9999 -9999 -9999 -9999 -9999 -9999 57.734 57.734 57.734 57.734 57.734 57.734 57.734 57.734
-9999 -9999 -9999 -9999 -9999 -9999 57.734 57.734 57.734 57.734 57.734 57.734 57.734 57.734
-9999 -9999 -9999 -9999 -9999 -9999 57.734 57.734 57.734 57.734 57.734 57.734 57.734 57.734
-9999 -9999 -9999 -9999 -9999 -9999 57.734 57.734 57.734 57.734 57.734 57.734 57.734 57.734
-9999 -9999 -9999 -9999 -9999 -9999 57.734 57.734 57.734 57.734 57.734 57.734 57.734 -9999
-9999 -9999 -9999 -9999 -9999 -9999 57.734 57.734 57.734 57.734 57.734 57.734 57.734 -9999
-9999 -9999 -9999 -9999 -9999 -9999 -9999 57.734 57.734 57.734 57.734 57.734 -9999 -9999
-9999 -9999 -9999 -9999 -9999 -9999 -9999 57.734 57.734 57.734 57.734 57.734 -9999 -9999
-9999 -9999 -9999 -9999 -9999 -9999 -9999 57.734 57.734 57.734 57.734 57.734 -9999 -9999
-9999 -9999 -9999 -9999 -9999 -9999 -9999 57.734 57.734 57.734 57.734 57.734 -9999 -9999
-9999 -9999 -9999 -9999 -9999 -9999 -9999 -9999 57.734 57.734 57.734 -9999 -9999 -9999
-9999 -9999 -9999 -9999 -9999 -9999 -9999 -9999 -9999 57.734 -9999 -9999 -9999 -9999
-9999 -9999 -9999 -9999 -9999 -9999 -9999 -9999 -9999 57.734 -9999 -9999 -9999 -9999
