outputs_txt/Phd_CSDMS_0k_ky_05_03_2024/Basin_14_RLF_1000.txt
ncols         21
nrows         48
xllcorner     13600.000000
yllcorner     0.000000
cellsize      200
NODATA_value  -9999
31.319 33.706 35.915 37.982 39.931 33.001 33.001 28.958 24.475 33.481 33.481 33.481 33.561 35.533 35.486 31.275 28.941 28.941 28.941 -9999 -9999
31.319 33.706 35.915 37.982 39.931 34.047 34.047 30.004 25.521 34.527 34.527 34.527 34.607 36.579 35.486 31.275 30.817 30.817 30.817 -9999 -9999
31.319 33.706 35.915 37.982 39.931 37.05 35.086 31.044 27.349 35.567 35.567 35.567 35.646 37.618 38.787 34.666 32.523 32.523 32.523 -9999 -9999
31.319 33.706 35.915 37.982 39.931 38.032 36.069 32.026 28.332 36.549 36.549 36.549 36.629 38.601 38.787 34.666 34.1 34.1 -9999 -9999 -9999
33.538 35.921 38.12 38.12 39.931 38.989 37.025 32.983 29.288 37.506 37.506 37.506 37.585 39.557 38.787 35.554 35.554 35.554 35.554 -9999 -9999
33.538 35.921 40.182 40.182 40.182 39.931 37.968 33.925 30.231 36.165 36.165 36.165 36.165 36.165 35.178 32.16 32.16 32.16 32.16 -9999 -9999
-9999 36.107 41.915 41.915 41.915 40.841 38.878 34.835 31.14 37.075 37.075 37.075 37.075 37.075 35.178 33.452 33.452 33.452 33.452 33.452 -9999
28.28 31.065 38.658 38.658 38.658 41.733 35.996 32.033 32.033 34.586 34.586 34.586 34.586 37.327 35.178 34.683 34.683 34.683 34.683 34.683 -9999
36.123 38.328 40.391 41.692 42.968 42.613 36.877 32.913 32.913 35.466 35.466 35.466 35.466 35.466 35.178 35.874 35.874 35.874 35.874 35.874 -9999
-9999 38.328 40.391 41.692 42.968 43.326 37.589 33.625 33.625 36.178 36.178 36.178 36.178 36.178 29.093 37.024 37.024 37.024 37.024 37.024 -9999
34.529 36.734 38.797 40.098 41.373 44.035 38.298 34.335 34.335 32.459 32.459 32.459 32.459 32.459 31.299 41.202 41.202 40.208 39.19 -9999 -9999
34.529 36.734 38.797 40.098 41.373 40.989 35.216 32.257 30.353 33.159 33.159 33.159 33.159 33.159 31.514 40.597 40.597 38.632 37.614 -9999 -9999
30.831 33.037 35.1 36.401 37.676 41.681 35.908 32.949 31.045 32.436 32.436 32.436 32.436 32.436 32.475 40.103 40.103 37.177 36.159 -9999 -9999
32.808 34.959 36.941 38.822 40.612 42.37 36.597 33.638 29.333 31.842 31.842 31.842 31.842 31.842 33.412 39.714 39.714 35.85 34.832 33.804 -9999
-9999 33.807 35.789 37.67 39.46 36.884 34.561 34.274 29.259 31.117 31.117 31.117 31.117 31.881 36.036 35.192 34.344 32.14 29.757 27.503 24.895
-9999 28.774 30.756 32.636 34.426 37.325 35.008 32.216 29.763 30.602 30.602 30.602 30.602 32.385 34.81 33.966 33.118 30.914 28.531 26.277 -9999
28.117 30.268 32.25 34.13 35.92 39.321 39.321 33.21 30.265 28.287 26.497 28.155 31.054 35.161 34.666 33.822 32.974 30.77 28.387 -9999 -9999
29.134 31.285 33.267 35.147 36.937 40.838 39.82 33.709 30.764 30.105 30.105 30.105 31.553 35.741 39.113 38.269 37.421 35.217 32.834 -9999 -9999
29.134 31.285 33.267 35.866 36.937 41.337 40.32 34.209 31.263 30.604 30.604 30.604 32.052 36.24 39.113 38.325 37.477 35.273 32.89 -9999 -9999
-9999 31.285 34.135 38.237 40.043 41.829 40.812 34.7 29.777 31.096 31.096 31.096 32.544 36.732 39.113 38.721 37.873 35.669 -9999 -9999 -9999
-9999 -9999 34.135 38.237 40.043 42.298 41.281 35.17 30.247 31.565 31.565 31.565 33.014 37.202 39.113 38.721 37.873 35.669 -9999 -9999 -9999
-9999 31.285 34.135 38.237 40.043 42.768 41.751 35.64 30.716 32.035 32.035 32.035 33.484 37.672 39.113 38.721 37.873 35.669 34.855 -9999 -9999
-9999 -9999 34.135 38.237 40.043 43.234 42.217 36.105 31.182 32.501 32.501 32.501 33.949 38.137 39.113 38.721 37.873 36.639 36.639 31.64 -9999
-9999 35.217 37.536 39.695 41.72 43.701 42.684 36.573 31.65 32.968 32.968 32.968 34.417 38.605 43.077 42.273 40.99 39.663 38.296 33.811 -9999
-9999 -9999 37.536 39.695 41.72 44.122 43.105 36.994 31.96 33.389 33.389 33.389 34.838 39.025 43.077 42.273 40.99 39.663 38.296 33.811 -9999
-9999 -9999 37.536 39.695 41.72 44.548 42.542 32.708 27.709 33.815 33.815 33.815 34.949 39.451 43.077 42.273 40.99 39.663 38.296 -9999 -9999
-9999 -9999 35.822 37.981 40.006 43.255 42.963 33.128 32.327 28.603 28.603 28.603 34.882 34.882 34.584 42.273 40.99 39.663 38.296 -9999 -9999
-9999 33.503 35.822 37.981 40.006 43.674 43.382 33.547 32.746 28.548 26.279 27.011 35.301 35.301 35.311 42.273 40.99 39.663 38.296 -9999 -9999
-9999 33.212 35.53 37.689 39.714 43.788 43.788 33.954 33.152 28.955 26.284 27.417 35.708 35.708 35.311 41.66 40.376 39.049 37.682 33.197 -9999
-9999 -9999 31.667 34.613 37.537 40.336 40.314 33.907 33.563 29.365 30.809 33.623 36.118 36.118 35.311 36.242 34.958 33.631 -9999 -9999 -9999
-9999 -9999 -9999 -9999 37.537 40.736 40.714 34.308 33.963 29.765 31.21 34.023 36.518 36.518 35.311 36.242 34.958 -9999 -9999 -9999 -9999
-9999 -9999 -9999 -9999 37.537 41.137 41.115 34.708 34.364 30.166 31.61 34.424 36.919 36.919 33.097 36.242 34.958 -9999 -9999 -9999 -9999
-9999 -9999 -9999 -9999 37.537 41.533 41.511 35.105 34.76 30.562 32.007 34.82 37.316 37.316 33.097 35.961 33.509 -9999 -9999 -9999 -9999
-9999 -9999 -9999 -9999 37.515 41.906 41.906 35.499 35.155 30.957 32.401 35.215 37.71 37.71 33.097 30.833 -9999 -9999 -9999 -9999 -9999
-9999 -9999 -9999 -9999 30.764 35.546 35.546 35.546 35.546 29.783 32.793 35.606 38.102 38.102 -9999 -9999 -9999 -9999 -9999 -9999 -9999
-9999 -9999 -9999 -9999 -9999 35.519 35.519 35.519 35.519 30.172 33.182 35.996 35.996 35.996 -9999 -9999 -9999 -9999 -9999 -9999 -9999
-9999 -9999 -9999 -9999 -9999 33.116 33.116 33.116 33.116 30.559 33.57 36.383 36.383 -9999 -9999 -9999 -9999 -9999 -9999 -9999 -9999
-9999 -9999 -9999 -9999 -9999 33.501 33.501 33.501 33.501 30.945 33.955 36.768 36.768 -9999 -9999 -9999 -9999 -9999 -9999 -9999 -9999
-9999 -9999 -9999 -9999 -9999 33.885 33.885 33.885 33.885 30.988 30.988 30.988 30.988 -9999 -9999 -9999 -9999 -9999 -9999 -9999 -9999
-9999 -9999 -9999 -9999 -9999 30.949 30.949 30.949 30.949 30.967 30.967 30.967 30.967 -9999 -9999 -9999 -9999 -9999 -9999 -9999 -9999
-9999 -9999 -9999 -9999 -9999 -9999 30.93 30.93 30.93 30.93 25.91 25.91 25.91 -9999 -9999 -9999 -9999 -9999 -9999 -9999 -9999
-9999 -9999 -9999 -9999 -9999 -9999 30.907 30.907 30.907 30.907 25.915 25.915 -9999 -9999 -9999 -9999 -9999 -9999 -9999 -9999 -9999
-9999 -9999 -9999 -9999 -9999 -9999 -9999 30.889 30.889 30.889 25.885 25.885 -9999 -9999 -9999 -9999 -9999 -9999 -9999 -9999 -9999
-9999 -9999 -9999 -9999 -9999 -9999 -9999 30.923 30.923 30.923 25.862 25.862 -9999 -9999 -9999 -9999 -9999 -9999 -9999 -9999 -9999
-9999 -9999 -9999 -9999 -9999 -9999 -9999 25.482 25.5 25.5 25.5 25.5 -9999 -9999 -9999 -9999 -9999 -9999 -9999 -9999 -9999
-9999 -9999 -9999 -9999 -9999 -9999 -9999 -9999 25.112 25.112 25.112 -9999 -9999 -9999 -9999 -9999 -9999 -9999 -9999 -9999 -9999
-9999 -9999 -9999 -9999 -9999 -9999 -9999 -9999 -9999 18.969 18.969 -9999 -9999 -9999 -9999 -9999 -9999 -9999 -9999 -9999 -9999
-9999 -9999 -9999 -9999 -9999 -9999 -9999 -9999 -9999 18.577 18.577 -9999 -9999 -9999 -9999 -9999 -9999 -9999 -9999 -9999 -9999
