outputs_txt/Phd_CSDMS_0k_ky_05_03_2024/Basin_12_DEM.txt
ncols         11
nrows         48
xllcorner     11800.000000
yllcorner     0.000000
cellsize      200
NODATA_value  -9999
-32768 -32768 59.041 51.912 46.87 42.762 46.869 51.912 59.028 -32768 -32768
-32768 -32768 62.861 52.94 45.852 40.063 45.837 52.909 62.836 -32768 -32768
-32768 -32768 60.3 54.439 47.784 37.865 43.643 50.73 60.706 -32768 -32768
-32768 60.334 50.366 44.513 39.99 35.883 41.678 48.773 58.731 -32768 -32768
-32768 63.019 57.837 51.15 41.265 34.207 44.117 49.196 59.062 -32768 -32768
-32768 57.942 47.951 42.122 37.091 32.608 37.099 42.137 52.154 -32768 -32768
-32768 58.976 49.05 41.975 36.2 31.2 36.203 41.985 49.1 59.054 -32768
-32768 57.759 47.806 40.711 34.909 29.901 35.676 42.752 52.702 -32768 -32768
-32768 58.72 48.842 45.677 35.767 28.68 34.455 41.53 51.465 -32768 -32768
-32768 51.732 41.777 42.836 37.42 27.508 32.512 38.299 45.405 55.34 -32768
53.807 43.895 36.736 32.921 29.559 26.379 31.384 37.17 44.277 -32768 -32768
-32768 53.038 43.159 36.108 30.344 25.348 31.123 38.198 48.114 -32768 -32768
-32768 52.161 42.221 35.137 29.358 24.356 30.134 37.218 47.134 -32768 -32768
-32768 51.206 41.266 34.181 28.403 23.401 29.176 36.251 46.178 -32768 -32768
-32768 50.283 40.343 33.258 27.48 22.478 27.482 33.268 40.374 50.294 -32768
-32768 49.393 39.453 32.369 26.59 21.588 26.59 32.369 39.454 49.391 -32768
-32768 48.551 38.625 31.519 25.733 20.729 25.733 31.519 38.624 -32768 -32768
-32768 45.707 42.689 32.779 25.686 19.896 25.668 32.733 42.608 -32768 -32768
45.648 35.758 39.046 36.23 29.027 19.082 24.086 29.872 36.977 -32768 -32768
39.875 29.922 29.123 26.342 26.621 18.281 23.281 29.055 36.128 46.053 -32768
35.458 25.421 22.049 19.245 16.723 17.493 21.98 27.002 32.813 39.96 49.909
42.385 32.504 31.915 25.886 15.988 20.449 25.436 31.191 38.235 48.107 -32768
43.06 33.157 26.08 20.283 15.265 19.357 23.857 28.868 34.666 41.799 51.705
42.341 32.429 25.345 19.567 14.565 21.647 31.522 29.457 36.501 46.375 -32768
41.65 31.738 24.655 18.876 13.875 23.83 31.153 23.674 29.463 36.574 46.532
40.917 31.028 23.96 18.19 13.193 21.75 21.306 19.858 25.639 32.727 42.689
36.661 26.681 20.84 16.328 12.519 11.857 14.228 16.828 22.64 29.778 39.722
-32768 36.615 30.771 26.231 21.103 11.222 16.216 21.973 29.026 38.926 -32768
-32768 38.425 28.495 21.404 15.611 10.594 15.596 21.374 28.458 38.45 -32768
-32768 37.788 27.842 20.758 14.98 9.9779 14.982 20.768 27.879 37.88 -32768
-32768 37.181 27.236 20.152 14.374 9.3723 15.147 22.222 32.178 -32768 -32768
-32768 36.583 26.639 19.555 13.777 8.7749 14.553 21.636 31.603 -32768 -32768
-32768 35.994 26.05 18.966 13.188 8.1858 13.963 21.047 30.999 -32768 -32768
-32768 35.436 25.469 18.385 12.606 7.6045 13.382 20.466 30.407 -32768 -32768
-32768 34.863 24.895 17.811 12.033 7.0309 12.813 19.916 29.882 -32768 -32768
-32768 34.32 24.36 17.255 11.469 6.4646 13.542 23.514 -32768 -32768 -32768
-32768 -32768 28.685 18.754 11.679 5.904 12.987 22.977 -32768 -32768 -32768
-32768 -32768 28.17 18.233 11.131 5.3483 12.432 22.414 -32768 -32768 -32768
-32768 -32768 -32768 21.84 11.875 4.7976 11.881 21.857 -32768 -32768 -32768
-32768 -32768 -32768 21.305 11.334 4.2505 11.334 21.304 -32768 -32768 -32768
-32768 -32768 -32768 20.748 10.79 3.7073 10.79 20.756 -32768 -32768 -32768
-32768 -32768 -32768 20.196 10.251 3.1681 10.251 20.212 -32768 -32768 -32768
-32768 -32768 -32768 19.65 9.7156 2.6326 9.7157 19.672 -32768 -32768 -32768
-32768 -32768 -32768 19.109 9.1839 2.1009 9.184 19.136 -32768 -32768 -32768
-32768 -32768 -32768 18.578 8.6684 1.5729 8.6686 18.61 -32768 -32768 -32768
-32768 -32768 -32768 -32768 11.001 1.0487 11.001 -32768 -32768 -32768 -32768
-32768 -32768 -32768 -32768 9.8693 0.52444 -32768 -32768 -32768 -32768 -32768
-32768 -32768 -32768 -32768 0.00095111 0.00013694 -32768 -32768 -32768 -32768 -32768
