outputs_txt/Phd_CSDMS_0k_ky_05_03_2024/Basin_4_RLF_2500.txt
ncols         14
nrows         48
xllcorner     1600.000000
yllcorner     0.000000
cellsize      200
NODATA_value  -9999
42.949 43.83 43.83 44.696 44.696 44.696 44.696 44.696 44.696 44.696 44.696 44.696 -9999 -9999
43.83 44.696 44.696 45.516 45.516 45.516 45.516 45.516 45.516 45.516 45.516 45.516 -9999 -9999
44.696 45.516 45.516 46.312 46.312 46.312 46.312 46.312 46.312 46.312 46.312 46.312 -9999 -9999
-9999 46.312 46.312 47.088 47.088 47.088 47.088 47.088 47.088 47.088 47.088 47.088 -9999 -9999
-9999 47.088 47.088 47.862 48.581 48.581 48.581 48.581 48.581 48.581 48.581 48.581 -9999 -9999
-9999 47.862 48.581 48.581 49.285 49.285 49.285 49.285 49.285 49.285 49.285 -9999 -9999 -9999
-9999 48.581 49.285 49.285 49.984 49.984 49.984 49.984 49.984 49.984 49.984 -9999 -9999 -9999
-9999 49.285 49.984 49.984 50.667 50.667 50.667 50.667 50.667 50.667 50.667 -9999 -9999 -9999
-9999 -9999 50.667 50.667 51.337 51.337 51.337 51.337 51.337 51.337 51.337 51.337 -9999 -9999
-9999 -9999 51.337 51.337 51.995 51.995 51.995 51.995 51.995 51.995 51.995 51.995 -9999 -9999
-9999 -9999 51.956 51.995 52.645 53.286 53.286 53.286 53.286 53.286 53.286 53.286 -9999 -9999
-9999 -9999 52.605 53.246 53.246 53.924 53.924 53.924 53.924 53.924 53.924 53.924 -9999 -9999
-9999 -9999 53.246 53.884 53.884 54.519 54.519 54.559 54.559 54.559 54.559 54.559 -9999 -9999
-9999 -9999 53.884 54.519 54.519 55.149 55.775 55.178 55.178 55.178 48.791 48.791 -9999 -9999
-9999 -9999 54.519 55.149 55.775 55.178 55.784 55.784 48.75 48.75 48.75 48.744 -9999 -9999
-9999 54.553 55.178 55.178 55.784 55.784 49.35 49.35 49.35 49.35 49.343 49.343 -9999 -9999
47.52 48.145 48.75 48.75 49.35 49.35 49.943 49.943 49.936 49.936 49.936 48.85 -9999 -9999
48.145 48.75 49.35 49.35 49.943 49.943 50.523 50.523 50.523 50.523 49.436 49.436 -9999 -9999
-9999 49.343 49.936 49.936 50.523 50.523 51.106 51.106 50.019 50.019 50.019 48.958 -9999 -9999
-9999 -9999 50.523 50.523 51.106 51.106 50.598 50.598 50.598 49.536 49.536 49.423 -9999 -9999
-9999 -9999 -9999 50.019 50.637 51.741 51.741 50.679 50.679 50.566 50.566 50.566 50.566 -9999
-9999 -9999 -9999 50.679 50.679 51.183 51.183 51.069 51.069 51.069 51.069 51.069 51.069 -9999
-9999 -9999 -9999 51.069 51.069 51.571 51.571 51.571 51.571 51.571 51.571 51.571 51.571 -9999
-9999 -9999 51.069 51.571 51.571 52.068 52.068 52.068 52.068 52.068 52.068 52.068 52.068 52.068
-9999 -9999 51.571 52.068 52.068 52.559 52.559 52.559 52.559 52.559 52.559 52.559 52.559 52.559
-9999 52.068 52.068 52.559 52.559 53.045 53.045 53.045 53.045 53.045 53.045 53.045 53.045 53.045
-9999 52.559 52.559 53.045 53.045 53.528 53.528 53.528 53.528 53.528 53.528 53.528 53.528 53.528
52.559 53.045 53.045 53.528 53.528 54.005 54.005 54.005 54.005 54.005 54.005 54.005 54.005 54.005
53.045 53.528 53.528 54.005 54.005 54.48 54.48 54.48 54.48 54.48 54.48 54.48 54.48 54.48
53.528 54.005 54.005 54.48 54.48 54.95 54.95 54.95 54.95 54.95 54.95 54.95 54.95 54.95
-9999 54.48 54.48 54.95 54.95 55.419 55.419 55.419 55.419 55.419 55.419 55.419 55.419 48.48
-9999 54.95 54.95 55.419 55.419 55.885 55.885 55.885 55.885 55.885 55.885 55.885 55.885 46.089
-9999 55.419 55.419 55.885 55.885 56.349 56.349 56.349 56.349 56.349 56.349 56.349 47.313 45.376
-9999 55.885 55.885 56.349 56.349 56.81 56.81 56.81 56.81 56.81 56.81 56.81 47.014 44.618
-9999 -9999 56.349 56.81 56.81 57.272 57.272 57.272 57.272 57.272 57.272 48.236 45.079 45.079
-9999 -9999 -9999 -9999 -9999 -9999 57.734 57.734 57.734 57.734 48.698 45.763 45.541 44.622
-9999 -9999 -9999 -9999 -9999 -9999 57.734 57.734 48.698 48.698 45.763 45.541 45.541 44.622
-9999 -9999 -9999 -9999 -9999 -9999 48.698 48.698 48.631 45.763 45.763 45.541 44.622 44.622
-9999 -9999 -9999 -9999 -9999 -9999 48.631 45.763 45.763 45.763 45.541 45.541 44.622 41.919
-9999 -9999 -9999 -9999 -9999 -9999 45.763 45.763 45.763 45.541 45.541 44.622 44.622 -9999
-9999 -9999 -9999 -9999 -9999 -9999 45.763 45.541 45.541 45.541 44.622 44.622 41.919 -9999
-9999 -9999 -9999 -9999 -9999 -9999 -9999 45.541 44.622 44.622 44.622 44.622 -9999 -9999
-9999 -9999 -9999 -9999 -9999 -9999 -9999 44.622 44.622 44.622 44.622 41.919 -9999 -9999
-9999 -9999 -9999 -9999 -9999 -9999 -9999 44.622 44.622 44.622 41.919 41.919 -9999 -9999
-9999 -9999 -9999 -9999 -9999 -9999 -9999 44.622 41.919 41.919 41.919 34.358 -9999 -9999
-9999 -9999 -9999 -9999 -9999 -9999 -9999 -9999 41.919 34.358 34.358 -9999 -9999 -9999
-9999 -9999 -9999 -9999 -9999 -9999 -9999 -9999 -9999 33.93 -9999 -9999 -9999 -9999
-9999 -9999 -9999 -9999 -9999 -9999 -9999 -9999 -9999 33.435 -9999 -9999 -9999 -9999
