outputs_txt/Phd_CSDMS_0k_ky_05_03_2024/Basin_12_RLF_1000.txt
ncols         11
nrows         48
xllcorner     11800.000000
yllcorner     0.000000
cellsize      200
NODATA_value  -9999
-9999 -9999 28.813 28.813 28.813 28.813 28.654 28.63 28.63 -9999 -9999
-9999 -9999 30.411 30.411 30.411 30.411 30.253 30.228 30.228 -9999 -9999
-9999 -9999 31.819 31.819 31.819 31.819 31.661 31.636 31.636 -9999 -9999
-9999 33.118 33.118 33.118 33.118 33.118 32.96 32.935 32.935 -9999 -9999
-9999 34.339 34.339 34.339 34.339 34.339 34.181 34.156 34.156 -9999 -9999
-9999 35.511 35.511 35.511 35.511 35.511 35.353 35.328 35.328 -9999 -9999
-9999 36.64 36.64 36.64 36.64 36.64 34.327 34.327 34.327 34.327 -9999
-9999 37.671 37.671 37.671 37.671 37.671 33.713 33.713 33.713 -9999 -9999
-9999 38.663 38.663 38.663 38.663 38.663 34.705 34.705 34.705 -9999 -9999
-9999 35.576 35.576 35.576 35.576 35.653 35.653 35.653 35.653 35.653 -9999
31.497 36.499 36.499 36.499 36.499 36.576 36.576 36.576 36.576 -9999 -9999
-9999 37.131 37.131 37.131 37.131 37.131 33.752 33.752 33.752 -9999 -9999
-9999 37.991 37.991 37.991 37.991 37.991 34.611 34.611 34.611 -9999 -9999
-9999 33.911 33.911 33.911 33.911 35.444 35.444 35.444 35.444 -9999 -9999
-9999 34.725 34.725 34.725 34.725 33.956 31.212 31.212 31.212 31.212 -9999
-9999 34.757 34.757 34.757 34.757 34.757 32.013 32.013 32.013 32.013 -9999
-9999 35.437 35.437 35.437 35.437 35.437 33.571 33.571 33.571 -9999 -9999
-9999 35.217 35.217 35.217 35.217 35.217 34.305 34.305 34.305 -9999 -9999
35.017 35.017 35.017 35.017 35.017 35.028 36.439 36.439 36.439 -9999 -9999
34.828 34.828 34.828 34.828 34.828 34.828 37.14 37.14 37.14 34.211 -9999
34.677 34.677 34.677 34.677 34.677 34.677 37.83 37.83 37.83 34.211 29.724
32.515 32.515 32.515 32.515 32.515 34.915 38.512 38.512 38.512 34.211 -9999
33.13 33.791 33.791 33.791 33.791 36.25 39.848 39.848 39.848 39.848 37.477
30.542 31.838 31.838 31.838 31.838 36.885 40.482 40.482 40.482 40.482 -9999
30.542 32.467 32.467 32.467 32.467 37.513 41.111 41.111 41.111 41.111 37.477
30.542 33.082 33.082 33.082 33.082 38.129 41.727 41.727 41.727 41.727 37.477
30.542 33.688 33.688 33.688 33.688 37.002 42.332 42.332 42.332 42.332 37.477
-9999 33.566 33.566 33.566 33.566 37.6 37.757 37.757 37.757 37.757 -9999
-9999 33.464 33.464 33.464 33.464 30.74 38.346 38.346 38.346 38.346 -9999
-9999 33.313 33.313 33.313 33.313 31.321 35.084 35.084 35.084 35.084 -9999
-9999 31.394 31.394 31.394 31.394 31.895 32.691 32.691 32.691 -9999 -9999
-9999 31.961 31.961 31.961 31.961 32.461 32.461 32.461 32.461 -9999 -9999
-9999 32.521 32.521 32.521 32.521 32.546 32.546 32.546 32.546 -9999 -9999
-9999 32.439 32.439 32.439 32.439 32.532 32.532 32.532 32.532 -9999 -9999
-9999 32.384 32.384 32.384 32.384 32.384 27.381 27.381 27.381 -9999 -9999
-9999 32.333 32.333 32.333 32.333 32.333 27.352 27.352 -9999 -9999 -9999
-9999 -9999 32.287 32.287 32.287 32.287 27.291 27.291 -9999 -9999 -9999
-9999 -9999 32.268 32.268 32.268 32.268 27.239 27.239 -9999 -9999 -9999
-9999 -9999 -9999 32.23 32.23 32.23 27.25 27.25 -9999 -9999 -9999
-9999 -9999 -9999 32.219 32.219 32.219 26.585 21.413 -9999 -9999 -9999
-9999 -9999 -9999 27.113 27.113 27.113 27.113 21.404 -9999 -9999 -9999
-9999 -9999 -9999 27.122 27.122 27.122 27.122 21.365 -9999 -9999 -9999
-9999 -9999 -9999 21.333 21.333 21.333 21.333 21.333 -9999 -9999 -9999
-9999 -9999 -9999 21.305 21.305 21.305 21.305 21.305 -9999 -9999 -9999
-9999 -9999 -9999 20.756 20.756 20.756 20.756 20.756 -9999 -9999 -9999
-9999 -9999 -9999 -9999 20.212 20.212 20.212 -9999 -9999 -9999 -9999
-9999 -9999 -9999 -9999 19.672 19.672 -9999 -9999 -9999 -9999 -9999
-9999 -9999 -9999 -9999 19.136 19.136 -9999 -9999 -9999 -9999 -9999
