outputs_txt/Phd_CSDMS_0k_ky_05_03_2024/Basin_10_DEM.txt
ncols         10
nrows         48
xllcorner     10200.000000
yllcorner     0.000000
cellsize      200
NODATA_value  -9999
-32768 63.915 53.884 48.845 44.74 48.997 56.047 52.562 57.592 64.654
-32768 63.982 54.036 46.961 41.172 43.973 52.064 48.442 55.52 65.416
-32768 62.101 52.185 48.172 38.269 39.484 42.176 45.085 52.217 62.151
-32768 55.133 45.112 40.07 35.577 37.243 43.008 50.051 59.901 -32768
-32768 56.115 46.181 39.108 33.332 35.196 40.215 46.022 53.164 -32768
-32768 54.754 44.813 37.729 31.951 36.943 42.707 49.769 59.648 -32768
-32768 53.488 43.524 36.44 30.662 35.664 41.442 48.526 58.466 -32768
-32768 52.281 42.312 35.228 29.45 34.452 40.23 47.314 57.255 -32768
-32768 51.08 41.164 34.08 28.302 33.304 39.083 46.167 56.121 -32768
-32768 50.055 40.072 32.988 27.21 32.215 38.001 45.106 55.021 -32768
-32768 49.014 39.028 31.944 26.166 31.938 39.004 48.912 -32768 -32768
-32768 47.953 38.021 30.937 25.159 30.163 35.949 43.055 52.991 -32768
-32768 47.019 37.052 29.968 24.19 29.192 34.971 42.055 51.993 -32768
-32768 46.098 36.117 29.033 23.256 28.257 34.036 41.12 51.058 -32768
-32768 45.139 35.213 28.129 22.352 27.353 33.132 40.216 50.154 -32768
-32768 44.298 34.337 27.253 21.475 26.477 32.255 39.339 49.277 -32768
-32768 43.447 33.486 26.402 20.624 25.626 31.405 38.489 48.427 -32768
-32768 42.634 32.659 25.575 19.797 24.801 30.587 37.692 47.61 -32768
-32768 41.772 31.852 24.768 18.991 24.766 31.84 41.771 -32768 -32768
-32768 41.019 31.063 23.98 18.202 23.98 31.063 40.993 -32768 -32768
-32768 40.246 30.291 23.207 17.429 23.207 30.291 40.199 -32768 -32768
-32768 39.487 29.534 22.45 16.672 22.45 29.534 39.489 -32768 -32768
-32768 38.744 28.791 21.707 15.93 21.707 28.791 38.755 -32768 -32768
-32768 38.031 28.063 20.979 15.201 20.979 28.063 38.027 -32768 -32768
-32768 37.277 27.347 20.263 14.485 20.263 27.347 37.311 -32768 -32768
-32768 36.592 26.643 19.559 13.782 19.559 26.643 36.607 -32768 -32768
-32768 35.9 25.951 18.868 13.09 18.865 25.939 35.852 -32768 -32768
-32768 35.218 25.271 18.187 12.409 17.414 23.199 30.304 40.193 -32768
-32768 34.549 24.603 17.519 11.741 16.743 22.521 29.605 39.535 -32768
-32768 33.918 23.966 16.877 11.084 16.086 21.864 28.948 38.879 -32768
-32768 34.342 24.45 20.367 10.439 15.44 21.219 28.302 38.233 -32768
33.663 27.358 17.388 18.429 9.799 14.801 20.579 27.663 37.594 -32768
29.455 19.49 12.347 8.5416 9.1659 14.18 19.972 27.072 37.025 -32768
-32768 24.939 14.994 7.9254 12.387 17.378 23.143 30.21 40.096 -32768
-32768 24.383 14.402 7.3191 11.792 16.794 22.573 29.656 39.564 -32768
-32768 23.785 13.805 6.7215 11.196 16.202 21.99 29.098 39.03 -32768
-32768 23.195 13.215 6.1321 11.132 16.906 23.978 33.936 -32768 -32768
-32768 22.612 12.633 5.5494 10.554 16.339 23.445 33.423 -32768 -32768
-32768 22.035 12.057 4.9734 10.748 17.823 27.79 37.45 -32768 -32768
-32768 21.464 11.486 4.4028 10.18 17.264 27.243 -32768 -32768 -32768
-32768 20.898 10.921 3.8375 9.615 16.699 26.663 -32768 -32768 -32768
-32768 20.337 10.361 3.2774 9.055 16.139 26.091 -32768 -32768 -32768
-32768 19.797 9.8059 2.7225 8.5001 15.584 25.526 -32768 -32768 -32768
-32768 19.218 9.2686 2.1726 7.9549 15.057 25.002 -32768 -32768 -32768
-32768 -32768 11.607 1.6278 8.7176 18.671 -32768 -32768 -32768 -32768
-32768 -32768 11.053 1.0846 11.036 -32768 -32768 -32768 -32768 -32768
-32768 -32768 -32768 0.54258 -32768 -32768 -32768 -32768 -32768 -32768
-32768 -32768 -32768 0.00065311 -32768 -32768 -32768 -32768 -32768 -32768
