outputs_txt/Phd_CSDMS_0k_ky_05_03_2024/Basin_7_RLF_1000.txt
ncols         7
nrows         35
xllcorner     6400.000000
yllcorner     0.000000
cellsize      200
NODATA_value  -9999
-9999 -9999 -9999 26.064 26.064 -9999 -9999
-9999 -9999 28.446 28.446 28.446 28.446 -9999
-9999 -9999 30.602 30.602 30.602 30.602 -9999
-9999 -9999 32.473 32.473 32.473 32.473 -9999
-9999 -9999 34.203 34.203 34.203 34.203 -9999
-9999 -9999 35.761 35.761 35.761 35.761 35.761
-9999 -9999 31.559 31.559 31.559 31.559 31.559
-9999 -9999 32.288 32.288 32.288 32.288 32.288
-9999 -9999 30.955 30.955 30.955 30.955 30.955
-9999 31.363 31.363 31.363 31.363 31.363 31.363
-9999 29.418 29.418 29.418 29.418 29.418 28.792
-9999 30.551 30.551 30.551 30.551 30.551 28.061
-9999 31.638 31.638 31.638 31.638 31.638 27.424
-9999 32.683 32.683 32.683 32.683 32.683 26.899
-9999 32.159 32.159 32.159 32.159 32.159 26.386
31.922 31.922 31.922 31.922 31.922 29.131 25.987
32.866 32.866 32.866 32.866 32.866 30.075 25.623
33.782 33.782 33.782 33.782 33.782 30.991 25.303
34.672 34.672 34.672 34.672 34.672 25.892 25.009
35.547 35.547 35.547 35.547 35.547 25.602 24.754
35.321 35.321 35.321 35.321 35.321 25.546 24.529
35.123 35.123 35.123 35.123 35.123 26.389 24.331
-9999 34.947 34.947 34.947 34.947 27.218 24.155
-9999 -9999 34.796 34.796 34.796 28.038 24.003
-9999 -9999 34.665 34.665 34.665 28.847 23.871
-9999 -9999 34.639 34.639 34.639 29.646 23.757
-9999 -9999 -9999 30.435 30.435 30.435 23.657
-9999 -9999 -9999 23.564 23.564 23.564 23.564
-9999 -9999 -9999 23.478 23.478 23.478 23.478
-9999 -9999 -9999 23.402 23.402 23.402 23.402
-9999 -9999 -9999 23.338 23.338 23.338 23.338
-9999 -9999 -9999 22.521 22.521 22.521 22.521
-9999 -9999 -9999 21.713 21.713 21.713 -9999
-9999 -9999 -9999 -9999 20.916 20.916 -9999
-9999 -9999 -9999 -9999 20.134 20.134 -9999
