outputs_txt/Phd_CSDMS_0k_ky_05_03_2024/Basin_4_DEM.txt
ncols         14
nrows         48
xllcorner     1600.000000
yllcorner     0.000000
cellsize      200
NODATA_value  -9999
63.756 56.668 54.884 51.843 49.232 46.925 47.634 39.069 46.146 56.06 57.793 67.673 -32768 -32768
61.626 51.637 47.807 44.758 42.148 39.829 37.722 35.701 42.804 52.72 50.704 60.649 -32768 -32768
67.633 61.62 57.762 54.699 52.078 49.729 43.969 34.046 43.947 48.091 45.66 55.604 -32768 -32768
-32768 67.036 60.002 54.958 50.842 47.266 42.371 32.445 35.244 38.168 41.544 51.539 -32768 -32768
-32768 57.189 50.068 45.017 40.894 37.323 34.127 31.086 40.997 48.048 51.495 56.14 -32768 -32768
-32768 60.003 54.177 50.028 46.646 43.709 39.736 29.863 35.656 42.758 52.684 -32768 -32768 -32768
-32768 50.114 44.257 40.119 36.743 33.819 31.205 28.681 34.456 41.532 51.438 -32768 -32768 -32768
-32768 59.997 54.232 50.053 46.652 43.688 37.534 27.639 32.643 38.429 45.534 -32768 -32768 -32768
-32768 -32768 58.91 49.011 41.927 36.136 31.113 26.624 31.642 37.442 44.531 54.468 -32768 -32768
-32768 -32768 57.848 47.976 40.905 35.133 30.133 25.661 35.572 42.512 44.759 54.643 -32768 -32768
-32768 -32768 51.291 44.157 38.348 33.32 28.823 24.724 28.522 32.637 37.687 47.683 -32768 -32768
-32768 -32768 56.073 48.982 43.916 39.774 33.74 23.843 28.841 34.608 41.671 51.57 -32768 -32768
-32768 -32768 46.201 39.063 34.008 29.889 26.327 22.977 27.979 33.757 40.841 50.779 -32768 -32768
-32768 -32768 54.278 44.489 37.425 31.635 26.63 22.156 27.158 32.936 40.02 49.921 -32768 -32768
-32768 -32768 47.382 45.68 44.075 34.219 27.149 21.361 26.358 32.131 39.208 49.124 -32768 -32768
-32768 47.321 37.388 35.75 36.179 33.877 30.467 20.584 24.09 29.858 36.93 46.848 -32768 -32768
48.711 38.71 31.57 28.657 26.21 23.946 21.835 19.811 19.092 24.885 31.988 41.973 -32768 -32768
52.676 42.778 35.675 35.742 36.187 33.893 31.742 28.258 18.387 24.165 31.249 41.208 -32768 -32768
-32768 51.405 41.514 45.674 45.392 35.548 28.487 22.704 17.689 23.466 30.55 40.509 -32768 -32768
-32768 -32768 51.465 49.305 39.381 32.274 26.486 21.48 17.005 22.788 29.89 39.833 -32768 -32768
-32768 -32768 -32768 48.649 38.674 31.589 25.811 20.809 16.336 23.407 33.333 36.95 46.762 -32768
-32768 -32768 -32768 48.015 38.034 30.933 25.151 20.149 15.677 21.452 31.349 29.871 39.799 -32768
-32768 -32768 -32768 50.796 41.274 31.296 24.181 19.14 15.028 14.387 24.365 24.829 34.76 -32768
-32768 -32768 50.777 40.946 41.666 38.711 34.065 29.081 23.643 13.749 23.659 20.72 27.819 37.671
-32768 -32768 42.266 35.12 31.755 28.832 26.134 30.111 20.209 13.113 21.725 17.364 24.45 34.385
-32768 57.735 47.939 40.904 41.614 33.459 23.533 29.519 19.607 12.483 11.858 14.456 21.564 31.544
-32768 48.699 42.925 41.873 38.135 28.193 21.084 30.979 28.205 18.307 11.253 17.018 24.088 33.999
48.632 38.74 32.927 31.959 31.805 28.815 18.878 28.787 27.68 17.736 10.653 16.431 23.514 33.443
45.473 35.525 28.426 24.872 21.847 26.669 16.811 23.373 27.05 17.156 10.06 15.838 22.922 32.851
45.764 35.778 28.652 22.85 19.047 16.896 14.829 13.421 23.347 19.417 9.4737 15.251 22.335 32.265
-32768 45.542 35.657 28.618 28.953 26.798 21.957 12.043 21.945 18.839 8.8906 14.668 21.752 31.682
-32768 42.666 32.729 25.658 26.603 23.923 20.611 10.702 18.179 17.069 8.3123 14.09 21.174 31.105
-32768 37.059 27.01 19.866 16.675 13.973 11.59 9.3858 8.2733 7.1694 7.738 13.532 20.635 30.593
-32768 44.623 34.892 24.9 23.751 21.058 18.687 19.325 16.547 6.6655 11.653 17.416 24.48 34.359
-32768 -32768 41.92 32.005 33.627 31.039 28.604 23.171 13.254 6.1638 11.166 16.944 24.027 33.931
-32768 -32768 -32768 -32768 -32768 -32768 28.545 18.552 11.45 5.6674 10.669 16.447 23.531 33.436
-32768 -32768 -32768 -32768 -32768 -32768 28.007 18.038 10.954 5.1761 10.178 15.956 23.04 32.945
-32768 -32768 -32768 -32768 -32768 -32768 27.501 17.551 10.467 4.6895 9.6913 15.47 22.553 32.459
-32768 -32768 -32768 -32768 -32768 -32768 27.003 17.069 9.985 4.2074 9.2116 14.997 22.103 32.032
-32768 -32768 -32768 -32768 -32768 -32768 26.513 16.591 9.5072 3.7296 9.5044 16.579 26.543 -32768
-32768 -32768 -32768 -32768 -32768 -32768 26.057 16.14 9.0377 3.2554 9.0377 16.14 26.093 -32768
-32768 -32768 -32768 -32768 -32768 -32768 -32768 19.817 9.8622 2.7849 9.8622 19.828 -32768 -32768
-32768 -32768 -32768 -32768 -32768 -32768 -32768 19.371 9.3991 2.316 9.3991 19.366 -32768 -32768
-32768 -32768 -32768 -32768 -32768 -32768 -32768 18.897 8.9328 1.8497 8.9328 18.88 -32768 -32768
-32768 -32768 -32768 -32768 -32768 -32768 -32768 18.439 8.4816 1.3858 8.4814 18.407 -32768 -32768
-32768 -32768 -32768 -32768 -32768 -32768 -32768 -32768 10.878 0.92471 10.878 -32768 -32768 -32768
-32768 -32768 -32768 -32768 -32768 -32768 -32768 -32768 -32768 0.46301 -32768 -32768 -32768 -32768
-32768 -32768 -32768 -32768 -32768 -32768 -32768 -32768 -32768 0.00098872 -32768 -32768 -32768 -32768
