outputs_txt/Phd_CSDMS_0k_ky_05_03_2024/Basin_14_DEM.txt
ncols         21
nrows         48
xllcorner     13600.000000
yllcorner     0.000000
cellsize      200
NODATA_value  -9999
61.632 54.539 49.495 45.385 41.831 43.265 41.076 39.054 37.177 35.398 34.771 40.555 47.646 57.578 54.781 47.69 57.657 59.629 64.598 -32768 -32768
65.937 56.043 48.966 43.156 38.646 36.197 33.992 31.97 30.093 28.31 31.218 37.032 44.137 54.102 53.484 43.556 53.066 52.53 57.526 -32768 -32768
65.721 55.853 57.098 53.055 48.571 46.112 43.905 41.863 36.76 26.843 36.738 43.195 45.439 55.295 49.955 39.976 43.162 46.731 51.759 -32768 -32768
58.715 48.762 47.242 47.191 44.582 42.194 39.984 37.913 35.314 25.41 29.208 33.322 38.372 48.37 47.663 37.719 44.78 54.655 -32768 -32768 -32768
53.775 43.729 40.152 37.233 34.618 32.232 30.022 27.955 26.006 24.097 29.111 34.902 41.97 51.849 45.634 35.656 41.436 48.531 58.41 -32768 -32768
60.679 50.846 50.096 47.183 44.587 42.2 39.99 37.882 32.95 23.05 32.961 39.809 42.069 51.913 43.77 33.781 38.785 44.572 51.679 -32768 -32768
-32768 59.061 53.324 48.863 49.36 47.01 44.809 39.067 29.107 22.011 25.811 29.931 34.997 44.975 42.013 32.074 37.076 42.856 49.941 59.844 -32768
59.085 49.208 43.397 38.904 39.469 37.101 34.923 38.03 28.112 21.029 26.814 33.884 43.796 47.485 37.594 30.498 35.5 41.279 48.364 58.268 -32768
55.388 45.45 39.612 35.098 32.399 30.017 27.817 37.045 27.167 20.072 29.977 34.798 44.679 46.07 36.14 29.043 34.045 39.824 46.909 56.813 -32768
-32768 55.315 49.542 45.056 42.277 35.66 25.755 35.647 29.09 19.13 23.232 27.741 34.895 44.787 37.631 27.685 32.689 38.475 45.582 55.486 -32768
54.163 49.193 46.869 46.583 36.712 29.614 23.806 33.691 28.191 18.22 23.996 31.08 40.997 43.426 33.501 26.392 32.167 39.242 49.185 -32768 -32768
49.127 39.199 36.901 36.989 34.506 31.9 22.021 28.9 27.221 17.327 24.405 34.361 41.446 42.407 35.125 25.161 30.938 38.023 47.959 -32768 -32768
43.415 33.383 29.808 27.008 24.556 22.351 20.288 18.987 17.712 16.447 23.531 33.458 31.549 32.514 33.885 23.971 29.763 36.853 46.736 -32768 -32768
49.091 39.199 36.888 34.093 31.64 29.447 30.258 28.905 25.613 15.735 22.83 32.695 24.453 25.429 30.531 22.82 32.713 37.139 40.768 45.728 -32768
-32768 49.129 46.812 44.02 41.567 39.376 37.799 27.903 20.818 15.026 24.967 28.576 18.642 19.636 20.654 21.682 24.29 27.209 30.785 35.863 45.81
-32768 49.023 44.913 41.993 39.544 37.413 37.09 27.201 20.118 14.326 24.283 27.586 17.671 27.545 30.572 31.659 31.387 34.294 37.888 45.815 -32768
48.47 39.107 34.955 32.04 29.591 27.452 28.347 26.428 23.512 13.634 23.589 26.616 16.71 22.517 29.603 39.458 41.294 44.189 47.815 -32768 -32768
42.012 32.001 27.867 24.954 22.507 20.356 18.374 16.493 14.703 12.945 22.832 23.889 15.772 25.658 29.36 32.115 35.29 36.572 46.496 -32768 -32768
46.832 39.094 33.658 32.034 29.604 30.333 28.319 26.392 22.191 12.309 13.149 13.993 14.841 17.045 19.428 22.13 25.328 29.461 39.464 -32768 -32768
-32768 48.969 40.784 41.965 39.557 39.589 29.736 22.65 16.837 11.804 21.673 23.922 24.826 24.142 26.512 29.215 32.415 36.546 -32768 -32768 -32768
-32768 -32768 50.624 44.512 39.479 35.388 31.789 28.558 21.253 11.302 17.109 24.19 34.052 34.136 36.47 39.15 42.356 46.463 -32768 -32768 -32768
-32768 51.641 41.735 34.584 29.535 25.421 21.863 18.684 20.726 10.803 20.696 23.986 31.057 40.908 39.288 38.271 42.042 46.544 52.262 -32768 -32768
-32768 -32768 47.916 38.041 30.996 25.237 20.244 15.775 20.163 10.304 14.103 18.22 25.36 35.276 29.364 28.298 32.097 36.599 42.425 52.318 -32768
-32768 49.927 40.019 32.858 27.035 22.002 17.506 13.404 11.598 9.8121 15.583 22.645 32.533 32.203 22.26 24.94 29.947 35.727 42.807 52.714 -32768
-32768 -32768 49.635 39.801 32.755 26.997 21.99 17.502 19.192 9.3426 15.125 22.226 32.131 29.83 19.877 24.346 29.344 35.117 42.196 52.1 -32768
-32768 -32768 45.174 38.129 33.106 33.394 31.586 21.744 14.68 8.8726 15.962 25.86 28.766 27.784 17.859 22.334 27.341 33.129 40.238 -32768 -32768
-32768 -32768 35.253 28.163 23.136 23.507 24.071 21.873 18.29 8.4071 18.285 20.388 18.832 22.949 16.075 21.073 26.843 33.904 43.769 -32768 -32768
-32768 41.919 31.964 24.831 19.025 16.424 14.105 11.946 9.921 7.9396 9.1847 10.441 11.724 13.051 14.418 18.903 23.917 29.71 36.824 -32768 -32768
-32768 45.772 39.326 29.345 23.536 26.381 24.048 21.844 17.402 7.5187 17.402 20.39 21.695 20.129 17.458 20.809 24.606 29.644 36.737 46.682 -32768
-32768 -32768 45.751 39.344 33.555 34.802 24.96 17.895 12.109 7.093 14.201 24.13 30.128 30.025 27.442 30.747 31.72 39.541 -32768 -32768 -32768
-32768 -32768 -32768 -32768 39 29.049 21.942 16.154 11.147 6.6726 16.569 20.652 20.282 25.929 29.112 33.264 41.555 -32768 -32768 -32768 -32768
-32768 -32768 -32768 -32768 38.583 28.626 21.552 15.762 10.742 6.2535 8.4573 10.722 13.173 15.982 19.18 23.318 33.364 -32768 -32768 -32768 -32768
-32768 -32768 -32768 -32768 35.762 25.764 24.449 21.054 15.738 5.8471 15.735 20.615 23.113 25.948 26.274 29.131 38.994 -32768 -32768 -32768 -32768
-32768 -32768 -32768 -32768 28.772 18.67 14.535 11.159 8.2355 5.4368 10.454 16.247 23.327 33.236 36.246 39.06 -32768 -32768 -32768 -32768 -32768
-32768 -32768 -32768 -32768 35.792 25.783 24.454 21.043 14.93 5.0366 10.038 15.817 22.901 32.895 -32768 -32768 -32768 -32768 -32768 -32768 -32768
-32768 -32768 -32768 -32768 -32768 32.473 22.54 15.45 9.6531 4.6357 9.6401 15.426 22.531 32.492 -32768 -32768 -32768 -32768 -32768 -32768 -32768
-32768 -32768 -32768 -32768 -32768 32.073 22.104 15.019 9.2411 4.2393 10.014 17.089 27.052 -32768 -32768 -32768 -32768 -32768 -32768 -32768 -32768
-32768 -32768 -32768 -32768 -32768 31.67 21.709 14.625 8.8468 3.845 9.6226 16.707 26.677 -32768 -32768 -32768 -32768 -32768 -32768 -32768 -32768
-32768 -32768 -32768 -32768 -32768 31.271 21.317 14.233 8.4549 3.4531 9.2307 16.315 26.267 -32768 -32768 -32768 -32768 -32768 -32768 -32768 -32768
-32768 -32768 -32768 -32768 -32768 30.924 20.959 13.854 8.0679 3.0636 8.8412 15.925 25.862 -32768 -32768 -32768 -32768 -32768 -32768 -32768 -32768
-32768 -32768 -32768 -32768 -32768 -32768 25.483 15.526 8.4512 2.6764 8.4588 15.561 25.501 -32768 -32768 -32768 -32768 -32768 -32768 -32768 -32768
-32768 -32768 -32768 -32768 -32768 -32768 25.113 15.175 8.0734 2.2911 9.3685 19.333 -32768 -32768 -32768 -32768 -32768 -32768 -32768 -32768 -32768
-32768 -32768 -32768 -32768 -32768 -32768 -32768 18.942 8.9845 1.9072 8.9903 18.969 -32768 -32768 -32768 -32768 -32768 -32768 -32768 -32768 -32768
-32768 -32768 -32768 -32768 -32768 -32768 -32768 18.565 8.6073 1.5242 8.6074 18.577 -32768 -32768 -32768 -32768 -32768 -32768 -32768 -32768 -32768
-32768 -32768 -32768 -32768 -32768 -32768 -32768 18.171 8.2383 1.1426 8.2384 18.199 -32768 -32768 -32768 -32768 -32768 -32768 -32768 -32768 -32768
-32768 -32768 -32768 -32768 -32768 -32768 -32768 -32768 10.717 0.76275 10.717 -32768 -32768 -32768 -32768 -32768 -32768 -32768 -32768 -32768 -32768
-32768 -32768 -32768 -32768 -32768 -32768 -32768 -32768 -32768 0.38192 9.8661 -32768 -32768 -32768 -32768 -32768 -32768 -32768 -32768 -32768 -32768
-32768 -32768 -32768 -32768 -32768 -32768 -32768 -32768 -32768 0.00045557 0.00045797 -32768 -32768 -32768 -32768 -32768 -32768 -32768 -32768 -32768 -32768
