outputs_txt/Phd_CSDMS_0k_ky_05_03_2024/Basin_5_DEM.txt
ncols         16
nrows         48
xllcorner     3800.000000
yllcorner     0.000000
cellsize      200
NODATA_value  -9999
-32768 62.204 55.107 53.754 46.659 41.627 51.605 54.933 59.882 56.632 50.889 54.204 58.33 64.124 -32768 -32768
-32768 60.002 50.074 55.007 45.127 38.05 47.949 47.842 52.835 49.56 43.765 47.117 51.24 57.065 -32768 -32768
-32768 55.889 45.951 52.122 42.218 35.131 38.485 42.046 47.088 51.049 41.161 48.223 58.12 -32768 -32768 -32768
-32768 52.295 42.379 50.067 40.172 33.076 38.86 45.939 55.779 48.824 38.842 44.64 51.754 61.663 -32768 -32768
-32768 46.278 39.181 49.029 41.203 31.235 41.161 48.921 55.939 46.775 36.781 46.686 52.102 53.805 63.658 -32768
53.497 43.563 36.479 41.816 39.376 29.473 33.965 39.008 46.105 44.779 34.832 38.384 42.19 46.695 53.829 63.761
51.152 41.172 34.034 31.883 29.858 27.877 33.651 40.722 50.577 43.158 33.174 37.644 42.641 48.407 55.477 65.39
55.411 51.047 41.13 41.749 36.565 26.676 32.453 39.537 49.425 41.639 31.653 36.126 41.128 46.907 53.991 63.92
-32768 53.359 43.43 36.357 30.543 25.509 31.287 38.371 48.258 40.227 30.24 34.714 39.721 45.509 52.616 -32768
-32768 53.266 43.364 41.119 34.315 24.405 30.182 37.266 47.151 38.903 28.915 33.917 39.698 46.792 56.663 -32768
-32768 46.303 36.291 31.241 27.126 23.328 29.106 36.19 46.074 37.642 27.653 33.425 40.49 50.386 -32768 -32768
-32768 50.11 40.182 33.112 27.321 22.317 28.095 35.178 45.061 36.428 26.437 31.44 37.221 44.315 54.2 -32768
-32768 50.993 41.106 38.269 28.404 21.344 27.121 34.205 44.087 35.264 25.272 29.746 34.753 40.541 47.648 57.539
-32768 44.076 34.04 28.992 24.488 20.395 26.173 33.257 43.138 34.15 24.157 28.632 33.638 39.426 46.534 56.522
-32768 47.247 37.323 30.257 24.487 19.488 25.27 32.372 42.237 33.064 23.088 28.088 33.861 40.934 50.895 -32768
-32768 46.412 36.472 29.389 23.61 18.608 25.686 35.619 39.077 29.148 22.052 27.054 32.832 39.916 49.882 -32768
-32768 45.53 35.615 28.531 22.753 17.751 24.834 34.792 38.07 28.15 21.054 26.056 31.834 38.918 48.886 -32768
-32768 44.693 34.778 27.694 21.916 16.914 23.997 33.957 37.626 30.055 20.089 25.091 30.869 37.953 47.911 -32768
-32768 43.877 33.961 26.877 21.099 16.097 23.192 33.085 27.757 29.065 19.148 24.152 29.938 37.043 47.026 -32768
-32768 43.137 33.193 26.088 20.302 15.298 25.249 30.533 20.645 26.324 18.23 23.998 31.058 40.986 50.205 -32768
-32768 -32768 37.327 27.362 20.287 14.512 24.455 25.535 15.59 16.457 17.328 21.133 26.951 34.109 44.115 -32768
-32768 -32768 36.557 26.599 19.515 13.738 23.66 22.985 14.743 24.605 27.222 26.92 33.982 43.902 48.672 -32768
-32768 -32768 35.806 25.859 18.757 12.974 21.321 13.081 13.899 18.391 23.402 29.164 36.228 46.145 -32768 -32768
-32768 -32768 -32768 29.316 19.321 12.22 11.473 12.26 15.292 18.646 22.453 26.959 34.095 44.086 -32768 -32768
-32768 -32768 -32768 33.666 23.755 16.693 10.934 20.841 25.218 28.578 32.364 34.034 43.909 49.199 -32768 -32768
-32768 -32768 -32768 33.184 23.257 16.174 10.397 20.313 24.628 27.35 30.41 33.983 38.574 47.853 -32768 -32768
-32768 -32768 -32768 32.669 22.724 15.64 9.8623 12.242 14.698 17.405 20.458 24.04 28.575 38.63 -32768 -32768
-32768 -32768 -32768 32.154 22.208 15.125 9.3472 19.236 24.579 27.323 30.402 34.008 35.694 45.422 -32768 -32768
-32768 -32768 -32768 31.638 21.694 14.61 8.8322 13.32 18.337 24.118 31.183 41.065 45.589 -32768 -32768 -32768
-32768 -32768 -32768 31.131 21.187 14.103 8.3252 12.409 16.885 21.893 27.682 34.792 44.721 -32768 -32768 -32768
-32768 -32768 -32768 30.63 20.686 13.602 7.8246 11.907 16.381 21.384 27.162 34.246 44.171 -32768 -32768 -32768
-32768 -32768 -32768 30.135 20.192 13.108 7.3301 11.413 15.887 20.889 26.667 33.751 43.673 -32768 -32768 -32768
-32768 -32768 -32768 29.646 19.703 12.619 6.8414 10.924 15.398 20.4 26.179 33.262 43.181 -32768 -32768 -32768
-32768 -32768 -32768 29.189 19.22 12.136 6.3585 10.441 14.915 19.917 25.696 32.779 42.695 -32768 -32768 -32768
-32768 -32768 -32768 28.712 18.743 11.659 5.8809 9.9638 14.437 19.44 25.218 32.302 42.217 -32768 -32768 -32768
-32768 -32768 -32768 28.24 18.27 11.186 5.4087 9.4926 13.969 18.977 24.766 31.875 41.834 -32768 -32768 -32768
-32768 -32768 -32768 27.773 17.803 10.719 4.9417 9.4136 14.413 20.186 27.257 37.198 -32768 -32768 -32768 -32768
-32768 -32768 -32768 27.31 17.341 10.257 4.4789 8.9556 13.969 19.774 26.898 36.876 -32768 -32768 -32768 -32768
-32768 -32768 -32768 26.852 16.882 9.7982 4.0206 9.7934 16.863 26.808 35.492 -32768 -32768 -32768 -32768 -32768
-32768 -32768 -32768 26.421 16.427 9.3427 3.5651 9.3475 16.45 26.404 -32768 -32768 -32768 -32768 -32768 -32768
-32768 -32768 -32768 25.953 15.997 8.8952 3.1129 10.19 20.161 -32768 -32768 -32768 -32768 -32768 -32768 -32768
-32768 -32768 -32768 -32768 19.707 9.7404 2.6631 9.7462 19.72 -32768 -32768 -32768 -32768 -32768 -32768 -32768
-32768 -32768 -32768 -32768 19.265 9.2981 2.215 9.2981 19.254 -32768 -32768 -32768 -32768 -32768 -32768 -32768
-32768 -32768 -32768 -32768 18.8 8.8523 1.7692 8.8522 18.793 -32768 -32768 -32768 -32768 -32768 -32768 -32768
-32768 -32768 -32768 -32768 18.347 8.4211 1.3255 8.4211 18.342 -32768 -32768 -32768 -32768 -32768 -32768 -32768
-32768 -32768 -32768 -32768 -32768 10.838 0.88428 10.838 -32768 -32768 -32768 -32768 -32768 -32768 -32768 -32768
-32768 -32768 -32768 -32768 -32768 9.8672 0.44235 9.8677 -32768 -32768 -32768 -32768 -32768 -32768 -32768 -32768
-32768 -32768 -32768 -32768 -32768 0.00033823 1.1037e-05 0.00076753 -32768 -32768 -32768 -32768 -32768 -32768 -32768 -32768
