outputs_txt/Phd_CSDMS_0k_ky_05_03_2024/Basin_17_RLF_5000.txt
ncols         12
nrows         48
xllcorner     17200.000000
yllcorner     0.000000
cellsize      200
NODATA_value  -9999
-9999 53.993 54.581 54.581 54.581 54.581 54.581 54.581 54.581 54.581 54.581 54.581
-9999 54.581 55.164 55.164 55.164 55.164 55.164 55.164 55.164 55.164 55.164 55.164
-9999 55.164 55.738 55.738 55.738 55.738 55.738 55.738 55.738 55.738 55.738 55.738
55.738 55.738 56.29 56.29 56.29 56.29 56.29 56.29 56.29 56.29 56.29 56.29
-9999 56.29 56.84 56.84 56.84 56.84 56.84 56.84 56.84 56.84 56.84 56.84
-9999 56.84 57.378 57.378 57.378 57.378 57.378 57.378 57.378 57.378 57.378 57.378
-9999 -9999 57.917 57.917 57.917 57.917 57.917 57.917 57.917 57.917 57.917 57.917
-9999 -9999 58.442 58.442 58.442 58.442 58.442 58.442 58.442 58.442 58.442 58.442
-9999 -9999 58.959 58.959 58.959 58.959 58.959 58.959 58.959 58.959 58.959 58.959
-9999 -9999 59.469 59.469 59.469 59.469 59.469 59.469 59.469 59.469 59.469 59.469
-9999 59.469 59.972 59.972 59.972 59.972 59.972 59.972 59.972 59.972 59.972 59.972
-9999 59.972 60.468 60.468 60.468 60.468 60.468 60.468 60.468 60.468 60.468 60.468
-9999 60.468 60.959 60.959 60.959 60.959 60.959 60.959 60.959 60.959 60.959 60.959
-9999 -9999 61.445 61.445 61.445 61.445 61.445 61.445 61.445 61.445 61.445 61.445
-9999 -9999 -9999 61.926 61.926 61.926 61.926 61.926 61.926 61.926 61.926 61.926
-9999 -9999 62.403 62.403 62.403 62.403 62.403 62.403 62.403 62.403 62.403 62.403
-9999 62.403 62.875 62.875 62.875 62.875 62.875 62.875 62.875 62.875 62.875 62.875
-9999 62.875 63.345 63.345 63.345 63.345 63.345 63.345 63.345 63.345 63.345 63.345
-9999 63.345 63.812 63.812 63.812 63.812 63.812 63.812 63.812 63.812 63.812 63.812
63.812 63.812 64.277 64.277 64.277 64.277 64.277 64.277 64.277 64.277 64.277 64.277
64.277 64.277 64.739 64.739 64.739 64.739 64.739 64.739 64.739 64.739 64.739 64.739
-9999 64.739 65.199 65.199 65.199 65.199 65.199 65.199 65.199 65.199 65.199 65.199
-9999 -9999 65.659 65.659 65.659 65.659 65.659 65.659 65.659 65.659 65.659 65.659
-9999 -9999 66.12 66.12 66.12 66.12 66.12 66.12 66.12 66.12 62.065 61.533
-9999 -9999 66.12 66.12 66.12 66.12 66.12 66.12 62.065 61.533 61.533 61.533
-9999 61.533 61.533 61.533 61.533 61.533 61.533 61.533 61.533 61.533 61.533 61.533
-9999 61.533 61.533 61.533 61.533 61.533 61.533 61.533 61.533 61.533 61.533 61.533
-9999 61.533 61.533 61.533 61.533 61.533 61.533 61.533 61.533 61.533 61.533 61.533
-9999 -9999 61.533 61.533 61.533 61.533 61.533 61.533 61.533 61.533 55.193 54.528
-9999 -9999 61.533 61.533 61.533 61.533 61.533 61.533 55.193 54.528 54.528 54.528
-9999 -9999 54.528 54.528 54.528 54.528 54.528 54.528 54.528 54.528 54.528 54.528
-9999 -9999 54.528 54.528 54.528 54.528 54.528 54.528 54.528 54.528 54.528 54.528
-9999 -9999 -9999 54.528 54.528 54.528 54.528 54.528 54.528 54.528 54.528 54.528
-9999 -9999 -9999 54.528 54.528 54.528 54.528 54.528 54.528 54.528 50.96 50.96
-9999 -9999 -9999 54.528 54.528 54.528 54.528 54.528 50.96 50.96 50.96 50.96
-9999 -9999 -9999 50.96 50.96 50.96 50.96 50.96 50.96 50.96 50.96 50.96
-9999 -9999 -9999 -9999 50.96 50.96 50.96 50.96 50.96 50.96 50.96 50.96
-9999 -9999 -9999 -9999 50.96 50.96 50.96 50.96 50.96 50.96 50.96 50.96
-9999 -9999 -9999 -9999 -9999 50.96 50.96 50.96 50.96 50.96 50.96 50.96
-9999 -9999 -9999 -9999 -9999 50.96 50.96 50.96 50.96 50.96 50.091 50.091
-9999 -9999 -9999 -9999 -9999 -9999 50.96 50.96 50.091 50.091 50.091 50.091
-9999 -9999 -9999 -9999 -9999 -9999 50.091 50.091 50.091 50.091 50.091 50.091
-9999 -9999 -9999 -9999 -9999 -9999 50.091 50.091 50.091 50.091 50.091 -9999
-9999 -9999 -9999 -9999 -9999 -9999 50.091 50.091 50.091 50.091 50.091 -9999
-9999 -9999 -9999 -9999 -9999 -9999 50.091 50.091 50.091 50.091 50.091 -9999
-9999 -9999 -9999 -9999 -9999 -9999 -9999 50.091 50.091 50.091 50.091 -9999
-9999 -9999 -9999 -9999 -9999 -9999 -9999 50.091 50.091 50.091 50.091 -9999
-9999 -9999 -9999 -9999 -9999 -9999 -9999 50.091 50.091 50.091 50.091 -9999
