outputs_txt/Phd_CSDMS_0k_ky_05_03_2024/Basin_9_RLF_2500.txt
ncols         6
nrows         48
xllcorner     9200.000000
yllcorner     0.000000
cellsize      200
NODATA_value  -9999
-9999 -9999 -9999 42.825 42.825 42.825
-9999 -9999 -9999 44.075 44.075 44.075
-9999 -9999 45.292 45.292 45.292 45.292
-9999 -9999 46.44 46.44 46.44 46.44
-9999 47.546 47.546 47.546 47.546 47.546
-9999 48.614 48.614 48.614 48.614 48.614
-9999 49.663 49.663 49.663 49.663 49.663
-9999 50.665 50.665 50.665 50.665 50.665
51.639 51.639 51.639 51.639 51.639 51.639
52.588 52.588 52.588 52.588 52.588 52.588
53.512 53.512 53.512 53.512 53.512 53.512
-9999 54.413 54.413 54.413 54.413 54.413
55.28 55.303 55.303 55.303 55.303 55.303
51.894 51.894 51.894 51.894 51.894 51.894
52.737 52.737 52.737 52.737 52.737 52.737
46.472 46.664 46.664 46.664 46.664 46.664
47.282 47.282 47.282 47.282 47.282 47.282
45.232 45.232 45.232 45.232 45.232 45.232
45.674 46.012 46.012 46.012 46.012 46.012
46.432 46.44 46.44 46.44 46.44 46.44
47.185 47.185 47.185 47.185 47.185 47.185
47.461 47.929 47.929 47.929 47.929 47.929
44.411 48.192 48.192 48.192 48.192 48.192
45.131 45.131 45.131 45.131 45.131 45.131
45.84 45.84 45.84 45.84 45.84 45.84
42.177 46.539 46.539 46.539 46.539 46.539
42.866 42.866 42.866 42.866 42.866 42.866
43.546 43.546 43.546 43.546 43.546 43.546
44.216 44.216 44.216 44.216 44.216 44.216
40.099 44.878 44.878 44.878 44.878 44.878
40.753 40.753 40.753 40.753 40.753 40.753
40.483 41.4 41.4 41.4 41.4 -9999
41.116 41.123 41.123 41.123 41.123 -9999
41.753 41.753 41.753 41.753 41.753 41.753
42.387 42.387 42.387 42.387 42.387 42.387
38.47 43.02 43.02 43.02 43.02 43.02
38.47 38.47 38.47 38.47 38.47 38.47
37.666 38.47 38.47 38.47 38.47 38.47
36.842 37.666 37.666 37.666 37.666 37.666
36.033 36.842 36.842 36.842 36.842 36.842
35.239 36.033 36.033 36.033 36.033 36.033
34.467 35.239 35.239 35.239 35.239 35.239
32.159 34.467 34.467 34.467 34.467 -9999
32.159 32.159 32.159 32.159 32.159 -9999
32.159 32.159 32.159 32.159 -9999 -9999
-9999 32.159 32.159 32.159 -9999 -9999
-9999 31.428 31.428 -9999 -9999 -9999
-9999 30.709 30.709 -9999 -9999 -9999
