outputs_txt/Phd_CSDMS_0k_ky_05_03_2024/Basin_5_RLF_2500.txt
ncols         16
nrows         48
xllcorner     3800.000000
yllcorner     0.000000
cellsize      200
NODATA_value  -9999
-9999 42.781 42.781 42.781 44.046 44.046 44.046 44.046 44.046 44.046 43.073 43.073 42.062 42.062 -9999 -9999
-9999 43.729 43.729 43.729 44.995 44.995 44.995 44.995 44.995 44.995 44.046 44.046 43.073 43.073 -9999 -9999
-9999 44.636 44.636 45.902 45.902 45.902 45.902 45.902 45.902 45.902 44.995 44.995 44.046 -9999 -9999 -9999
-9999 45.516 45.516 46.781 46.781 46.781 46.781 46.781 46.781 46.781 45.902 45.902 44.995 44.995 -9999 -9999
-9999 46.374 46.374 47.639 47.639 47.639 47.639 47.639 47.639 47.639 46.781 46.781 45.902 45.902 44.995 -9999
44.454 45.29 47.21 48.476 48.476 48.476 48.476 48.476 48.476 48.476 47.639 47.639 46.781 46.781 45.902 44.995
45.29 46.108 48.028 49.293 49.293 49.293 49.293 49.293 49.293 49.293 48.476 48.476 47.639 47.639 46.781 45.902
46.108 46.906 48.361 50.092 50.092 50.092 50.092 50.092 50.092 50.092 49.293 49.293 48.476 48.476 47.639 46.781
-9999 47.692 49.146 50.878 50.878 50.878 50.878 50.878 50.878 50.878 50.092 50.092 49.8 49.293 48.476 -9999
-9999 48.467 48.467 51.652 51.652 51.652 51.652 51.652 51.652 51.652 50.878 50.878 50.647 50.092 49.8 -9999
-9999 49.23 49.23 52.416 52.416 52.416 52.416 52.416 52.416 52.416 52.309 52.309 51.49 50.878 -9999 -9999
-9999 49.984 50.731 52.447 53.917 53.917 53.917 53.917 53.917 53.917 53.917 53.13 52.309 52.309 51.49 -9999
-9999 50.731 51.27 51.27 54.456 54.456 54.456 54.456 54.456 54.456 54.456 53.917 53.917 53.13 52.309 52.309
-9999 49.068 49.606 49.606 53.524 54.993 54.993 54.993 54.993 54.993 54.993 54.456 54.456 53.917 53.917 53.13
-9999 45.543 46.077 47.677 47.677 55.528 55.528 55.528 55.528 55.528 55.528 54.993 54.993 54.456 54.456 -9999
-9999 45.549 46.592 48.192 48.192 54.573 56.043 56.043 56.043 56.043 56.043 55.528 55.528 54.993 54.993 -9999
-9999 46.064 46.579 48.707 48.707 48.707 55.088 56.558 56.558 56.558 56.558 56.043 56.043 55.528 55.528 -9999
-9999 46.579 47.086 48.197 49.214 49.214 49.214 55.595 55.595 57.065 57.065 56.558 56.558 56.043 56.043 -9999
-9999 47.086 47.587 47.587 49.715 49.715 49.715 49.715 49.715 56.096 56.096 57.065 57.065 56.558 56.558 -9999
-9999 47.587 48.081 48.081 49.192 50.209 50.209 50.209 50.209 50.209 50.209 56.096 56.096 55.595 55.595 -9999
-9999 -9999 46.518 46.518 46.518 50.698 50.698 50.698 50.698 50.698 50.698 50.209 50.209 49.715 49.715 -9999
-9999 -9999 46.908 46.908 46.908 50.164 51.181 51.181 51.181 51.181 51.181 50.698 50.698 50.209 50.209 -9999
-9999 -9999 45.112 45.112 45.112 45.112 50.642 51.658 51.658 51.658 51.658 51.181 51.181 50.698 -9999 -9999
-9999 -9999 -9999 45.584 45.584 45.584 45.584 51.114 51.114 52.131 52.131 51.658 51.658 51.181 -9999 -9999
-9999 -9999 -9999 46.051 46.051 46.051 45.953 45.953 45.953 51.581 51.581 52.131 52.131 51.658 -9999 -9999
-9999 -9999 -9999 45.726 45.726 45.726 45.726 45.726 46.416 46.416 46.416 51.581 51.581 51.114 -9999 -9999
-9999 -9999 -9999 45.179 46.184 46.184 46.184 46.184 46.184 46.184 46.875 46.416 46.416 45.953 -9999 -9999
-9999 -9999 -9999 45.634 46.64 46.64 46.64 46.64 46.64 46.64 46.64 46.184 46.184 45.726 -9999 -9999
-9999 -9999 -9999 46.086 46.086 47.092 47.092 47.092 47.092 47.092 47.092 46.64 46.64 -9999 -9999 -9999
-9999 -9999 -9999 46.536 46.536 46.536 47.542 47.542 47.542 47.542 47.542 47.092 47.092 -9999 -9999 -9999
-9999 -9999 -9999 46.984 46.984 46.984 46.984 46.984 47.99 47.99 47.99 47.542 47.542 -9999 -9999 -9999
-9999 -9999 -9999 47.43 47.43 47.43 47.43 47.43 47.43 47.43 48.436 47.99 47.99 -9999 -9999 -9999
-9999 -9999 -9999 47.874 47.874 47.874 47.874 47.874 47.874 47.874 47.874 47.43 47.43 -9999 -9999 -9999
-9999 -9999 -9999 46.969 48.315 48.315 48.315 48.315 48.315 48.315 48.315 47.874 47.874 -9999 -9999 -9999
-9999 -9999 -9999 45.146 47.411 48.757 48.757 48.757 48.757 48.757 48.757 48.315 48.315 -9999 -9999 -9999
-9999 -9999 -9999 45.589 45.589 47.853 47.853 49.199 49.199 49.199 49.199 49.199 48.757 -9999 -9999 -9999
-9999 -9999 -9999 45.589 45.589 45.589 45.589 47.853 47.853 49.199 49.199 49.199 -9999 -9999 -9999 -9999
-9999 -9999 -9999 45.589 45.589 45.589 45.589 45.589 45.589 47.853 47.853 47.853 -9999 -9999 -9999 -9999
-9999 -9999 -9999 44.721 45.589 45.589 45.589 45.589 45.589 45.589 45.589 -9999 -9999 -9999 -9999 -9999
-9999 -9999 -9999 44.171 44.721 44.721 45.589 45.589 45.589 45.589 -9999 -9999 -9999 -9999 -9999 -9999
-9999 -9999 -9999 43.673 44.171 44.171 44.721 44.721 45.589 -9999 -9999 -9999 -9999 -9999 -9999 -9999
-9999 -9999 -9999 -9999 43.673 43.673 44.171 44.171 44.721 -9999 -9999 -9999 -9999 -9999 -9999 -9999
-9999 -9999 -9999 -9999 43.181 43.181 43.673 43.673 44.171 -9999 -9999 -9999 -9999 -9999 -9999 -9999
-9999 -9999 -9999 -9999 42.695 42.695 43.181 43.181 43.673 -9999 -9999 -9999 -9999 -9999 -9999 -9999
-9999 -9999 -9999 -9999 42.217 42.217 42.695 42.695 43.181 -9999 -9999 -9999 -9999 -9999 -9999 -9999
-9999 -9999 -9999 -9999 -9999 41.834 42.217 42.217 -9999 -9999 -9999 -9999 -9999 -9999 -9999 -9999
-9999 -9999 -9999 -9999 -9999 37.198 41.834 41.834 -9999 -9999 -9999 -9999 -9999 -9999 -9999 -9999
-9999 -9999 -9999 -9999 -9999 37.198 37.198 37.198 -9999 -9999 -9999 -9999 -9999 -9999 -9999 -9999
