outputs_txt/Phd_CSDMS_100k_ky_05_03_2024/Basin_17_DEM.txt
ncols         12
nrows         48
xllcorner     17200.000000
yllcorner     0.000000
cellsize      200
NODATA_value  -9999
-32768 26.98 23.552 21.254 17.924 13.896 20.191 17.45 12.297 17.44 14.459 21.034
-32768 21.036 18.158 16.368 17.605 12.353 17.605 15.336 11.13 14.905 12.625 15.196
-32768 16.969 14.724 13.434 15.843 11.399 15.844 13.843 10.315 10.904 11.619 14.417
20.821 14.227 12.582 11.683 14.31 10.714 14.553 13.118 9.8907 11.056 12.896 16.277
-32768 19.432 13.544 11.065 10.58 10.14 13.522 12.526 9.5182 10.63 12.315 15.409
-32768 -32768 19.327 13.521 12.408 9.8125 12.972 12.023 9.1807 10.258 11.827 14.678
-32768 -32768 18.614 13.175 10.828 9.4988 12.482 11.582 8.8692 9.9252 11.41 14.062
-32768 -32768 17.817 12.69 10.491 9.2038 12.045 11.189 8.578 10.168 13.666 16.005
-32768 -32768 17.103 12.258 10.181 8.9238 11.649 10.825 8.2981 9.8572 13.18 12.706
-32768 -32768 16.459 11.871 9.892 8.6566 11.286 10.486 8.0285 10.486 12.374 11.13
-32768 19.195 13.567 13.344 9.9684 8.4004 10.949 10.164 7.7656 10.161 9.3781 10.136
-32768 15.211 11.066 11.88 10.633 8.1521 10.065 9.8075 7.5091 9.8504 8.7309 10.364
-32768 13.138 9.8513 9.0582 8.4466 7.9072 7.6872 7.4706 7.2563 7.7079 8.1706 9.7265
-32768 -32768 13.127 10.754 10.029 10.338 10.066 9.3814 7.1037 9.38 9.3839 11.228
-32768 -32768 -32768 14.631 13.458 13.064 9.7345 8.1296 6.9515 7.9649 9.1931 11.037
-32768 -32768 -32768 14.22 12.534 12.823 9.568 7.9787 6.8031 7.8157 9.0382 10.848
-32768 17.056 12.155 10.453 9.438 12.522 10.746 8.1207 6.6577 8.8832 10.65 10.985
-32768 16.771 12.046 9.9761 8.7059 11.41 10.558 7.9742 6.5135 7.2766 8.105 9.1603
-32768 12.765 11.463 10.63 8.1442 9.4326 9.1571 8.5674 6.3731 7.3836 8.5863 10.305
12.761 9.5934 8.7371 8.126 7.6045 7.242 6.8953 6.5627 6.2343 7.2449 8.444 10.141
15.15 11.03 10.009 9.6841 9.9893 9.5546 9.1525 8.279 6.1081 7.1194 8.3167 9.9962
-32768 15.154 12.084 12.957 13.272 9.8448 8.1874 6.9942 5.983 8.1466 9.8454 11.227
-32768 -32768 16.804 14.856 10.871 9.0206 7.7798 6.7623 5.8592 6.6231 7.4497 8.4844
-32768 -32768 16.498 11.926 9.828 8.5049 7.468 6.5628 5.7386 6.7497 7.9371 9.5622
-32768 -32768 16.224 11.751 9.6962 8.3857 7.351 6.4453 5.6202 7.7565 8.2884 9.9665
-32768 -32768 13.499 9.9957 10.001 9.2335 8.5938 7.6327 5.5033 6.2674 7.0933 8.6007
-32768 13.515 10.002 8.3573 7.587 6.9468 6.3855 5.8792 5.388 6.3984 7.5797 9.1651
-32768 -32768 13.492 9.9949 10 9.2326 8.5926 7.3942 5.2769 6.2873 7.4678 9.0435
-32768 -32768 15.251 11.12 9.1967 7.9261 6.8989 5.9927 5.1665 6.1773 7.358 8.9251
-32768 -32768 13.881 10.143 8.3763 8.7825 8.137 7.1643 5.0581 6.4983 8.7955 9.4604
-32768 14.776 10.467 8.4055 7.1528 6.5103 5.948 5.4413 4.9501 7.0532 8.2665 7.7923
-32768 16.974 14.746 10.358 8.3929 8.7825 8.1361 6.9422 4.845 5.4295 6.0404 6.7577
-32768 -32768 16.098 11.584 9.0246 7.5838 6.497 5.5713 4.7418 6.6913 8.0828 8.2754
-32768 -32768 15.758 11.532 8.9453 7.4946 6.4 5.4701 4.6397 5.6508 6.826 8.3515
-32768 -32768 15.447 11.456 8.8604 7.4054 6.305 5.3708 4.539 5.5495 6.7232 8.2428
-32768 -32768 15.184 11.39 8.7809 7.32 6.2129 5.2736 4.4398 5.4501 6.6231 8.1369
-32768 14.207 13.996 12.391 9.5669 8.0216 7.0409 5.9792 4.3419 5.3519 6.5238 8.031
-32768 13.13 9.9453 7.7943 6.6447 5.8773 5.2651 4.7408 4.2445 5.0117 5.8424 6.8739
-32768 -32768 23.822 28.686 27.078 21.65 16.424 12.312 4.1508 11.871 15.588 19.671
-32768 -32768 -32768 -32768 -32768 26.549 16.599 9.49 3.6754 8.7107 14.506 21.609
-32768 -32768 -32768 -32768 -32768 29.792 19.892 10.105 3.2061 9.0064 16.091 26.062
-32768 -32768 -32768 -32768 -32768 -32768 19.829 9.8477 2.7402 8.5452 15.656 25.62
-32768 -32768 -32768 -32768 -32768 -32768 19.344 9.3819 2.2778 9.3762 19.353 -32768
-32768 -32768 -32768 -32768 -32768 -32768 18.865 8.9184 1.8179 8.9185 18.892 -32768
-32768 -32768 -32768 -32768 -32768 -32768 18.395 8.47 1.3611 8.4701 18.414 -32768
-32768 -32768 -32768 -32768 -32768 -32768 -32768 10.871 0.90754 10.871 17.011 -32768
-32768 -32768 -32768 -32768 -32768 -32768 -32768 9.8679 0.45379 9.8673 7.1091 -32768
-32768 -32768 -32768 -32768 -32768 -32768 -32768 0.00064875 1.4654e-05 7.2575e-05 0.0005796 -32768
