outputs_txt/Phd_CSDMS_100k_ky_05_03_2024/Basin_10_DEM.txt
ncols         10
nrows         48
xllcorner     10200.000000
yllcorner     0.000000
cellsize      200
NODATA_value  -9999
-32768 25.419 17.764 15.053 13.42 15.241 19.449 16.807 20.057 25.743
-32768 25.782 18.24 14.418 12.352 13.208 17.412 14.747 18.877 26.795
-32768 24.375 17.236 15.616 11.648 11.915 12.591 13.466 16.937 24.163
-32768 19.335 13.75 12.138 11.066 11.416 13.045 16.153 22.827 -32768
-32768 20.323 14.527 11.992 10.605 10.986 12.205 14.198 17.86 25.147
-32768 19.528 14.036 11.662 10.327 11.435 13.12 16.229 22.81 -32768
-32768 18.827 13.606 11.366 10.069 11.151 12.748 15.671 21.984 -32768
-32768 18.197 13.224 11.095 9.8258 10.89 12.415 15.173 21.221 -32768
-32768 17.62 12.881 10.844 9.5963 10.647 12.114 14.728 20.532 -32768
-32768 17.115 12.568 10.609 9.3779 10.419 11.839 14.331 19.899 -32768
-32768 16.643 12.281 10.388 9.1692 10.387 12.278 16.626 -32768 -32768
-32768 16.197 12.013 10.176 8.9679 9.9958 11.344 13.629 18.785 -32768
-32768 15.799 11.763 9.9748 8.7744 9.7976 11.118 13.314 18.282 -32768
-32768 15.425 11.528 9.7815 8.5876 9.6073 10.906 13.025 17.819 -32768
-32768 15.066 11.306 9.5956 8.407 9.4239 10.704 12.756 17.387 -32768
-32768 14.742 11.095 9.4162 8.232 9.2466 10.51 12.503 16.982 -32768
-32768 14.433 10.894 9.2426 8.0621 9.0749 10.325 12.265 16.602 -32768
-32768 14.143 10.702 9.0743 7.8969 8.9083 10.148 12.043 16.246 -32768
-32768 13.86 10.518 8.9108 7.736 8.9107 10.517 13.859 -32768 -32768
-32768 13.602 10.34 8.7512 7.5786 8.7512 10.34 13.597 -32768 -32768
-32768 13.35 10.167 8.5953 7.4245 8.5953 10.167 13.344 -32768 -32768
-32768 13.11 10 8.4426 7.2735 8.4426 10 13.11 -32768 -32768
-32768 12.88 9.8375 8.2931 7.1253 8.2931 9.8375 12.881 -32768 -32768
-32768 12.661 9.6793 8.1466 6.9799 8.1466 9.6793 12.66 -32768 -32768
-32768 12.444 9.5251 8.0028 6.8371 8.0028 9.5251 12.447 -32768 -32768
-32768 12.242 9.3746 7.8615 6.6967 7.8615 9.3746 12.243 -32768 -32768
-32768 12.044 9.2275 7.7228 6.5586 7.7226 9.2268 12.038 -32768 -32768
-32768 11.853 9.0836 7.5863 6.4227 7.4279 8.6107 10.227 13.482 -32768
-32768 11.668 8.9429 7.4524 6.2892 7.2942 8.4741 10.072 13.266 -32768
-32768 11.493 8.8066 7.3216 6.1581 7.1629 8.3406 9.9245 13.057 -32768
-32768 11.629 8.9078 8.1388 6.0291 7.0338 8.2096 9.7807 12.855 -32768
12.099 9.7067 7.4189 7.739 5.9016 6.9062 8.0803 9.6396 12.659 -32768
10.276 7.8572 6.4104 5.6504 5.7752 6.7804 7.9537 9.5037 12.476 -32768
11.712 9.2114 6.9569 5.5274 6.4251 7.432 8.6241 10.268 13.578 -32768
-32768 9.0791 6.8357 5.4064 6.3045 7.3115 8.5013 10.132 13.387 -32768
-32768 8.9457 6.7156 5.2871 6.1851 7.1918 8.379 9.9953 13.198 -32768
11.17 8.8132 6.5969 5.1694 6.0674 7.0745 8.2691 9.9475 13.512 -32768
9.1456 7.2357 6.0023 5.0533 5.7262 6.4419 7.2762 8.3527 10.345 -32768
24.796 20.342 13.362 4.941 13.09 17.263 22.502 28.403 26.302 -32768
-32768 21.458 11.475 4.3723 10.17 17.26 27.232 -32768 -32768 -32768
-32768 20.895 10.909 3.8104 9.6016 16.694 26.663 -32768 -32768 -32768
-32768 20.335 10.35 3.2538 9.0431 16.135 26.09 -32768 -32768 -32768
-32768 19.794 9.7969 2.7023 8.4899 15.58 25.525 -32768 -32768 -32768
-32768 19.216 9.2611 2.156 7.9465 15.054 25.001 -32768 -32768 -32768
-32768 -32768 11.602 1.615 8.7118 18.669 -32768 -32768 -32768 -32768
-32768 -32768 11.05 1.0758 11.033 -32768 -32768 -32768 -32768 -32768
-32768 -32768 -32768 0.53809 -32768 -32768 -32768 -32768 -32768 -32768
-32768 -32768 -32768 0.00065311 -32768 -32768 -32768 -32768 -32768 -32768
