outputs_txt/Phd_CSDMS_100k_ky_05_03_2024/Basin_4_RLF_1000.txt
ncols         14
nrows         48
xllcorner     1600.000000
yllcorner     0.000000
cellsize      200
NODATA_value  -9999
16.996 17.904 18.605 19.231 19.231 18.617 12.792 19.123 19.123 19.123 19.123 19.123 -9999 -9999
16.996 17.904 18.605 19.478 19.478 18.864 13.039 19.37 19.37 19.37 19.37 19.37 -9999 -9999
18.09 18.7 19.221 19.717 19.717 19.102 13.278 19.609 19.609 19.609 19.609 19.609 -9999 -9999
-9999 18.7 19.221 19.926 19.926 19.312 13.487 19.818 19.818 19.818 19.818 19.818 -9999 -9999
-9999 18.7 19.221 20.13 20.13 19.516 13.691 20.022 20.022 20.022 20.022 -9999 -9999 -9999
-9999 18.7 19.401 20.324 20.324 19.709 13.885 14.302 14.302 14.302 14.302 -9999 -9999 -9999
18.09 18.708 19.675 20.512 20.512 19.897 14.073 11.55 11.55 11.55 11.55 -9999 -9999 -9999
-9999 18.094 19.061 20.075 20.075 20.075 14.25 11.727 11.727 11.727 11.727 11.727 -9999 -9999
-9999 -9999 13.582 14.26 14.26 14.26 14.26 11.901 11.901 11.901 11.901 11.901 -9999 -9999
-9999 -9999 13.582 14.426 14.426 14.426 14.426 12.067 12.067 12.067 12.067 12.067 -9999 -9999
-9999 -9999 13.582 14.586 14.586 14.586 14.586 12.227 12.227 12.227 12.227 12.227 -9999 -9999
-9999 -9999 13.582 14.742 14.742 14.742 14.742 12.383 12.383 12.383 12.383 12.383 -9999 -9999
-9999 -9999 14.491 14.898 15.043 15.043 15.043 12.18 12.18 12.18 12.18 12.18 -9999 -9999
-9999 -9999 13.839 14.246 14.533 14.533 14.533 12.322 12.322 12.322 12.322 12.322 -9999 -9999
-9999 -9999 12.517 12.924 13.351 13.351 13.351 10.868 10.868 10.868 10.868 10.868 -9999 -9999
-9999 12.092 12.517 12.924 13.489 13.489 13.489 11.005 11.005 11.005 11.005 11.005 -9999 -9999
10.826 11.282 11.707 12.114 12.813 12.813 12.813 10.718 10.718 10.718 10.718 10.718 -9999 -9999
10.826 11.282 11.707 12.114 12.946 12.946 12.946 10.445 10.445 10.445 10.445 10.445 -9999 -9999
-9999 9.938 10.363 10.903 11.732 11.034 11.034 10.834 10.33 10.33 10.33 10.33 -9999 -9999
-9999 -9999 10.363 10.903 11.732 11.162 11.162 10.962 9.4548 9.4548 9.4548 9.4548 -9999 -9999
-9999 -9999 -9999 10.903 11.732 11.924 11.29 11.089 9.5821 9.5821 9.5821 9.5821 9.5821 -9999
-9999 -9999 -9999 14.36 15.19 15.7 11.541 11.341 9.834 9.834 9.834 9.834 9.834 -9999
-9999 -9999 -9999 14.36 15.19 15.7 11.663 11.463 9.9556 9.9556 9.9556 9.9556 9.9556 -9999
-9999 -9999 14.436 14.436 15.19 15.7 11.783 11.583 10.076 10.076 10.076 10.076 10.076 10.076
-9999 13.837 14.852 14.852 15.19 15.7 11.702 11.702 10.195 10.195 10.195 10.195 10.195 10.195
-9999 14.836 15.251 15.536 15.536 15.7 11.82 11.82 8.0008 7.3248 7.3248 7.3248 7.3248 7.3248
-9999 14.836 15.251 15.813 15.813 15.813 11.937 11.937 8.1177 6.9129 6.8917 6.8917 6.8917 6.8917
14.402 14.836 15.251 16.082 16.082 16.082 12.049 8.3506 7.9733 7.0288 7.0076 7.0076 7.0076 7.0076
15.177 15.596 15.981 16.346 16.557 16.767 10.425 8.58 8.1972 6.2434 6.2434 6.2434 6.2434 6.2434
15.177 15.596 15.981 16.346 16.557 16.866 10.525 8.6799 8.2971 6.5587 6.5587 6.5587 6.5587 6.5587
12.759 13.177 13.563 13.928 14.139 11.558 8.9549 8.7792 7.4996 6.658 6.658 6.658 6.658 6.658
12.759 13.177 13.563 13.928 14.139 13.143 8.5324 8.3303 8.3303 6.8165 6.7565 6.7565 6.7565 6.7565
12.759 13.177 13.563 13.928 14.139 13.241 12.444 8.6246 8.6246 6.9138 6.8537 6.8537 6.8537 6.8537
12.759 13.177 13.563 13.928 14.338 13.337 12.541 8.7213 8.7213 7.0105 6.9505 6.9505 6.9505 6.9505
25.302 25.721 26.107 26.472 26.882 27.477 27.477 20.344 19.501 22.272 22.272 22.272 22.272 22.272
-9999 25.721 26.107 26.472 26.882 27.949 27.949 22.845 22.878 31.928 31.928 31.928 31.928 31.928
-9999 -9999 26.107 26.472 26.882 28.416 28.416 23.312 23.345 32.395 32.395 32.395 32.395 32.395
-9999 -9999 25.695 26.341 26.882 28.878 28.878 23.775 23.808 32.858 32.858 32.858 32.858 32.858
-9999 -9999 25.695 26.341 26.882 29.339 29.339 24.235 24.268 33.318 33.318 33.318 33.318 33.318
-9999 -9999 -9999 -9999 -9999 -9999 29.797 24.693 24.726 33.776 33.776 33.776 33.776 33.776
-9999 -9999 -9999 -9999 -9999 -9999 30.251 25.148 25.181 34.231 34.231 34.231 34.231 -9999
-9999 -9999 -9999 -9999 -9999 -9999 -9999 25.6 25.632 34.683 34.683 34.683 -9999 -9999
-9999 -9999 -9999 -9999 -9999 -9999 -9999 26.052 26.084 35.135 35.135 35.135 -9999 -9999
-9999 -9999 -9999 -9999 -9999 -9999 -9999 26.504 26.536 35.587 35.587 35.587 -9999 -9999
-9999 -9999 -9999 -9999 -9999 -9999 -9999 26.055 26.091 26.091 26.091 26.091 -9999 -9999
-9999 -9999 -9999 -9999 -9999 -9999 -9999 -9999 19.822 19.822 19.822 -9999 -9999 -9999
-9999 -9999 -9999 -9999 -9999 -9999 -9999 -9999 -9999 19.366 -9999 -9999 -9999 -9999
-9999 -9999 -9999 -9999 -9999 -9999 -9999 -9999 -9999 18.892 -9999 -9999 -9999 -9999
