outputs_txt/Phd_CSDMS_100k_ky_05_03_2024/Basin_14_RLF_5000.txt
ncols         21
nrows         48
xllcorner     13600.000000
yllcorner     0.000000
cellsize      200
NODATA_value  -9999
22.37 22.47 22.47 22.565 22.565 22.565 22.565 22.565 22.565 22.565 22.565 22.565 22.565 22.565 22.565 22.565 22.47 22.47 22.37 -9999 -9999
22.47 22.565 22.565 22.659 22.659 22.659 22.659 22.659 22.659 22.659 22.659 22.659 22.659 22.659 22.659 22.659 22.565 22.565 22.47 -9999 -9999
22.565 22.659 22.659 22.753 22.753 22.753 22.753 22.753 22.753 22.753 22.753 22.753 22.753 22.753 22.753 22.753 22.659 22.659 22.565 -9999 -9999
22.659 22.753 22.753 22.847 22.847 22.847 22.847 22.847 22.847 22.847 22.847 22.847 22.847 22.847 22.847 22.847 22.753 22.753 -9999 -9999 -9999
22.753 22.847 22.847 22.932 22.932 22.932 22.932 22.932 22.932 22.932 22.932 22.932 22.932 22.932 22.932 22.932 22.847 22.847 22.753 -9999 -9999
22.847 22.932 22.932 23.018 23.018 23.018 23.018 23.018 23.018 23.018 23.018 23.018 23.018 23.018 23.018 23.018 22.932 22.932 22.847 22.847 -9999
-9999 23.018 23.018 23.102 23.102 23.102 23.102 23.102 23.102 23.102 23.102 23.102 23.102 23.102 23.102 23.102 23.018 23.018 22.932 22.932 -9999
23.018 23.102 23.102 23.186 23.186 23.186 23.186 23.186 23.186 23.186 23.186 23.186 23.186 23.186 23.186 23.186 23.102 23.102 23.018 23.018 -9999
23.102 23.186 23.186 23.267 23.267 23.267 23.267 23.267 23.267 23.267 23.267 23.267 23.267 23.267 23.267 23.267 23.186 23.186 23.102 23.102 -9999
-9999 23.267 23.267 23.349 23.349 23.349 23.349 23.349 23.349 23.349 23.349 23.349 23.349 23.349 23.349 23.349 23.267 23.267 23.186 23.186 -9999
23.267 23.349 23.349 23.429 23.429 23.429 23.429 23.429 23.429 23.429 23.429 23.429 23.429 23.429 23.429 23.429 23.349 23.349 23.267 -9999 -9999
23.349 23.429 23.429 23.508 23.508 23.508 23.508 23.508 23.508 23.508 23.508 23.508 23.508 23.508 23.508 23.508 23.429 23.429 23.349 -9999 -9999
23.429 23.508 23.508 23.586 23.586 23.586 23.586 23.586 23.586 23.586 23.586 23.586 23.586 23.586 23.586 23.586 23.508 23.508 23.429 -9999 -9999
23.508 23.586 23.586 23.665 23.665 23.665 23.665 23.665 23.665 23.665 23.665 23.665 23.665 23.665 23.665 23.665 23.586 23.586 23.508 23.508 -9999
-9999 24.741 24.741 24.816 24.816 24.816 24.816 24.816 24.816 24.816 24.816 24.238 24.238 24.238 24.238 24.238 24.163 24.163 24.085 24.085 24.006
27.47 27.545 27.545 27.929 27.929 27.929 27.929 27.929 27.929 27.929 27.929 27.929 25.2 24.622 24.622 24.622 24.238 24.238 24.163 24.163 24.085
27.545 27.929 27.929 28.308 28.308 28.308 28.308 28.308 28.308 28.308 28.308 28.308 28.308 28.308 25.579 25.001 24.622 24.622 24.238 -9999 -9999
27.929 28.308 28.308 28.685 28.685 28.685 28.685 28.685 28.685 28.685 28.685 28.685 28.685 28.685 28.685 28.685 25.579 25.001 24.622 -9999 -9999
28.308 28.685 28.685 29.059 29.059 29.059 29.059 29.059 29.059 29.059 29.059 29.059 29.059 29.059 29.059 29.059 28.685 28.685 25.579 -9999 -9999
-9999 29.059 29.059 29.433 29.433 29.433 29.433 29.433 29.433 29.433 29.433 29.433 29.433 29.433 29.433 29.433 29.059 29.059 -9999 -9999 -9999
-9999 -9999 29.433 29.804 29.804 29.804 29.804 29.804 29.804 29.804 29.804 29.804 29.804 29.804 29.804 29.804 29.433 29.433 -9999 -9999 -9999
-9999 29.804 29.804 30.173 30.173 30.173 30.173 30.173 30.173 30.173 30.173 30.173 30.173 30.173 30.173 30.173 29.804 29.804 29.433 -9999 -9999
-9999 -9999 30.173 30.542 30.542 30.542 30.542 30.542 30.542 30.542 30.542 30.542 30.542 30.542 30.542 30.542 30.173 30.173 29.804 29.804 -9999
-9999 30.542 30.542 30.912 30.912 30.912 30.912 30.912 30.912 30.912 30.912 30.912 30.912 30.912 30.912 30.912 30.912 30.542 30.173 30.173 -9999
-9999 -9999 30.912 30.912 30.912 30.912 30.912 30.912 30.912 30.912 30.912 30.912 30.912 30.912 30.912 30.912 30.912 30.912 30.912 30.542 -9999
-9999 -9999 30.912 30.912 30.912 30.912 30.912 30.912 30.912 30.912 30.912 30.912 30.912 30.912 30.912 30.912 30.912 30.912 30.912 30.912 -9999
-9999 -9999 30.912 30.912 30.912 30.912 30.912 30.912 30.912 30.912 30.912 30.912 30.912 30.912 30.912 30.912 30.912 30.912 30.912 -9999 -9999
-9999 30.912 30.912 30.912 30.912 30.912 30.912 30.912 30.912 30.912 30.912 30.912 30.912 30.912 30.912 30.912 30.912 30.912 30.912 30.912 -9999
-9999 30.912 30.912 30.912 30.912 30.912 30.912 30.912 30.912 30.912 30.912 30.912 30.912 30.912 30.912 30.912 30.912 30.912 30.912 30.912 -9999
-9999 -9999 30.912 30.912 30.912 30.912 30.912 30.912 30.912 30.912 30.912 30.912 30.912 30.912 30.912 30.912 30.912 30.912 30.912 30.912 -9999
-9999 -9999 30.912 30.912 30.912 30.912 30.912 30.912 30.912 30.912 30.912 30.912 30.912 30.912 30.912 30.912 30.912 30.912 30.912 -9999 -9999
-9999 -9999 -9999 30.912 30.912 30.912 30.912 30.912 30.912 30.912 30.912 30.912 30.912 30.912 30.912 30.912 30.912 30.912 30.912 -9999 -9999
-9999 -9999 30.912 30.912 30.912 30.912 30.912 30.912 30.912 30.912 30.912 30.912 30.912 30.912 30.912 30.912 30.912 30.912 30.912 30.912 -9999
-9999 -9999 30.912 30.912 30.912 30.912 30.912 30.912 30.912 30.912 30.912 30.912 30.912 30.912 30.912 30.912 30.912 30.912 -9999 -9999 -9999
-9999 -9999 30.912 30.912 30.912 30.912 30.912 30.912 30.912 30.912 30.912 30.912 30.912 30.912 30.912 30.912 30.912 -9999 -9999 -9999 -9999
-9999 -9999 -9999 30.912 30.912 30.912 30.912 30.912 30.912 30.912 30.912 30.912 30.912 30.912 30.912 30.912 -9999 -9999 -9999 -9999 -9999
-9999 -9999 30.912 30.912 30.912 30.912 30.912 30.912 30.912 30.912 30.912 30.912 30.912 30.912 30.912 30.912 30.912 -9999 -9999 -9999 -9999
-9999 -9999 30.912 30.912 30.912 30.912 30.912 30.912 30.912 30.912 30.912 30.912 30.912 30.912 30.912 30.912 30.912 -9999 -9999 -9999 -9999
-9999 -9999 30.912 30.912 30.912 30.912 30.912 30.912 30.912 30.912 30.912 30.912 30.912 30.912 30.912 30.912 30.912 -9999 -9999 -9999 -9999
-9999 -9999 -9999 -9999 -9999 30.912 30.912 30.912 30.912 30.912 30.912 30.912 30.912 -9999 -9999 -9999 -9999 -9999 -9999 -9999 -9999
-9999 -9999 -9999 -9999 -9999 -9999 30.912 30.912 30.912 30.912 30.912 30.912 30.912 -9999 -9999 -9999 -9999 -9999 -9999 -9999 -9999
-9999 -9999 -9999 -9999 -9999 -9999 30.912 30.912 30.912 30.912 30.912 30.912 -9999 -9999 -9999 -9999 -9999 -9999 -9999 -9999 -9999
-9999 -9999 -9999 -9999 -9999 -9999 -9999 30.912 30.912 30.912 30.912 30.912 -9999 -9999 -9999 -9999 -9999 -9999 -9999 -9999 -9999
-9999 -9999 -9999 -9999 -9999 -9999 -9999 30.912 30.912 30.912 30.912 30.912 -9999 -9999 -9999 -9999 -9999 -9999 -9999 -9999 -9999
-9999 -9999 -9999 -9999 -9999 -9999 -9999 30.912 30.912 30.912 30.912 30.912 -9999 -9999 -9999 -9999 -9999 -9999 -9999 -9999 -9999
-9999 -9999 -9999 -9999 -9999 -9999 -9999 -9999 30.912 30.912 30.912 -9999 -9999 -9999 -9999 -9999 -9999 -9999 -9999 -9999 -9999
-9999 -9999 -9999 -9999 -9999 -9999 -9999 -9999 -9999 30.912 30.912 -9999 -9999 -9999 -9999 -9999 -9999 -9999 -9999 -9999 -9999
-9999 -9999 -9999 -9999 -9999 -9999 -9999 -9999 -9999 30.912 30.912 -9999 -9999 -9999 -9999 -9999 -9999 -9999 -9999 -9999 -9999
