outputs_txt/Phd_CSDMS_100k_ky_05_03_2024/Basin_14_RLF_1000.txt
ncols         21
nrows         48
xllcorner     13600.000000
yllcorner     0.000000
cellsize      200
NODATA_value  -9999
17.439 17.939 18.388 18.805 19.197 12.703 12.703 9.8377 7.3959 13.267 13.267 13.267 13.267 13.871 16.952 16.071 15.642 15.642 15.642 -9999 -9999
17.439 17.939 18.388 18.805 19.197 12.914 12.914 10.049 7.6076 13.479 13.479 13.479 13.479 14.083 16.952 16.071 16.035 16.035 16.035 -9999 -9999
17.439 17.939 18.388 18.805 19.197 14.546 13.124 10.259 8.6862 13.688 13.688 13.688 13.688 14.292 17.64 16.788 16.385 16.385 16.385 -9999 -9999
17.439 17.939 18.388 18.805 19.197 14.744 13.322 10.457 8.8848 13.887 13.887 13.887 13.887 14.49 17.64 16.788 16.704 16.704 -9999 -9999 -9999
17.933 18.423 18.869 18.869 19.197 14.937 13.515 10.65 9.078 14.08 14.08 14.08 14.08 14.684 17.64 16.998 16.998 16.998 16.998 -9999 -9999
17.933 18.423 19.276 19.276 19.276 15.129 13.706 10.842 9.2691 12.864 12.864 12.864 12.864 12.864 13.903 15.432 15.432 15.432 15.432 15.432 -9999
-9999 18.211 19.435 19.435 19.435 15.313 13.891 11.026 9.4537 13.048 13.048 13.048 13.048 13.048 13.903 15.692 15.692 15.692 15.692 15.692 -9999
13.617 14.121 15.699 15.699 15.699 15.494 11.526 9.6347 9.6347 11.32 11.32 11.32 11.32 12.431 13.903 15.941 15.941 15.941 15.941 15.941 -9999
15.183 15.627 16.043 16.304 16.559 15.673 11.705 9.8131 9.8131 11.498 11.498 11.498 11.498 11.498 13.903 16.18 16.18 16.18 16.18 16.18 -9999
-9999 15.627 16.043 16.304 16.559 15.817 11.849 9.9575 9.9575 11.618 11.618 11.618 11.618 11.618 10.188 16.412 16.412 16.412 16.412 16.412 -9999
14.049 14.493 14.909 15.17 15.425 15.96 11.992 10.101 10.101 9.167 9.167 9.167 9.167 9.167 9.4894 16.016 16.016 15.815 15.61 -9999 -9999
14.049 14.493 14.909 15.17 15.425 13.507 10.034 9.204 8.4063 9.3085 9.3085 9.3085 9.3085 9.3085 9.6855 15.122 15.122 14.725 14.52 -9999 -9999
11.739 12.183 12.599 12.86 13.115 13.647 10.174 9.3439 8.5461 8.8358 8.8358 8.8358 8.8358 8.8358 9.8794 14.359 14.359 13.768 13.563 -9999 -9999
12.212 12.629 13.014 13.381 13.731 13.786 10.313 9.483 7.4689 8.7008 8.7008 8.7008 8.7008 8.7008 10.069 13.704 13.704 12.924 12.719 12.511 -9999
-9999 12.629 13.014 13.381 13.731 10.485 9.6113 9.6113 7.5972 8.0734 8.0734 8.0734 8.0734 8.4415 10.599 10.429 11.397 10.951 10.471 10.015 9.4898
9.7958 10.213 10.598 10.965 11.315 10.577 9.6266 8.4576 7.6992 8.0498 8.0498 8.0498 8.0498 8.5435 10.027 9.857 11.397 10.951 10.471 10.015 9.4898
9.7958 10.213 10.598 10.965 11.315 11.824 11.824 8.8117 7.6478 7.3199 6.5942 7.135 8.0139 9.739 9.8401 9.6698 11.397 10.951 10.471 -9999 -9999
10.334 10.751 11.136 11.503 11.853 12.631 11.924 8.9123 7.7485 7.916 7.916 7.916 8.1145 9.8396 12.255 12.085 11.913 11.468 10.987 -9999 -9999
10.334 10.751 11.136 11.634 11.853 12.731 12.025 9.0128 7.849 8.0165 8.0165 8.0165 8.215 9.9401 12.255 12.094 11.922 11.477 10.996 -9999 -9999
-9999 10.751 11.283 12.115 12.475 12.831 12.124 9.1122 7.6204 8.1158 8.1158 8.1158 8.3144 10.039 12.255 12.641 12.469 12.024 -9999 -9999 -9999
-9999 -9999 11.283 12.115 12.475 12.926 12.219 9.2072 7.7154 8.2108 8.2108 8.2108 8.4094 10.134 12.255 12.641 12.469 12.024 -9999 -9999 -9999
-9999 10.751 11.283 12.115 12.475 13.02 12.314 9.3019 7.81 8.3055 8.3055 8.3055 8.5041 10.229 12.255 12.641 12.469 12.024 11.89 -9999 -9999
-9999 -9999 11.283 12.115 12.475 13.114 12.408 9.3959 7.9041 8.3996 8.3996 8.3996 8.5981 10.323 12.255 12.641 12.469 12.25 12.25 11.228 -9999
-9999 11.616 12.048 12.453 12.835 13.208 12.502 9.49 7.9982 8.4937 8.4937 8.4937 8.6922 10.417 13.06 13.369 13.116 12.855 12.585 11.673 -9999
-9999 -9999 12.048 12.453 12.835 13.293 12.587 9.5749 7.6258 8.5786 8.5786 8.5786 8.7771 10.502 13.06 13.369 13.116 12.855 12.585 11.673 -9999
-9999 -9999 12.048 12.453 12.835 13.379 12.443 7.5299 6.6784 8.6638 8.6638 8.6638 8.6638 10.382 13.06 13.369 13.116 12.855 12.585 11.673 -9999
-9999 -9999 12.107 12.512 12.893 13.522 13.522 10.351 8.1553 6.7628 6.7237 6.7237 8.2253 10.916 10.704 13.369 13.116 12.855 12.585 -9999 -9999
-9999 11.675 12.107 12.512 12.893 13.606 13.606 11.392 8.2394 6.847 6.0946 6.0946 8.3095 11 10.909 13.429 13.116 12.855 12.585 11.673 -9999
-9999 11.675 12.107 12.512 12.893 13.687 13.687 11.473 8.3207 6.9282 6.0565 6.0565 8.3907 11.081 10.909 13.19 12.876 12.615 12.346 11.434 -9999
-9999 -9999 12.248 12.801 13.296 13.768 13.768 11.555 8.4022 7.0097 7.1022 7.1022 10.117 11.964 11.422 12.327 12.013 11.752 11.482 10.571 -9999
-9999 -9999 12.248 12.801 13.296 13.848 13.848 11.634 8.4817 7.0893 8.4564 10.866 12.661 12.661 12.04 12.327 12.013 11.752 11.482 -9999 -9999
-9999 -9999 -9999 12.801 13.296 13.927 13.927 11.714 8.5611 7.1687 8.5358 12.028 12.741 12.741 12.04 12.327 12.013 11.752 11.482 -9999 -9999
-9999 -9999 12.248 12.801 13.296 14.006 14.006 11.792 8.6395 7.2471 8.6142 12.585 12.819 12.819 12.04 12.327 11.904 11.433 10.938 10.351 -9999
-9999 -9999 12.463 13.071 13.593 14.084 14.084 11.871 8.7179 7.3254 8.6925 12.663 12.898 12.898 12.362 12.44 11.904 11.433 -9999 -9999 -9999
-9999 -9999 23.12 23.728 24.25 24.816 24.816 24.816 24.816 21.608 21.099 24.238 24.238 24.238 23.627 23.025 22.49 -9999 -9999 -9999 -9999
-9999 -9999 -9999 26.457 26.979 27.929 27.929 27.929 27.929 27.929 22.87 24.622 24.622 24.622 23.627 23.025 -9999 -9999 -9999 -9999 -9999
-9999 -9999 25.849 26.457 26.979 28.308 28.308 28.308 28.308 28.308 23.25 25.001 25.001 25.001 23.627 23.025 22.319 -9999 -9999 -9999 -9999
-9999 -9999 25.849 26.457 26.979 28.685 28.685 28.685 28.685 28.685 23.626 25.377 25.377 25.377 23.627 23.025 22.319 -9999 -9999 -9999 -9999
-9999 -9999 25.849 26.457 26.979 29.059 29.059 29.059 29.059 29.059 24.001 25.752 25.752 25.752 23.627 23.025 22.319 -9999 -9999 -9999 -9999
-9999 -9999 -9999 -9999 -9999 29.433 29.433 29.433 29.433 29.433 24.374 26.125 26.125 -9999 -9999 -9999 -9999 -9999 -9999 -9999 -9999
-9999 -9999 -9999 -9999 -9999 -9999 29.804 29.804 29.804 29.804 24.746 26.497 26.497 -9999 -9999 -9999 -9999 -9999 -9999 -9999 -9999
-9999 -9999 -9999 -9999 -9999 -9999 30.173 30.173 30.173 30.173 25.115 26.866 -9999 -9999 -9999 -9999 -9999 -9999 -9999 -9999 -9999
-9999 -9999 -9999 -9999 -9999 -9999 -9999 30.542 30.542 30.542 25.484 27.235 -9999 -9999 -9999 -9999 -9999 -9999 -9999 -9999 -9999
-9999 -9999 -9999 -9999 -9999 -9999 -9999 30.912 30.912 30.912 25.853 25.853 -9999 -9999 -9999 -9999 -9999 -9999 -9999 -9999 -9999
-9999 -9999 -9999 -9999 -9999 -9999 -9999 25.481 25.5 25.5 25.5 25.5 -9999 -9999 -9999 -9999 -9999 -9999 -9999 -9999 -9999
-9999 -9999 -9999 -9999 -9999 -9999 -9999 -9999 25.111 25.111 25.111 -9999 -9999 -9999 -9999 -9999 -9999 -9999 -9999 -9999 -9999
-9999 -9999 -9999 -9999 -9999 -9999 -9999 -9999 -9999 18.965 18.965 -9999 -9999 -9999 -9999 -9999 -9999 -9999 -9999 -9999 -9999
-9999 -9999 -9999 -9999 -9999 -9999 -9999 -9999 -9999 18.574 18.574 -9999 -9999 -9999 -9999 -9999 -9999 -9999 -9999 -9999 -9999
