outputs_txt/Phd_CSDMS_100k_ky_05_03_2024/Basin_1_DEM.txt
ncols         11
nrows         48
xllcorner     0.000000
yllcorner     0.000000
cellsize      200
NODATA_value  -9999
-32768 -32768 17.956 23.103 24.485 17.065 19.612 27.852 -32768 -32768 -32768
-32768 -32768 15.713 22.5 20.765 14.55 16.489 23.722 -32768 -32768 -32768
-32768 -32768 14.282 20.229 18.962 13.522 16.057 20.54 -32768 -32768 -32768
-32768 -32768 13.294 18.503 17.637 12.819 14.989 19 26.772 -32768 -32768
-32768 -32768 12.561 17.151 16.605 12.286 14.186 17.788 25.099 -32768 -32768
-32768 -32768 11.979 16.064 15.769 11.847 13.551 16.806 23.69 -32768 -32768
-32768 -32768 11.485 15.167 15.073 11.466 13.344 17.09 -32768 -32768 -32768
-32768 -32768 11.047 14.412 14.473 11.117 13.079 17.872 21.787 -32768 -32768
-32768 -32768 10.644 13.761 13.944 10.791 13.941 16.061 15.441 21.787 -32768
-32768 -32768 10.266 13.189 13.463 10.477 11.176 11.986 13.125 18.131 -32768
-32768 -32768 9.907 12.677 13.057 10.198 11.902 15.861 18.11 23.798 -32768
-32768 -32768 9.563 12.212 12.68 9.929 11.588 15.348 15.337 21.43 -32768
-32768 -32768 9.2317 11.427 11.706 9.6679 12.328 13.642 12.578 17.109 -32768
-32768 -32768 8.9072 8.9494 9.1788 9.4099 9.9608 10.559 11.278 14.853 -32768
-32768 -32768 8.5896 8.7223 11.152 11.996 12.748 13.647 12.858 17.552 -32768
-32768 -32768 8.2777 8.4971 9.5426 10.837 12.879 17.453 17.558 -32768 -32768
-32768 -32768 8.0988 9.0311 10.096 11.487 13.789 18.859 -32768 -32768 -32768
-32768 -32768 7.9239 8.97 10.228 12.107 16.235 17.769 -32768 -32768 -32768
-32768 -32768 7.7522 8.7996 10.052 11.896 15.902 12.952 17.762 -32768 -32768
-32768 -32768 7.5836 8.799 10.407 13.628 14.968 11.294 13.493 18.572 -32768
-32768 -32768 7.4175 8.6344 10.233 13.378 13.525 10.45 11.86 14.329 19.827
-32768 -32768 7.254 9.5184 11.815 10.828 11.116 9.8438 11.151 13.302 18.187
-32768 -32768 7.0918 9.3378 9.1346 8.4161 8.8609 9.3252 10.584 12.537 16.947
-32768 -32768 6.931 7.2739 7.6211 7.9878 8.7786 9.7204 11.056 14.598 -32768
-32768 -32768 6.7866 9.0118 9.9148 10.327 11.274 12.543 14.598 -32768 -32768
-32768 -32768 6.6429 7.5025 8.4426 9.5109 10.864 12.994 17.616 -32768 -32768
-32768 -32768 6.5022 7.3609 8.3005 9.3661 10.705 12.793 17.303 -32768 -32768
-32768 -32768 6.3641 7.3042 8.3569 9.6126 11.412 15.189 -32768 -32768 -32768
-32768 -32768 6.2282 6.9724 7.7727 8.6547 9.8302 13.492 -32768 -32768 -32768
-32768 -32768 6.0953 7.5555 9.5358 11.389 12.024 16.906 -32768 -32768 -32768
-32768 -32768 5.9635 6.8225 7.7823 8.969 10.723 13.653 -32768 -32768 -32768
-32768 -32768 5.8341 6.6928 7.6576 8.8706 10.655 13.428 -32768 -32768 -32768
-32768 -32768 5.7067 6.6531 7.7849 9.474 12.133 15.757 -32768 -32768 -32768
-32768 -32768 5.5812 6.5211 7.632 9.2455 11.709 14.927 -32768 -32768 -32768
-32768 -32768 5.4573 6.3204 7.336 8.763 10.867 13.533 -32768 -32768 -32768
-32768 -32768 5.3353 6.1845 7.1593 8.4885 10.413 12.853 15.549 -32768 -32768
-32768 -32768 5.2152 7.0319 8.2399 9.87 10.885 12.333 14.089 16.72 -32768
-32768 -32768 5.0957 5.574 6.0706 6.6426 7.3827 8.4759 10.143 12.616 -32768
-32768 -32768 4.9813 13.556 20.001 20.649 14.2 19.423 24.076 30.613 -32768
-32768 -32768 4.4028 11.637 21.615 -32768 -32768 -32768 -32768 -32768 -32768
-32768 -32768 3.8316 11.05 21.023 -32768 -32768 -32768 -32768 -32768 -32768
-32768 -32768 3.2678 10.469 20.433 -32768 -32768 -32768 -32768 -32768 -32768
-32768 -32768 2.7112 9.893 19.847 -32768 -32768 -32768 -32768 -32768 -32768
-32768 -32768 2.1612 9.3223 19.266 -32768 -32768 -32768 -32768 -32768 -32768
-32768 -32768 1.6169 8.7693 18.695 -32768 -32768 -32768 -32768 -32768 -32768
-32768 -32768 1.0772 11.07 -32768 -32768 -32768 -32768 -32768 -32768 -32768
0.00037054 9.8864 0.53882 9.8694 -32768 -32768 -32768 -32768 -32768 -32768 -32768
0.00045805 0.00030835 0.00023149 0.00027742 -32768 -32768 -32768 -32768 -32768 -32768 -32768
