outputs_txt/Phd_CSDMS_100k_ky_05_03_2024/Basin_12_RLF_2500.txt
ncols         12
nrows         48
xllcorner     11800.000000
yllcorner     0.000000
cellsize      200
NODATA_value  -9999
-9999 -9999 16.177 16.177 16.177 16.177 16.177 16.177 16.177 -9999 -9999 -9999
-9999 -9999 16.369 16.369 16.369 16.369 16.369 16.369 16.369 -9999 -9999 -9999
-9999 -9999 16.555 16.555 16.555 16.555 16.555 16.555 16.555 -9999 -9999 -9999
-9999 16.735 16.735 16.735 16.735 16.735 16.735 16.735 16.735 -9999 -9999 -9999
-9999 -9999 16.908 16.908 16.908 16.908 16.908 16.908 16.908 -9999 -9999 -9999
-9999 17.077 17.077 17.077 17.077 17.077 17.077 17.077 17.077 -9999 -9999 -9999
-9999 17.242 17.242 17.242 17.242 17.242 17.242 17.242 17.242 17.242 -9999 -9999
-9999 17.405 17.405 17.405 17.405 17.405 17.405 17.405 17.405 -9999 -9999 -9999
-9999 17.723 17.723 17.723 17.723 17.723 17.723 17.723 17.723 -9999 -9999 -9999
-9999 17.873 17.873 17.873 17.873 17.873 17.873 17.873 17.873 17.723 -9999 -9999
18.02 18.02 18.02 18.02 18.02 18.02 18.02 18.02 18.02 -9999 -9999 -9999
-9999 18.164 18.164 18.164 18.164 18.164 18.164 18.164 18.164 -9999 -9999 -9999
-9999 18.305 18.305 18.305 18.305 18.305 18.305 18.305 18.305 -9999 -9999 -9999
-9999 18.444 18.444 18.444 18.444 18.444 18.444 18.439 18.439 -9999 -9999 -9999
-9999 16.658 16.658 16.658 17.116 17.116 17.116 17.116 17.116 17.116 -9999 -9999
-9999 16.787 16.787 16.787 16.787 16.787 16.302 16.302 16.302 -9999 -9999 -9999
-9999 16.431 16.431 16.431 16.431 16.431 16.431 16.431 16.431 -9999 -9999 -9999
-9999 16.543 16.543 16.557 16.557 16.557 16.557 16.557 16.557 -9999 -9999 -9999
16.543 16.667 16.667 16.667 16.667 16.681 16.681 16.681 16.681 -9999 -9999 -9999
16.357 16.479 16.479 16.479 16.479 16.479 16.479 16.479 14.517 14.517 -9999 -9999
16.479 16.598 16.598 16.598 16.598 16.598 14.636 14.636 14.636 14.636 14.517 -9999
13.346 13.464 13.464 13.464 13.464 14.754 14.754 14.754 14.754 14.754 -9999 -9999
13.464 13.579 13.579 13.579 13.579 13.432 13.432 13.432 13.206 13.206 13.09 -9999
13.432 13.546 13.546 13.546 13.546 13.546 13.32 13.32 13.32 13.32 -9999 -9999
13.32 13.432 13.432 13.432 13.432 13.432 13.432 13.432 13.432 13.432 13.32 -9999
13.432 13.543 13.543 13.543 13.543 13.543 13.543 13.543 13.543 13.543 13.432 -9999
19.424 19.53 19.53 19.53 19.571 19.571 19.571 19.571 19.571 19.571 19.465 -9999
-9999 20.069 20.11 20.11 20.11 20.11 20.11 20.11 20.11 20.11 -9999 -9999
-9999 20.644 20.644 20.644 20.644 20.644 20.644 20.644 20.644 20.644 -9999 -9999
-9999 21.173 21.173 21.173 21.173 21.173 21.173 21.173 21.173 21.173 20.644 -9999
-9999 21.697 21.697 21.697 21.697 21.697 21.697 21.697 21.697 21.697 21.173 -9999
-9999 22.216 22.216 22.216 22.216 22.216 22.216 22.216 22.216 22.216 21.697 21.697
-9999 22.729 22.729 22.729 22.729 22.729 22.729 22.729 22.729 22.729 22.216 -9999
-9999 23.237 23.237 23.237 23.237 23.237 23.237 23.237 23.237 23.237 22.729 -9999
-9999 23.744 23.744 23.744 23.744 23.744 23.744 23.744 23.744 23.744 23.237 -9999
-9999 24.25 24.25 24.25 24.25 24.25 24.25 24.25 24.25 24.25 23.744 23.744
-9999 24.25 24.25 24.25 24.25 24.25 24.25 24.25 24.25 24.25 24.25 -9999
-9999 24.25 24.25 24.25 24.25 24.25 24.25 24.25 24.25 24.25 24.25 -9999
-9999 24.25 24.25 24.25 24.25 24.25 24.25 24.25 24.25 24.25 24.25 -9999
-9999 -9999 -9999 24.25 24.25 24.25 24.25 24.25 -9999 -9999 -9999 -9999
-9999 -9999 -9999 24.25 24.25 24.25 24.25 24.25 -9999 -9999 -9999 -9999
-9999 -9999 -9999 24.25 24.25 24.25 24.25 24.25 -9999 -9999 -9999 -9999
-9999 -9999 -9999 24.25 24.25 24.25 24.25 24.25 -9999 -9999 -9999 -9999
-9999 -9999 -9999 24.25 24.25 24.25 24.25 24.25 -9999 -9999 -9999 -9999
-9999 -9999 -9999 24.25 24.25 24.25 24.25 24.25 -9999 -9999 -9999 -9999
-9999 -9999 -9999 -9999 24.25 24.25 24.25 -9999 -9999 -9999 -9999 -9999
-9999 -9999 -9999 -9999 24.25 24.25 -9999 -9999 -9999 -9999 -9999 -9999
-9999 -9999 -9999 -9999 24.25 24.25 -9999 -9999 -9999 -9999 -9999 -9999
