outputs_txt/Phd_CSDMS_100k_ky_05_03_2024/Basin_5_RLF_2500.txt
ncols         16
nrows         48
xllcorner     3800.000000
yllcorner     0.000000
cellsize      200
NODATA_value  -9999
-9999 17.665 17.858 17.858 19.484 19.484 19.484 19.484 19.484 19.484 19.29 19.29 19.087 19.087 -9999 -9999
-9999 17.855 18.049 18.069 19.675 19.675 19.675 19.675 19.675 19.675 19.484 19.484 19.29 19.29 -9999 -9999
-9999 18.036 18.23 19.856 19.856 19.856 19.856 19.856 19.856 19.856 19.675 19.675 19.484 -9999 -9999 -9999
-9999 18.212 18.406 20.032 20.032 20.032 20.032 20.032 20.032 20.032 19.856 19.856 19.675 19.675 -9999 -9999
16.68 18.384 18.577 20.203 20.203 20.203 20.203 20.203 20.203 20.203 20.032 20.032 19.856 19.856 19.675 -9999
16.852 17.152 18.745 20.371 20.371 20.371 20.371 20.371 20.371 20.371 20.203 20.203 20.032 20.032 19.856 19.675
17.019 17.316 18.908 20.534 20.534 20.534 20.534 20.534 20.534 20.534 20.371 20.371 20.203 20.203 20.032 19.856
-9999 17.475 19.068 20.694 20.694 20.694 20.694 20.694 20.694 20.694 20.534 20.534 20.371 20.371 20.203 20.032
-9999 17.499 19.224 20.85 20.85 20.85 20.85 20.85 20.85 20.85 20.694 20.694 20.638 20.534 20.371 -9999
-9999 17.653 17.787 21.005 21.005 21.005 21.005 21.005 21.005 21.005 20.85 20.85 20.806 20.694 20.638 -9999
-9999 17.806 17.806 21.157 21.157 21.157 21.157 21.157 21.157 21.157 21.138 21.138 20.974 20.85 -9999 -9999
-9999 17.956 18.106 20.269 21.457 21.457 21.457 21.457 21.457 21.457 21.457 21.301 21.138 21.138 20.974 -9999
-9999 18.106 18.213 18.226 21.565 21.565 21.565 21.565 21.565 21.565 21.565 21.457 21.457 21.301 21.138 21.138
-9999 16.797 16.904 18.333 20.484 21.672 21.672 21.672 21.672 21.672 21.672 21.565 21.565 21.457 21.457 21.301
-9999 14.689 14.795 18.44 18.44 21.779 21.779 21.779 21.779 21.779 21.779 21.672 21.672 21.565 21.565 21.457
-9999 14.641 14.898 18.542 18.542 20.693 21.881 21.881 21.881 21.881 21.881 21.779 21.779 21.672 21.672 -9999
-9999 14.744 14.846 18.644 18.644 18.644 20.795 21.983 21.983 21.983 21.983 21.881 21.881 21.779 21.779 -9999
-9999 13.591 13.692 18.745 18.745 18.745 18.745 20.896 20.896 22.084 22.084 21.983 21.983 21.881 21.881 -9999
-9999 13.692 13.792 18.845 18.845 18.845 18.845 18.845 18.845 20.996 20.996 22.084 22.084 21.983 21.983 -9999
-9999 13.792 13.89 13.89 18.944 18.944 18.944 18.944 18.944 18.944 18.944 20.996 20.996 20.896 20.896 -9999
-9999 -9999 13.988 13.988 19.041 19.041 19.041 19.041 19.041 19.041 19.041 18.944 18.944 18.845 18.845 -9999
-9999 -9999 13.993 13.993 13.993 19.137 19.137 19.137 19.137 19.137 19.137 19.041 19.041 18.944 18.944 -9999
-9999 -9999 13.837 13.837 13.837 19.232 19.232 19.232 19.232 19.232 19.232 19.137 19.137 19.041 -9999 -9999
-9999 -9999 -9999 13.932 13.932 13.932 19.326 19.326 19.326 19.326 19.326 19.232 19.232 19.137 -9999 -9999
-9999 -9999 -9999 14.025 14.025 14.025 14.025 19.419 19.419 19.419 19.419 19.326 19.326 19.232 -9999 -9999
-9999 -9999 -9999 14.117 14.117 14.117 14.117 14.117 14.117 19.512 19.512 19.419 19.419 19.326 19.326 -9999
-9999 -9999 -9999 19.016 19.016 19.016 21.537 26.093 26.093 26.093 26.093 26.004 26.004 25.911 25.911 -9999
-9999 -9999 -9999 22.881 22.881 26.547 26.547 26.547 26.547 26.547 26.547 26.093 26.093 26.004 -9999 -9999
-9999 -9999 -9999 26.997 26.997 26.997 26.997 26.997 26.997 26.997 26.997 26.547 26.547 26.093 -9999 -9999
-9999 -9999 -9999 27.443 27.443 27.443 27.443 27.443 27.443 27.443 27.443 26.997 26.997 -9999 -9999 -9999
-9999 -9999 -9999 27.887 27.887 27.887 27.887 27.887 27.887 27.887 27.887 27.443 27.443 -9999 -9999 -9999
-9999 -9999 -9999 28.329 28.329 28.329 28.329 28.329 28.329 28.329 28.329 27.887 27.887 -9999 -9999 -9999
-9999 -9999 -9999 28.769 28.769 28.769 28.769 28.769 28.769 28.769 28.769 28.329 28.329 -9999 -9999 -9999
-9999 -9999 -9999 29.206 29.206 29.206 29.206 29.206 29.206 29.206 29.206 28.769 28.769 -9999 -9999 -9999
-9999 -9999 -9999 29.643 29.643 29.643 29.643 29.643 29.643 29.643 29.643 29.206 29.206 -9999 -9999 -9999
-9999 -9999 -9999 30.08 30.08 30.08 30.08 30.08 30.08 30.08 30.08 30.08 29.643 -9999 -9999 -9999
-9999 -9999 -9999 30.08 30.08 30.08 30.08 30.08 30.08 30.08 30.08 30.08 30.08 30.08 -9999 -9999
-9999 -9999 -9999 30.08 30.08 30.08 30.08 30.08 30.08 30.08 30.08 30.08 30.08 30.08 -9999 -9999
-9999 -9999 -9999 30.08 30.08 30.08 30.08 30.08 30.08 30.08 30.08 30.08 30.08 30.08 -9999 -9999
-9999 -9999 -9999 30.08 30.08 30.08 30.08 30.08 30.08 30.08 -9999 -9999 -9999 -9999 -9999 -9999
-9999 -9999 -9999 30.08 30.08 30.08 30.08 30.08 30.08 30.08 -9999 -9999 -9999 -9999 -9999 -9999
-9999 -9999 -9999 -9999 30.08 30.08 30.08 30.08 30.08 -9999 -9999 -9999 -9999 -9999 -9999 -9999
-9999 -9999 -9999 -9999 30.08 30.08 30.08 30.08 30.08 -9999 -9999 -9999 -9999 -9999 -9999 -9999
-9999 -9999 -9999 -9999 30.08 30.08 30.08 30.08 30.08 -9999 -9999 -9999 -9999 -9999 -9999 -9999
-9999 -9999 -9999 -9999 30.08 30.08 30.08 30.08 30.08 -9999 -9999 -9999 -9999 -9999 -9999 -9999
-9999 -9999 -9999 -9999 -9999 30.08 30.08 30.08 -9999 -9999 -9999 -9999 -9999 -9999 -9999 -9999
-9999 -9999 -9999 -9999 -9999 30.08 30.08 30.08 -9999 -9999 -9999 -9999 -9999 -9999 -9999 -9999
-9999 -9999 -9999 -9999 -9999 30.08 30.08 30.08 -9999 -9999 -9999 -9999 -9999 -9999 -9999 -9999
