outputs_txt/Phd_CSDMS_100k_ky_05_03_2024/Basin_8_DEM.txt
ncols         17
nrows         48
xllcorner     6400.000000
yllcorner     0.000000
cellsize      200
NODATA_value  -9999
-32768 25.814 17.884 15.005 17.171 16.168 15.349 14.656 14.06 13.536 11.824 12.459 11.732 12.679 14.064 18.014 25.732
-32768 24.274 16.872 13.267 13.543 12.896 12.374 11.93 11.542 11.192 10.019 10.488 11.02 12.371 14.631 18.675 26.411
26.349 18.517 14.427 12.215 11.639 11.196 10.819 10.48 10.166 9.8709 9.589 10.529 11.778 13.775 17.375 24.561 -32768
-32768 23.795 16.46 13.585 13.544 13.499 14.436 13.834 13.308 12.105 9.3633 10.292 11.498 13.391 16.817 23.77 -32768
-32768 -32768 23.795 17.351 17.178 19.091 19.998 14.241 11.649 10.193 9.1465 10.191 11.642 14.229 19.996 -32768 -32768
-32768 -32768 -32768 24.916 24.532 20.773 17.632 15.541 14.011 10.523 8.9405 9.9778 11.387 13.86 19.415 -32768 -32768
-32768 -32768 -32768 26.238 18.535 14.498 12.539 11.372 13.662 10.301 8.7417 11.275 11.621 14.21 19.95 -32768 -32768
-32768 -32768 -32768 24.852 17.559 13.863 11.814 10.551 13.333 10.087 8.5462 9.3095 10.165 12.106 16.656 -32768 -32768
-32768 -32768 24.658 19.627 19.446 13.824 11.35 9.9699 12.999 10.536 8.3596 9.556 11.335 15.358 -32768 -32768 -32768
-32768 -32768 18.199 13.865 14.151 13.16 12.333 9.491 11.264 10.579 8.1767 9.3688 11.113 15.008 -32768 -32768 -32768
-32768 18.195 12.908 11.382 10.61 10.026 9.5159 9.0401 8.7184 10.356 7.9975 10.363 12.535 14.753 16.811 -32768 -32768
-32768 -32768 18.19 13.863 12.692 13.165 12.37 10.864 8.4042 8.1107 7.8198 8.6429 9.5683 10.94 14.755 -32768 -32768
-32768 -32768 -32768 19.613 17.692 17.992 12.975 10.755 9.4272 9.9739 7.6717 8.8507 10.5 14.042 -32768 -32768 -32768
-32768 -32768 -32768 -32768 -32768 18.198 13.122 10.836 9.4668 8.4272 7.525 8.7021 10.332 13.792 -32768 -32768 -32768
-32768 -32768 -32768 -32768 -32768 20.787 15.611 11.481 9.6213 8.392 7.3819 8.557 10.168 13.545 -32768 -32768 -32768
-32768 -32768 -32768 -32768 -32768 -32768 15.325 11.299 9.4731 8.2511 7.2415 8.415 10.009 13.309 -32768 -32768 -32768
-32768 -32768 -32768 -32768 -32768 -32768 15.047 11.123 9.3283 8.1129 7.1037 8.2759 9.8549 13.082 -32768 -32768 -32768
-32768 -32768 -32768 -32768 -32768 -32768 14.79 10.955 9.1872 7.9773 6.9683 8.1394 9.7049 12.864 -32768 -32768 -32768
-32768 -32768 -32768 -32768 -32768 -32768 16.572 11.588 9.1946 7.8635 6.8353 8.0055 9.5588 12.655 -32768 -32768 -32768
-32768 -32768 -32768 -32768 -32768 -32768 16.254 11.715 9.1442 7.7543 6.7045 7.8739 9.4162 12.453 -32768 -32768 -32768
-32768 -32768 -32768 -32768 -32768 -32768 15.83 11.741 9.0771 7.6481 6.5758 7.7445 9.2767 12.258 -32768 -32768 -32768
-32768 -32768 -32768 -32768 -32768 -32768 15.398 11.753 9.0131 7.5497 6.4492 7.618 9.142 12.074 -32768 -32768 -32768
-32768 -32768 -32768 -32768 -32768 -32768 14.995 12.82 9.5776 8.4813 6.3246 8.4815 9.6929 12.868 -32768 -32768 -32768
-32768 -32768 -32768 -32768 -32768 -32768 13.497 9.8134 7.9507 7.0263 6.2002 7.1016 8.1185 10.631 -32768 -32768 -32768
-32768 -32768 -32768 -32768 -32768 -32768 14.144 11.533 8.7433 7.2446 6.079 7.2446 8.7434 11.53 -32768 -32768 -32768
-32768 -32768 -32768 -32768 -32768 -32768 -32768 11.37 8.6179 7.1245 5.9592 7.1245 8.6179 11.366 -32768 -32768 -32768
-32768 -32768 -32768 -32768 -32768 -32768 -32768 11.206 8.4932 7.0057 5.8408 7.0057 8.4932 11.203 -32768 -32768 -32768
-32768 -32768 -32768 -32768 -32768 -32768 -32768 11.047 8.3706 6.8884 5.7237 6.8884 8.3706 11.044 -32768 -32768 -32768
-32768 -32768 -32768 -32768 -32768 -32768 -32768 10.892 8.2498 6.7724 5.6081 6.7724 8.2498 10.889 -32768 -32768 -32768
-32768 -32768 -32768 -32768 -32768 -32768 -32768 10.74 8.1307 6.6578 5.4937 6.6578 8.1307 10.738 -32768 -32768 -32768
-32768 -32768 -32768 -32768 -32768 -32768 -32768 10.593 8.0134 6.5444 5.3806 6.5444 8.0134 10.59 -32768 -32768 -32768
-32768 -32768 -32768 -32768 -32768 -32768 -32768 10.448 7.8976 6.4324 5.2687 6.4324 7.8976 10.446 -32768 -32768 -32768
-32768 -32768 -32768 -32768 -32768 -32768 -32768 10.307 7.7834 6.3215 5.1579 6.3215 7.7834 10.305 -32768 -32768 -32768
-32768 -32768 -32768 -32768 -32768 -32768 -32768 10.168 7.6706 6.2118 5.0484 6.2118 7.6706 10.166 -32768 -32768 -32768
-32768 -32768 -32768 -32768 -32768 -32768 -32768 10.033 7.5592 6.1032 4.9399 6.1032 7.5592 10.031 -32768 -32768 -32768
-32768 -32768 -32768 -32768 -32768 -32768 -32768 9.8998 7.4492 5.9957 4.8325 5.9957 7.4492 9.898 -32768 -32768 -32768
-32768 -32768 -32768 -32768 -32768 -32768 10.998 9.7662 7.3394 5.8891 4.7262 5.8891 7.3395 9.7647 -32768 -32768 -32768
-32768 -32768 -32768 -32768 -32768 -32768 9.5412 7.6227 6.3126 5.4078 4.6209 5.526 6.5441 8.1102 -32768 -32768 -32768
-32768 -32768 -32768 -32768 -32768 -32768 22.516 23.439 17.076 12.475 4.5183 12.475 17.096 23.473 -32768 -32768 -32768
-32768 -32768 -32768 -32768 -32768 -32768 -32768 26.783 16.874 9.7917 3.9985 9.7917 16.874 26.776 -32768 -32768 -32768
-32768 -32768 -32768 -32768 -32768 -32768 -32768 26.273 16.36 9.274 3.485 9.274 16.36 26.267 -32768 -32768 -32768
-32768 -32768 -32768 -32768 -32768 -32768 -32768 25.762 15.85 8.7647 2.9762 8.7647 15.85 25.757 -32768 -32768 -32768
-32768 -32768 -32768 -32768 -32768 -32768 -32768 25.283 15.368 8.2647 2.4722 8.2599 15.345 25.252 -32768 -32768 -32768
-32768 -32768 -32768 -32768 -32768 -32768 -32768 -32768 19.014 9.0598 1.9731 7.7747 14.87 24.787 -32768 -32768 -32768
-32768 -32768 -32768 -32768 -32768 -32768 -32768 -32768 18.505 8.581 1.4778 11.428 -32768 -32768 -32768 -32768 -32768
-32768 -32768 -32768 -32768 -32768 -32768 -32768 -32768 -32768 10.952 0.98421 10.914 -32768 -32768 -32768 -32768 -32768
-32768 -32768 -32768 -32768 -32768 -32768 -32768 -32768 -32768 9.8858 0.49199 -32768 -32768 -32768 -32768 -32768 -32768
-32768 -32768 -32768 -32768 -32768 -32768 -32768 -32768 -32768 0.00030045 0.00024536 -32768 -32768 -32768 -32768 -32768 -32768
