outputs_txt/Phd_CSDMS_100k_ky_05_03_2024/Basin_10_RLF_1000.txt
ncols         10
nrows         48
xllcorner     10200.000000
yllcorner     0.000000
cellsize      200
NODATA_value  -9999
-9999 15.177 15.177 15.177 15.177 16.189 16.189 16.189 16.189 15.809
-9999 15.455 15.455 15.455 15.455 16.468 16.468 16.468 16.468 15.809
-9999 15.714 15.714 15.714 15.714 16.726 16.726 16.726 16.726 15.809
-9999 15.956 15.956 15.956 15.956 16.969 16.969 16.969 16.969 -9999
-9999 16.186 16.186 16.186 16.186 17.199 17.199 17.199 17.199 16.148
-9999 16.404 16.404 16.404 16.404 17.417 17.417 17.417 17.417 -9999
-9999 15.206 15.206 15.206 15.206 15.978 15.978 15.978 15.978 -9999
-9999 11.355 11.355 11.355 13.859 16.179 16.179 16.179 16.179 -9999
-9999 11.549 11.549 11.549 14.036 16.373 16.373 16.373 16.373 -9999
-9999 10.941 10.941 10.941 14.222 14.222 14.222 14.222 14.222 -9999
-9999 10.42 10.42 10.42 13.577 13.577 13.577 13.577 -9999 -9999
-9999 9.9654 9.9654 9.9654 12.989 12.989 12.989 12.989 12.989 -9999
-9999 9.5577 9.5577 9.5577 12.47 12.47 12.47 12.47 12.47 -9999
-9999 9.218 9.218 9.218 12.002 12.002 12.002 12.002 12.002 -9999
-9999 8.9072 8.9072 8.9072 11.049 11.049 11.049 11.049 11.049 -9999
-9999 8.6181 8.6181 8.6181 11.207 11.207 11.207 11.207 11.207 -9999
-9999 8.374 8.374 8.374 10.857 10.857 10.857 10.857 10.857 -9999
-9999 8.1514 8.1514 8.1514 10.545 10.545 10.545 10.545 10.545 -9999
-9999 7.9402 7.9402 7.9402 10.261 10.261 10.261 10.261 -9999 -9999
-9999 7.7626 7.7626 7.7626 10.002 10.002 10.002 10.002 -9999 -9999
-9999 7.5961 7.5961 7.5961 9.7649 9.7649 9.7649 9.7649 -9999 -9999
-9999 7.4467 7.4467 7.4467 9.549 9.549 9.549 9.549 -9999 -9999
-9999 7.301 7.301 7.301 7.301 7.301 7.3002 7.3002 -9999 -9999
-9999 7.1788 7.1788 7.1788 7.1788 7.1788 7.1748 7.1748 -9999 -9999
-9999 7.0612 7.0612 7.0612 7.1932 7.1932 7.1932 7.1932 -9999 -9999
-9999 6.9521 6.9521 6.9521 7.3244 7.3244 7.3244 7.3244 -9999 -9999
-9999 6.8509 6.8509 6.8518 7.4533 7.4533 7.4533 7.4533 -9999 -9999
-9999 6.7594 6.7594 6.7594 7.5809 7.5809 7.5809 7.5809 7.5809 -9999
-9999 6.7936 6.7936 6.797 7.8321 7.8321 7.8321 7.8321 7.7072 -9999
-9999 6.7141 6.7141 6.7151 8.0506 8.0506 8.0506 8.0506 7.8029 -9999
-9999 6.6925 6.6925 6.6925 8.1717 8.1717 8.1717 8.1717 7.8029 -9999
6.8118 6.8118 6.8118 6.8118 8.291 8.291 8.291 8.291 7.8029 -9999
6.9295 6.9295 6.9295 6.9295 8.4087 8.4087 8.4087 8.4087 7.8029 -9999
7.0456 7.0456 7.0456 7.0456 8.5248 8.5248 8.5248 8.5248 7.8519 -9999
-9999 19.855 19.855 23.462 23.462 23.462 23.462 23.462 22.677 -9999
-9999 20.423 22.86 24.031 24.031 24.031 24.031 24.031 22.677 -9999
20.985 20.985 23.422 24.592 24.592 24.592 24.592 24.592 22.677 -9999
21.542 21.542 23.978 25.149 25.149 25.149 25.149 25.149 22.677 -9999
22.093 22.093 24.53 25.7 25.7 25.7 25.7 25.7 22.677 -9999
-9999 22.64 25.076 26.247 26.247 26.247 26.247 -9999 -9999 -9999
-9999 23.181 25.617 26.788 26.788 26.788 26.788 -9999 -9999 -9999
-9999 23.72 26.156 27.327 27.327 27.327 27.327 -9999 -9999 -9999
-9999 24.258 26.694 27.865 27.865 27.865 27.865 -9999 -9999 -9999
-9999 21.458 27.231 27.231 27.231 27.231 27.231 -9999 -9999 -9999
-9999 -9999 26.662 26.662 26.662 26.662 -9999 -9999 -9999 -9999
-9999 -9999 26.09 26.09 26.09 -9999 -9999 -9999 -9999 -9999
-9999 -9999 -9999 25.525 -9999 -9999 -9999 -9999 -9999 -9999
-9999 -9999 -9999 25 -9999 -9999 -9999 -9999 -9999 -9999
