outputs_txt/Phd_CSDMS_100k_ky_05_03_2024/Basin_4_RLF_2500.txt
ncols         14
nrows         48
xllcorner     1600.000000
yllcorner     0.000000
cellsize      200
NODATA_value  -9999
20.512 20.689 20.689 20.863 20.863 20.863 20.863 20.863 20.863 20.863 20.863 20.863 -9999 -9999
20.689 20.863 20.863 21.029 21.029 21.029 21.029 21.029 21.029 21.029 21.029 21.029 -9999 -9999
20.863 21.029 21.029 21.189 21.189 21.189 21.189 21.189 21.189 21.189 21.189 21.189 -9999 -9999
-9999 21.189 21.189 21.345 21.345 21.345 21.345 21.345 21.345 21.345 21.345 21.345 -9999 -9999
-9999 21.345 21.345 21.501 21.646 21.646 21.646 21.646 21.646 21.646 21.646 -9999 -9999 -9999
-9999 21.501 21.646 21.646 21.787 21.787 21.787 21.787 21.787 21.787 21.787 -9999 -9999 -9999
21.646 21.646 21.787 21.787 21.928 21.928 21.928 21.928 21.928 21.928 21.928 -9999 -9999 -9999
-9999 21.787 21.928 21.928 22.065 22.065 22.065 22.065 22.065 22.065 22.065 22.065 -9999 -9999
-9999 -9999 22.065 22.065 22.2 22.2 22.2 22.2 22.2 22.2 22.2 22.2 -9999 -9999
-9999 -9999 22.2 22.2 22.332 22.332 22.332 22.332 22.332 22.332 22.332 22.225 -9999 -9999
-9999 -9999 22.332 22.332 22.463 22.592 22.592 22.592 22.592 22.592 22.592 22.484 -9999 -9999
-9999 -9999 22.463 22.592 22.592 22.72 22.72 22.72 22.72 22.72 22.612 22.612 -9999 -9999
-9999 -9999 22.592 22.72 22.72 22.847 22.847 22.847 22.847 22.739 22.739 22.739 -9999 -9999
-9999 -9999 22.72 22.847 22.847 22.973 23.099 22.485 22.485 22.485 17.078 17.078 -9999 -9999
-9999 -9999 22.847 22.973 23.099 22.485 22.606 22.606 16.782 16.618 16.618 16.618 -9999 -9999
-9999 22.359 22.485 22.485 22.606 22.606 16.902 16.738 16.738 16.738 16.738 16.738 -9999 -9999
16.371 16.496 16.618 16.618 16.738 16.738 16.857 16.857 16.857 16.857 16.857 16.857 -9999 -9999
16.496 16.618 16.738 16.738 16.857 16.857 16.975 16.975 16.975 16.975 16.975 16.975 -9999 -9999
-9999 16.738 16.857 16.857 16.975 16.975 17.092 17.092 17.092 17.092 17.092 16.44 -9999 -9999
-9999 -9999 16.975 16.975 17.092 17.092 17.208 17.208 17.208 16.556 16.556 16.537 -9999 -9999
-9999 -9999 -9999 17.092 17.228 17.437 17.437 16.785 16.785 16.767 16.767 16.767 16.767 -9999
-9999 -9999 -9999 16.785 16.785 16.885 16.885 16.866 16.866 16.866 16.866 16.866 16.866 -9999
-9999 -9999 -9999 16.866 16.866 16.966 16.966 16.966 16.966 16.966 16.966 16.966 16.966 -9999
-9999 -9999 16.866 16.966 16.966 17.064 17.064 17.064 17.064 17.064 17.064 17.064 17.064 17.064
-9999 16.966 16.966 17.064 17.064 17.162 17.162 17.162 17.162 17.162 17.162 17.162 17.162 17.162
-9999 17.064 17.064 17.162 17.162 17.258 17.258 17.258 17.258 17.258 17.258 17.258 17.258 17.258
-9999 27.287 27.287 27.384 27.384 27.477 27.477 20.344 19.501 22.272 22.272 22.272 22.272 22.272
27.287 27.384 27.384 27.477 27.477 27.949 27.949 27.949 27.949 31.928 31.928 31.928 31.928 31.928
27.384 27.477 27.477 27.949 27.949 28.416 28.416 32.395 32.395 32.395 32.395 32.395 32.395 32.395
27.477 27.949 27.949 28.416 28.416 32.858 32.858 32.858 32.858 32.858 32.858 32.858 32.858 32.858
27.949 28.416 28.416 28.878 32.858 33.318 33.318 33.318 33.318 33.318 33.318 33.318 33.318 33.318
28.416 28.878 28.878 33.318 33.318 33.776 33.776 33.776 33.776 33.776 33.776 33.776 33.776 33.776
28.878 29.339 29.339 33.776 33.776 34.231 34.231 34.231 34.231 34.231 34.231 34.231 34.231 34.231
29.339 29.797 33.776 34.231 34.231 34.683 34.683 34.683 34.683 34.683 34.683 34.683 34.683 34.683
29.797 30.251 34.231 34.683 34.683 35.135 35.135 35.135 35.135 35.135 35.135 35.135 35.135 35.135
-9999 34.683 34.683 35.135 35.135 35.587 35.587 35.587 35.587 35.587 35.587 35.587 35.587 35.587
-9999 -9999 35.135 35.587 35.587 35.587 35.587 35.587 35.587 35.587 35.587 35.587 35.587 35.587
-9999 -9999 35.587 35.587 35.587 35.587 35.587 35.587 35.587 35.587 35.587 35.587 35.587 35.587
-9999 -9999 35.587 35.587 35.587 35.587 35.587 35.587 35.587 35.587 35.587 35.587 35.587 35.587
-9999 -9999 -9999 -9999 -9999 -9999 35.587 35.587 35.587 35.587 35.587 35.587 35.587 35.587
-9999 -9999 -9999 -9999 -9999 -9999 35.587 35.587 35.587 35.587 35.587 35.587 35.587 -9999
-9999 -9999 -9999 -9999 -9999 -9999 -9999 35.587 35.587 35.587 35.587 35.587 -9999 -9999
-9999 -9999 -9999 -9999 -9999 -9999 -9999 35.587 35.587 35.587 35.587 35.587 -9999 -9999
-9999 -9999 -9999 -9999 -9999 -9999 -9999 35.587 35.587 35.587 35.587 35.587 -9999 -9999
-9999 -9999 -9999 -9999 -9999 -9999 -9999 35.587 35.587 35.587 35.587 35.587 -9999 -9999
-9999 -9999 -9999 -9999 -9999 -9999 -9999 -9999 35.587 35.587 35.587 -9999 -9999 -9999
-9999 -9999 -9999 -9999 -9999 -9999 -9999 -9999 -9999 35.587 -9999 -9999 -9999 -9999
-9999 -9999 -9999 -9999 -9999 -9999 -9999 -9999 -9999 35.587 -9999 -9999 -9999 -9999
