outputs_txt/Phd_CSDMS_100k_ky_05_03_2024/Basin_5_DEM.txt
ncols         16
nrows         48
xllcorner     3800.000000
yllcorner     0.000000
cellsize      200
NODATA_value  -9999
-32768 23.576 18.152 17.616 13.671 11.81 16.757 18.447 21.991 19.387 15.728 17.63 20.43 25.108 -32768 -32768
-32768 22.159 15.14 19.075 13.311 10.867 14.989 14.285 16.97 14.9 12.35 13.586 15.59 19.387 -32768 -32768
-32768 19.283 13.262 17.407 12.311 10.218 10.983 11.953 13.873 16.38 11.596 14.485 20.998 -32768 -32768 -32768
-32768 17.141 12.022 16.363 11.708 9.7935 11.222 13.858 19.794 15.292 11.022 12.897 16.456 23.709 -32768 -32768
19.79 13.758 11.143 15.505 12.468 9.4211 12.463 15.711 19.944 14.42 10.561 14.405 17.077 17.626 25.301 -32768
18.177 12.766 10.514 12.678 11.928 9.0681 10.017 11.285 13.971 13.666 10.149 10.954 12.001 13.667 17.63 25.322
16.877 11.999 9.9923 9.5524 9.1454 8.7489 10.006 12.082 16.912 13.092 9.8094 10.828 12.31 14.757 19.009 26.927
-32768 16.86 11.994 12.669 11.145 8.5084 9.7456 11.733 16.341 12.596 9.5017 10.484 11.863 14.119 18.107 25.739
-32768 18.535 13.117 10.708 9.3136 8.2756 9.4975 11.408 15.805 12.162 9.2176 10.176 11.476 13.572 17.322 -32768
-32768 18.444 13.036 12.613 10.558 8.0548 9.2649 11.111 15.32 11.774 8.9519 10.024 11.576 14.393 20.516 -32768
-32768 14.626 10.646 9.4565 8.6042 7.8399 9.0409 10.832 14.868 11.421 8.6993 9.9542 12.015 16.807 -32768 -32768
-32768 16.868 12.075 9.9573 8.6581 7.6377 8.8316 10.577 14.461 11.092 8.456 9.5006 10.929 13.442 19.04 -32768
-32768 17.243 12.226 11.796 9.5622 7.4431 8.6314 10.339 14.083 10.787 8.2227 9.1396 10.267 11.933 14.918 21.221
-32768 13.706 10.004 8.858 8.0152 7.2527 8.4366 10.11 13.729 10.503 7.9997 8.9127 10.018 11.614 14.451 20.539
-32768 15.556 11.255 9.3305 8.084 7.0712 8.2518 9.8991 13.402 10.235 7.7853 8.7995 10.112 12.278 17.155 23.588
-32768 15.186 11.02 9.1424 7.907 6.8954 8.3705 11.128 12.137 9.0943 7.5783 8.5997 9.8942 11.995 16.748 -32768
-32768 14.826 10.794 8.96 7.7345 6.724 8.1931 10.895 11.834 8.8819 7.3786 8.3972 9.6719 11.701 16.276 -32768
-32768 14.49 10.578 8.7834 7.5664 6.5567 8.0204 10.671 11.826 9.5163 7.1856 8.2018 9.4601 11.426 15.835 -32768
-32768 14.171 10.372 8.6122 7.4023 6.3934 7.8532 10.45 8.8327 9.2937 6.9976 8.012 9.2569 11.169 15.431 -32768
-32768 13.877 10.178 8.4464 7.2421 6.2337 8.4341 9.6997 7.3019 8.6825 6.8143 7.8519 9.2403 11.869 17.253 -32768
-32768 -32768 11.782 8.7813 7.2453 6.0769 8.2616 8.4972 6.2893 6.4615 6.6349 7.3973 8.5985 10.34 14.131 -32768
-32768 -32768 11.55 8.6152 7.0898 5.9224 8.092 7.948 6.1208 8.3055 8.8783 8.5969 10.329 14.099 17.811 -32768
-32768 -32768 11.329 8.4536 6.9369 5.77 7.6007 5.7897 5.9533 6.8548 7.8745 9.1325 11.05 15.237 -32768 -32768
-32768 -32768 -32768 9.4864 7.0632 5.6194 5.47 5.6267 6.2339 6.9055 7.6698 8.5953 10.336 14.142 -32768 -32768
-32768 -32768 -32768 10.744 8.0176 6.5264 5.3623 7.4899 8.442 9.2149 10.157 10.33 14.114 18.194 -32768 -32768
-32768 -32768 -32768 10.604 7.9073 6.4197 5.2552 7.3766 8.2565 8.8321 9.5046 10.334 10.371 14.826 15.114 -32768
-32768 -32768 -32768 10.462 7.796 6.313 5.1488 5.5896 6.0437 6.5396 7.0907 7.7201 8.4809 10.966 14.916 -32768
-32768 -32768 -32768 10.325 7.6887 6.21 5.0462 7.1538 8.2531 8.8298 9.5038 10.338 9.8843 13.757 -32768 -32768
-32768 -32768 -32768 10.191 7.5823 6.1075 4.9439 5.844 6.8548 8.0603 9.7604 13.272 13.765 16.297 -32768 -32768
-32768 -32768 -32768 10.059 7.4775 6.0063 4.843 5.6639 6.5645 7.5853 8.8424 10.728 14.748 -32768 -32768 -32768
-32768 -32768 -32768 9.9301 7.3742 5.9064 4.7433 5.5641 6.4645 7.4835 8.7329 10.59 14.541 -32768 -32768 -32768
-32768 -32768 -32768 9.8042 7.2724 5.8077 4.6448 5.4656 6.3658 7.3835 8.6267 10.461 14.346 -32768 -32768 -32768
-32768 -32768 -32768 9.681 7.1721 5.7101 4.5475 5.3683 6.2683 7.2848 8.5222 10.335 14.156 -32768 -32768 -32768
-32768 -32768 -32768 9.5629 7.073 5.6138 4.4513 5.2721 6.1719 7.1874 8.4194 10.212 13.971 -32768 -32768 -32768
-32768 -32768 -32768 9.4446 6.9753 5.5185 4.3562 5.1769 6.0766 7.0911 8.3182 10.092 13.792 -32768 -32768 -32768
-32768 -32768 -32768 9.3286 6.8788 5.4242 4.2621 5.0834 5.9835 6.9976 8.2206 9.978 13.629 -32768 -32768 -32768
-32768 -32768 -32768 9.2118 6.7826 5.3308 4.1692 6.0476 7.0247 7.7719 8.7878 10.639 13.856 13.45 -32768 -32768
-32768 -32768 -32768 7.5684 5.9987 4.9802 4.0765 4.5565 5.0581 5.6246 6.2885 7.1407 8.6301 11.136 -32768 -32768
-32768 -32768 -32768 23.003 16.571 11.955 3.9871 12.254 16.108 20.857 25.524 30.08 28.232 24.287 -32768 -32768
-32768 -32768 -32768 26.414 16.423 9.3319 3.533 9.3369 16.443 26.394 -32768 -32768 -32768 -32768 -32768 -32768
-32768 -32768 -32768 25.952 15.993 8.8818 3.0838 9.4596 18.534 29.465 -32768 -32768 -32768 -32768 -32768 -32768
-32768 -32768 -32768 -32768 19.704 9.73 2.6377 9.7348 19.715 -32768 -32768 -32768 -32768 -32768 -32768 -32768
-32768 -32768 -32768 -32768 19.263 9.2892 2.1933 9.2891 19.252 -32768 -32768 -32768 -32768 -32768 -32768 -32768
-32768 -32768 -32768 -32768 18.798 8.8449 1.7513 8.8448 18.791 -32768 -32768 -32768 -32768 -32768 -32768 -32768
-32768 -32768 -32768 -32768 18.345 8.4154 1.3116 8.4153 18.341 -32768 -32768 -32768 -32768 -32768 -32768 -32768
-32768 -32768 -32768 -32768 -32768 10.835 0.87474 10.835 -32768 -32768 -32768 -32768 -32768 -32768 -32768 -32768
-32768 -32768 -32768 -32768 -32768 9.8672 0.43743 9.8676 -32768 -32768 -32768 -32768 -32768 -32768 -32768 -32768
-32768 -32768 -32768 -32768 -32768 0.00033823 1.1037e-05 0.00076753 -32768 -32768 -32768 -32768 -32768 -32768 -32768 -32768
