outputs_txt/Phd_CSDMS_100k_ky_05_03_2024/Basin_7_DEM.txt
ncols         7
nrows         35
xllcorner     6400.000000
yllcorner     0.000000
cellsize      200
NODATA_value  -9999
-32768 -32768 -32768 23.605 20.802 -32768 -32768
-32768 -32768 -32768 17.374 15.547 -32768 -32768
-32768 -32768 19.982 15.034 13.762 17.754 -32768
-32768 -32768 19.91 15.071 13.045 16.483 -32768
-32768 -32768 18.618 14.305 12.492 15.558 -32768
-32768 -32768 18.446 14.833 12.021 14.261 -32768
-32768 -32768 14.46 12.765 11.592 13.549 -32768
-32768 -32768 16.07 12.747 11.21 13.003 -32768
-32768 -32768 13.816 12.032 10.854 12.52 -32768
-32768 17.179 13.408 11.694 10.526 12.01 -32768
-32768 16.612 13.043 11.383 10.221 12.174 -32768
-32768 14.049 12.16 10.926 9.933 11.39 -32768
-32768 -32768 12.341 10.815 9.6645 11.112 13.781
-32768 -32768 12.464 10.709 9.4097 10.85 13.446
-32768 14.62 11.833 10.315 9.1649 10.6 13.134
-32768 12.797 11.113 9.9214 8.9307 10.361 12.843
15.918 12.534 10.883 9.6976 8.7075 10.134 12.569
15.564 12.288 10.664 9.4834 8.4941 9.9173 12.312
15.233 12.055 10.454 9.2776 8.2894 9.709 12.068
14.923 11.833 10.252 9.0794 8.0924 9.5085 11.835
14.631 11.62 10.057 8.888 7.9024 9.3152 11.613
14.36 11.417 9.8691 8.7028 7.7187 9.1283 11.401
14.582 11.292 9.6934 8.5237 7.5406 8.9473 11.197
-32768 10.954 9.4879 8.3458 7.3677 8.7716 -32768
-32768 10.113 8.9347 8.0402 7.1995 8.7836 -32768
-32768 19.925 21.597 15.64 7.0364 15.455 -32768
-32768 -32768 25.261 14.525 6.218 13.318 23.317
-32768 -32768 23.72 15.214 5.4139 12.503 22.503
-32768 -32768 -32768 14.603 4.621 11.701 21.697
-32768 -32768 -32768 13.802 3.8376 10.91 20.902
-32768 -32768 -32768 13.012 3.0625 10.129 20.122
-32768 -32768 -32768 12.233 2.2942 9.3709 19.301
-32768 -32768 -32768 11.459 1.5313 11.473 -32768
-32768 -32768 -32768 -32768 0.76804 9.8909 -32768
-32768 -32768 -32768 -32768 0.00097866 0.00061916 -32768
