outputs_txt/Phd_CSDMS_100k_ky_05_03_2024/Basin_9_DEM.txt
ncols         6
nrows         48
xllcorner     9200.000000
yllcorner     0.000000
cellsize      200
NODATA_value  -9999
-32768 -32768 -32768 32.292 23.362 32.297
-32768 -32768 -32768 28.284 20.006 28.283
-32768 -32768 28.957 25.35 17.767 25.344
-32768 -32768 20.928 22.825 16.18 23.044
-32768 23.257 16.579 16.886 15.026 21.153
-32768 19.912 14.425 13.456 14.146 19.585
-32768 17.67 13.154 12.891 15.444 21.414
-32768 16.064 12.288 12.416 16.29 21.21
18.148 13.518 11.61 11.987 13.247 15.318
17.439 13.104 11.3 13.103 17.44 21.21
-32768 12.737 11.008 13.923 17.161 21.252
-32768 13.515 10.729 11.667 12.901 15.479
15.739 12.09 10.468 11.715 13.752 18.471
15.285 11.804 10.219 12.817 15.638 19.176
14.864 11.533 9.9772 10.889 12.009 14.189
14.483 11.282 9.7488 10.949 12.756 16.841
14.13 11.044 9.5289 10.722 12.481 16.407
13.802 10.817 9.3166 11.686 14.152 17.135
13.491 10.596 9.1086 10.009 11.064 12.932
13.202 10.387 8.9093 10.084 11.724 15.218
12.929 10.184 8.7157 9.8875 11.501 14.886
12.67 9.9888 8.5274 9.6963 11.286 14.566
12.425 9.7991 8.3438 9.5113 11.082 14.27
12.185 9.6148 8.1649 10.362 11.535 14.955
11.96 9.4339 7.9886 8.8847 9.9044 12.543
11.743 9.2591 7.8177 8.9788 10.501 13.44
11.535 9.0885 7.6506 8.8106 10.322 13.197
11.334 8.9217 7.4869 8.6457 10.146 12.961
11.139 8.7585 7.3265 8.4842 9.9756 12.734
10.951 8.5987 7.1692 8.3259 9.8092 12.515
10.768 8.4421 7.0147 8.1706 9.6467 12.306
10.591 8.2884 6.8631 8.0184 9.4893 -32768
10.418 8.1376 6.714 8.137 10.413 -32768
10.25 7.9889 6.5669 7.721 9.181 -32768
10.085 7.8428 6.4223 7.5755 9.0296 11.527
9.9243 7.6992 6.2798 7.4326 8.8825 11.348
9.7658 7.5575 6.1395 7.2918 8.7374 -32768
8.6704 7.1621 6.0012 7.094 8.2968 -32768
21.28 14.258 5.8661 13.782 18.489 -32768
22.225 12.264 5.185 10.96 18.04 27.929
21.557 11.591 4.5143 10.286 17.368 27.266
20.896 10.929 3.8522 9.6286 16.73 26.642
20.244 10.276 3.1986 10.27 20.232 -32768
19.598 9.6287 2.5509 9.6414 19.586 -32768
18.976 9.0007 1.9097 11.882 -32768 -32768
-32768 11.218 1.272 11.235 -32768 -32768
-32768 9.8712 0.63602 -32768 -32768 -32768
-32768 0.00083155 0.00035539 -32768 -32768 -32768
