outputs_txt/Phd_CSDMS_100k_ky_05_03_2024/Basin_12_RLF_1000.txt
ncols         12
nrows         48
xllcorner     11800.000000
yllcorner     0.000000
cellsize      200
NODATA_value  -9999
-9999 -9999 14.193 14.193 14.193 14.193 14.193 14.187 14.187 -9999 -9999 -9999
-9999 -9999 14.517 14.517 14.517 14.517 14.517 14.512 14.512 -9999 -9999 -9999
-9999 -9999 14.802 14.802 14.802 14.802 14.802 14.796 14.796 -9999 -9999 -9999
-9999 15.064 15.064 15.064 15.064 15.064 15.064 15.058 15.058 -9999 -9999 -9999
-9999 -9999 15.309 15.309 15.309 15.309 15.309 15.304 15.304 -9999 -9999 -9999
-9999 15.545 15.545 15.545 15.545 15.545 15.545 15.54 15.54 -9999 -9999 -9999
-9999 13.712 13.712 13.712 14.169 14.169 14.169 14.169 14.169 14.169 -9999 -9999
-9999 13.916 13.916 13.916 13.916 13.916 13.431 13.431 13.431 -9999 -9999 -9999
-9999 13.617 13.617 13.617 13.617 13.631 13.631 13.631 13.631 -9999 -9999 -9999
-9999 13.809 13.809 13.809 13.809 13.824 13.824 13.824 13.824 13.824 -9999 -9999
12.971 13.995 13.995 13.995 13.995 14.01 14.01 14.01 14.01 -9999 -9999 -9999
-9999 13.865 13.865 13.865 13.865 13.865 11.903 11.903 11.903 -9999 -9999 -9999
-9999 14.039 14.039 14.039 14.039 14.039 12.077 12.077 12.077 -9999 -9999 -9999
-9999 10.955 10.955 10.955 10.955 12.245 12.245 12.245 12.245 -9999 -9999 -9999
-9999 11.12 11.12 11.12 11.12 10.973 9.7674 9.7674 9.7674 9.7674 -9999 -9999
-9999 11.136 11.136 11.136 11.136 11.136 9.9301 9.9301 9.9301 -9999 -9999 -9999
-9999 11.174 11.174 11.174 11.174 11.174 10.248 10.248 10.248 -9999 -9999 -9999
-9999 10.844 10.844 10.844 10.844 10.844 10.398 10.398 10.398 -9999 -9999 -9999
10.545 10.545 10.545 10.545 10.545 10.545 11.525 11.525 11.525 -9999 -9999 -9999
10.272 10.272 10.272 10.272 10.272 10.272 11.669 11.669 11.669 11.07 -9999 -9999
10.028 10.028 10.028 10.028 10.028 10.037 11.81 11.81 11.81 11.07 10.16 -9999
8.6462 8.6462 8.6462 8.6462 8.6462 10.177 11.95 11.95 11.95 11.07 -9999 -9999
8.7765 8.9121 8.9121 8.9121 8.9121 10.451 12.223 12.223 12.223 12.223 11.775 -9999
8.105 8.37 8.37 8.37 8.37 10.58 12.353 12.353 12.353 12.353 -9999 -9999
8.105 8.4989 8.4989 8.4989 8.4989 10.709 12.482 12.482 12.482 12.482 11.775 -9999
8.105 8.6253 8.6253 8.6253 8.6253 10.835 12.608 12.608 12.608 12.608 11.775 -9999
8.105 8.7493 8.7493 8.7493 8.7493 10.023 12.732 12.732 12.732 12.732 11.816 -9999
-9999 8.6153 8.6153 8.6153 8.6153 10.145 10.168 11.419 11.419 11.419 -9999 -9999
-9999 8.4921 8.4921 8.4921 8.4921 7.5744 10.287 11.538 11.538 11.538 -9999 -9999
-9999 8.3689 8.3689 8.3689 8.3689 7.6918 10.056 11.655 11.655 11.655 10.711 -9999
-9999 7.6513 7.6513 7.6513 7.6513 7.8073 10.172 11.771 11.771 11.771 10.838 -9999
-9999 7.765 7.765 7.765 7.765 7.9209 10.286 11.885 11.885 11.885 10.851 9.7138
-9999 7.8771 7.8771 7.8771 7.8771 7.8771 10.398 11.997 11.997 11.997 10.851 -9999
-9999 7.7927 7.7927 7.7927 7.7927 7.8154 10.509 12.108 12.108 12.108 11.564 -9999
-9999 19.53 19.53 19.53 19.571 19.571 19.571 19.571 19.571 19.571 18.921 -9999
-9999 20.069 20.069 20.069 20.11 20.11 20.11 20.11 20.11 20.11 18.921 18.295
-9999 20.603 20.603 20.603 20.644 20.644 20.644 20.644 20.644 20.644 18.921 -9999
-9999 21.132 21.132 21.132 21.173 21.173 21.173 21.173 21.173 21.173 18.921 -9999
-9999 21.656 21.656 21.656 21.697 21.697 21.697 21.697 21.697 21.697 18.921 -9999
-9999 -9999 -9999 22.175 22.216 22.216 22.216 22.216 -9999 -9999 -9999 -9999
-9999 -9999 -9999 22.688 22.729 22.729 22.729 22.729 -9999 -9999 -9999 -9999
-9999 -9999 -9999 23.196 23.237 23.237 23.237 23.237 -9999 -9999 -9999 -9999
-9999 -9999 -9999 23.703 23.744 23.744 23.744 23.744 -9999 -9999 -9999 -9999
-9999 -9999 -9999 21.294 21.294 21.294 21.294 21.294 -9999 -9999 -9999 -9999
-9999 -9999 -9999 20.748 20.748 20.748 20.748 20.748 -9999 -9999 -9999 -9999
-9999 -9999 -9999 -9999 20.205 20.205 20.205 -9999 -9999 -9999 -9999 -9999
-9999 -9999 -9999 -9999 19.666 19.666 -9999 -9999 -9999 -9999 -9999 -9999
-9999 -9999 -9999 -9999 19.131 19.131 -9999 -9999 -9999 -9999 -9999 -9999
