outputs_txt/Phd_CSDMS_100k_ky_05_03_2024/Basin_8_RLF_1000.txt
ncols         17
nrows         48
xllcorner     6400.000000
yllcorner     0.000000
cellsize      200
NODATA_value  -9999
-9999 15.154 15.53 15.87 16.184 15.943 14.649 10.852 10.852 10.852 10.852 15.415 17.265 17.265 17.265 16.22 15.392
-9999 15.154 15.53 15.87 16.184 15.943 15.976 15.976 15.592 11.833 11.058 15.62 17.471 17.471 17.471 16.434 15.392
14.711 15.154 15.53 15.87 16.184 16.367 17.497 17.497 15.791 12.032 11.257 15.819 17.67 17.67 17.67 16.434 -9999
-9999 15.154 15.53 15.87 16.184 16.367 17.692 17.692 15.986 12.227 11.452 16.015 17.865 17.865 17.865 17.102 -9999
-9999 -9999 15.53 16.38 16.38 16.367 17.879 17.879 16.173 12.414 11.639 16.201 18.052 18.052 18.052 -9999 -9999
-9999 -9999 -9999 16.858 16.858 16.747 18.061 18.061 16.355 12.596 11.821 16.384 18.235 18.235 18.235 -9999 -9999
-9999 -9999 -9999 17.309 17.631 17.52 18.241 18.241 16.535 12.776 12.001 16.564 16.564 16.564 16.564 -9999 -9999
-9999 -9999 -9999 17.198 17.834 18.128 18.418 18.418 16.712 12.953 12.178 15.95 15.95 15.95 15.95 -9999 -9999
-9999 -9999 16.722 17.198 17.834 18.128 18.567 18.567 16.861 13.102 12.327 12.324 12.324 12.324 -9999 -9999 -9999
-9999 -9999 16.722 17.198 17.834 18.128 18.713 18.713 17.007 13.248 12.425 12.425 12.425 12.425 -9999 -9999 -9999
-9999 16.212 16.722 17.198 17.834 18.128 18.856 18.856 13.405 13.405 12.568 12.568 12.568 12.568 12.568 -9999 -9999
-9999 -9999 15.337 15.812 16.448 16.742 17.611 17.611 13.546 13.546 9.5693 9.5693 9.5693 9.5693 9.5693 -9999 -9999
-9999 -9999 -9999 15.618 16.254 16.547 17.554 13.683 13.683 13.683 9.7071 9.7071 9.7071 9.7071 -9999 -9999 -9999
-9999 -9999 -9999 -9999 -9999 12.81 13.819 13.819 13.819 13.819 9.8425 9.8425 9.8425 9.8425 -9999 -9999 -9999
-9999 -9999 -9999 -9999 -9999 12.923 13.952 13.952 13.952 13.952 9.9755 9.9755 9.9755 9.9755 -9999 -9999 -9999
-9999 -9999 -9999 -9999 -9999 -9999 14.082 14.082 14.082 14.082 9.8673 8.0502 8.0502 8.0502 -9999 -9999 -9999
-9999 -9999 -9999 -9999 -9999 -9999 14.211 14.211 14.211 14.211 9.996 7.4658 7.4658 7.4658 -9999 -9999 -9999
-9999 -9999 -9999 -9999 -9999 -9999 14.338 14.338 14.338 14.338 10.123 7.3428 7.3428 7.3428 -9999 -9999 -9999
-9999 -9999 -9999 -9999 -9999 -9999 14.462 14.462 14.462 14.462 10.247 7.2204 7.2204 7.2204 -9999 -9999 -9999
-9999 -9999 -9999 -9999 -9999 -9999 10.372 10.372 10.372 10.372 10.372 7.1084 7.1084 7.1084 -9999 -9999 -9999
-9999 -9999 -9999 -9999 -9999 -9999 10.493 10.493 10.493 10.493 10.493 7.003 7.003 7.003 -9999 -9999 -9999
-9999 -9999 -9999 -9999 -9999 -9999 10.613 10.613 10.613 10.613 10.613 6.9086 6.9086 6.9086 -9999 -9999 -9999
-9999 -9999 -9999 -9999 -9999 -9999 10.731 10.731 10.731 10.731 10.731 7.027 7.027 7.027 -9999 -9999 -9999
-9999 -9999 -9999 -9999 -9999 -9999 10.531 10.531 10.531 10.531 10.531 7.144 7.144 7.144 -9999 -9999 -9999
-9999 -9999 -9999 -9999 -9999 -9999 10.222 10.222 10.222 10.222 10.222 7.2597 7.2597 7.2597 -9999 -9999 -9999
-9999 -9999 -9999 -9999 -9999 -9999 -9999 9.9048 9.9048 9.9048 9.9048 7.3741 7.3741 7.3741 -9999 -9999 -9999
-9999 -9999 -9999 -9999 -9999 -9999 -9999 9.6146 9.6146 9.6146 9.6146 7.4872 7.4872 7.4872 -9999 -9999 -9999
-9999 -9999 -9999 -9999 -9999 -9999 -9999 8.8758 8.8758 8.8758 8.8758 6.264 6.261 6.261 -9999 -9999 -9999
-9999 -9999 -9999 -9999 -9999 -9999 -9999 8.9865 8.9865 8.9865 8.9865 6.3747 6.3717 6.3717 -9999 -9999 -9999
-9999 -9999 -9999 -9999 -9999 -9999 -9999 6.3213 6.3213 6.3213 6.3213 6.3213 6.3179 6.3179 -9999 -9999 -9999
-9999 -9999 -9999 -9999 -9999 -9999 -9999 6.2663 6.2663 6.2663 6.2663 6.2663 6.2632 6.2632 -9999 -9999 -9999
-9999 -9999 -9999 -9999 -9999 -9999 -9999 6.2145 6.2145 6.2145 6.2145 6.2145 6.2117 6.2117 -9999 -9999 -9999
-9999 -9999 -9999 -9999 -9999 -9999 -9999 6.2723 6.2723 6.2723 6.2723 6.1657 6.163 6.163 -9999 -9999 -9999
-9999 -9999 -9999 -9999 -9999 -9999 -9999 6.3776 6.3776 6.3776 6.3776 6.1196 6.1171 6.1171 -9999 -9999 -9999
-9999 -9999 -9999 -9999 -9999 -9999 -9999 18.921 18.921 18.955 18.955 18.955 18.955 18.955 -9999 -9999 -9999
-9999 -9999 -9999 -9999 -9999 -9999 -9999 22.785 22.785 22.785 22.785 22.785 22.778 22.778 -9999 -9999 -9999
-9999 -9999 -9999 -9999 -9999 -9999 23.298 23.298 23.298 23.298 23.298 23.298 23.291 23.291 -9999 -9999 -9999
-9999 -9999 -9999 -9999 -9999 -9999 23.807 23.807 23.807 23.807 23.807 23.807 23.8 23.8 -9999 -9999 -9999
-9999 -9999 -9999 -9999 -9999 -9999 24.311 24.311 24.311 24.311 24.311 24.311 24.304 24.304 -9999 -9999 -9999
-9999 -9999 -9999 -9999 -9999 -9999 -9999 24.81 24.81 24.81 24.81 24.81 24.803 24.803 -9999 -9999 -9999
-9999 -9999 -9999 -9999 -9999 -9999 -9999 25.305 25.305 25.305 25.305 25.305 25.298 25.298 -9999 -9999 -9999
-9999 -9999 -9999 -9999 -9999 -9999 -9999 25.799 25.799 25.799 25.799 25.799 25.792 25.792 -9999 -9999 -9999
-9999 -9999 -9999 -9999 -9999 -9999 -9999 26.291 26.291 26.291 26.291 26.291 26.284 26.284 -9999 -9999 -9999
-9999 -9999 -9999 -9999 -9999 -9999 -9999 -9999 26.783 26.783 26.783 26.783 26.776 26.776 -9999 -9999 -9999
-9999 -9999 -9999 -9999 -9999 -9999 -9999 -9999 26.273 26.273 26.273 26.273 -9999 -9999 -9999 -9999 -9999
-9999 -9999 -9999 -9999 -9999 -9999 -9999 -9999 -9999 25.762 25.762 25.762 -9999 -9999 -9999 -9999 -9999
-9999 -9999 -9999 -9999 -9999 -9999 -9999 -9999 -9999 25.283 25.283 -9999 -9999 -9999 -9999 -9999 -9999
-9999 -9999 -9999 -9999 -9999 -9999 -9999 -9999 -9999 24.787 24.787 -9999 -9999 -9999 -9999 -9999 -9999
