outputs_txt/Phd_CSDMS_100k_ky_05_03_2024/Basin_5_RLF_1000.txt
ncols         16
nrows         48
xllcorner     3800.000000
yllcorner     0.000000
cellsize      200
NODATA_value  -9999
-9999 14.155 14.155 14.155 14.155 14.155 12.569 12.569 12.569 15.687 14.741 14.741 14.741 14.741 -9999 -9999
-9999 14.508 14.508 14.508 14.508 14.508 12.923 12.923 12.923 16.04 15.285 15.173 15.173 15.173 -9999 -9999
-9999 14.827 14.827 14.827 14.827 14.827 13.242 13.242 13.242 16.359 15.492 17.118 17.118 -9999 -9999 -9999
-9999 15.067 15.067 15.067 15.067 15.067 13.482 13.482 13.482 16.599 15.8 17.426 17.426 17.426 -9999 -9999
14.43 15.3 15.3 15.3 15.3 15.3 13.715 13.715 13.715 16.832 16.084 17.71 17.71 17.71 17.71 -9999
13.014 14.104 14.104 14.104 14.104 14.104 11.889 11.889 12.943 15.654 16.349 17.975 17.975 17.975 17.975 16.903
11.186 11.95 11.95 11.95 12.104 12.104 12.104 12.104 13.158 15.869 16.602 18.228 18.228 18.228 18.228 16.973
-9999 12.152 12.152 12.152 12.306 12.306 12.306 12.306 12.306 16.071 16.845 18.471 18.471 18.471 18.471 17.427
-9999 12.347 12.347 12.347 12.501 12.501 12.501 12.501 12.501 12.501 17.079 18.705 18.705 18.705 18.705 -9999
-9999 11.282 11.282 11.282 11.282 11.282 9.6595 9.6595 9.6595 9.6595 12.517 18.928 18.928 18.928 18.928 -9999
-9999 11.464 11.464 11.464 11.464 11.464 9.841 9.841 9.841 9.841 12.731 19.142 19.142 19.142 -9999 -9999
-9999 11.64 11.64 11.64 11.64 11.64 9.4452 9.4452 9.4452 9.9119 12.938 18.161 18.161 18.161 18.161 -9999
-9999 11.811 11.811 11.811 11.811 11.811 9.0813 9.0813 9.0813 10.083 13.138 16.21 16.21 16.21 16.21 15.191
-9999 11.888 11.888 11.888 11.888 11.888 8.7633 8.7633 8.7633 10.251 13.331 16.403 16.403 16.403 16.403 15.387
-9999 10.849 10.849 10.849 10.849 10.849 8.4751 8.4751 8.4751 10.414 12.042 16.591 16.591 16.591 16.591 15.576
-9999 11.009 11.009 11.009 11.009 11.009 8.227 8.227 8.227 8.227 12.225 16.774 16.774 16.774 16.774 -9999
-9999 11.166 11.166 11.166 11.166 11.166 8.0064 8.0064 8.0064 8.0064 10.964 17.299 17.299 17.127 16.954 -9999
-9999 9.6338 9.6338 9.6338 9.6338 9.6338 7.8062 7.8062 7.8062 8.1768 11.69 17.468 17.468 17.127 16.954 -9999
-9999 9.7861 9.7861 9.7861 9.7861 9.7861 7.6321 7.6321 7.6321 9.4671 12.021 17.799 17.635 17.127 16.954 -9999
-9999 9.5667 9.716 9.716 9.716 9.716 6.6672 6.6672 6.6672 9.7671 12.341 12.184 11.858 11.349 11.176 -9999
-9999 -9999 9.4642 9.4642 9.4642 9.4642 6.4712 6.4712 8.7521 12.831 12.831 12.567 12.24 11.732 11.559 -9999
-9999 -9999 9.2347 9.2347 9.2347 9.2347 6.5705 6.5705 8.8592 12.938 12.938 12.567 12.24 11.732 11.559 -9999
-9999 -9999 9.0224 9.0224 9.0224 9.0224 6.633 5.5956 8.9656 13.045 13.045 12.604 12.24 11.732 -9999 -9999
-9999 -9999 -9999 8.8308 8.8308 8.8308 6.7356 5.6982 9.0683 13.148 13.148 12.604 12.24 11.732 -9999 -9999
-9999 -9999 -9999 6.8378 6.8378 6.8378 6.8378 8.3279 9.1705 13.25 13.25 12.604 12.24 11.732 -9999 -9999
-9999 -9999 -9999 6.7074 6.7074 6.7074 6.7074 8.4288 9.9054 13.351 13.351 12.604 12.24 11.654 11.103 -9999
-9999 -9999 -9999 6.5859 6.5859 6.5859 6.5859 8.5285 10.005 13.45 13.45 12.63 12.24 11.654 11.103 -9999
-9999 -9999 -9999 6.0996 6.0996 6.0996 6.0996 8.627 10.104 13.549 13.549 12.728 12.15 11.654 -9999 -9999
-9999 -9999 -9999 6.1969 6.1969 6.1969 6.1969 8.7243 10.201 13.646 13.646 12.825 12.15 11.654 -9999 -9999
-9999 -9999 -9999 6.1525 6.1525 6.1525 6.1525 8.8205 10.297 11.846 11.846 11.025 10.254 -9999 -9999 -9999
-9999 -9999 -9999 6.1062 6.1062 6.1062 6.1062 8.9156 10.392 11.941 11.941 11.12 10.254 -9999 -9999 -9999
-9999 -9999 -9999 6.0632 6.0632 6.0632 6.0632 9.0097 10.486 12.035 12.035 11.214 10.314 -9999 -9999 -9999
-9999 -9999 -9999 6.0213 6.0213 6.0213 6.0213 9.1026 10.579 12.128 12.128 11.214 10.314 -9999 -9999 -9999
-9999 -9999 -9999 5.9824 5.9824 5.9824 5.9824 6.6511 10.672 10.672 10.672 10.192 9.6903 -9999 -9999 -9999
-9999 -9999 -9999 19.016 19.016 19.016 21.537 26.093 26.093 26.093 26.093 25.524 25.022 -9999 -9999 -9999
-9999 -9999 -9999 22.881 22.881 22.881 22.881 26.547 26.547 26.547 26.547 25.524 25.022 -9999 -9999 -9999
-9999 -9999 -9999 23.33 23.33 26.381 26.381 26.997 26.997 26.997 26.997 25.524 25.022 24.456 -9999 -9999
-9999 -9999 -9999 23.776 23.776 26.827 26.827 27.443 27.443 27.443 27.443 25.524 25.022 24.456 -9999 -9999
-9999 -9999 -9999 24.221 24.221 27.272 27.272 27.887 27.887 27.887 27.887 25.524 25.022 24.456 -9999 -9999
-9999 -9999 -9999 24.663 24.663 27.714 27.714 28.329 28.329 28.329 -9999 -9999 -9999 -9999 -9999 -9999
-9999 -9999 -9999 25.102 25.102 28.153 28.153 28.769 28.769 28.769 -9999 -9999 -9999 -9999 -9999 -9999
-9999 -9999 -9999 -9999 25.539 28.59 28.59 29.206 29.206 -9999 -9999 -9999 -9999 -9999 -9999 -9999
-9999 -9999 -9999 -9999 25.977 29.027 29.027 29.643 29.643 -9999 -9999 -9999 -9999 -9999 -9999 -9999
-9999 -9999 -9999 -9999 26.414 29.465 29.465 29.465 29.465 -9999 -9999 -9999 -9999 -9999 -9999 -9999
-9999 -9999 -9999 -9999 25.952 29.465 29.465 29.465 29.465 -9999 -9999 -9999 -9999 -9999 -9999 -9999
-9999 -9999 -9999 -9999 -9999 19.715 19.715 19.715 -9999 -9999 -9999 -9999 -9999 -9999 -9999 -9999
-9999 -9999 -9999 -9999 -9999 19.263 19.263 19.263 -9999 -9999 -9999 -9999 -9999 -9999 -9999 -9999
-9999 -9999 -9999 -9999 -9999 18.798 18.798 18.798 -9999 -9999 -9999 -9999 -9999 -9999 -9999 -9999
