outputs_txt/Phd_CSDMS_100k_ky_05_03_2024/Basin_7_RLF_1000.txt
ncols         7
nrows         35
xllcorner     6400.000000
yllcorner     0.000000
cellsize      200
NODATA_value  -9999
-9999 -9999 -9999 11.113 11.113 -9999 -9999
-9999 -9999 -9999 11.583 11.583 -9999 -9999
-9999 -9999 12.012 12.012 12.012 12.012 -9999
-9999 -9999 12.395 12.395 12.395 12.395 -9999
-9999 -9999 12.75 12.75 12.75 12.75 -9999
-9999 -9999 9.4565 9.4565 9.4565 9.4565 -9999
-9999 -9999 9.761 9.761 9.761 9.761 -9999
-9999 -9999 9.9769 9.9769 9.9769 9.9769 -9999
-9999 -9999 8.9532 8.9532 8.9532 8.9532 -9999
-9999 9.0361 9.0361 9.0361 9.0361 9.0361 -9999
-9999 8.0139 8.0139 8.0139 8.0139 8.0139 -9999
-9999 8.2481 8.2481 8.2481 8.2481 8.2481 -9999
-9999 -9999 8.4712 8.4712 8.4712 8.4712 5.1087
-9999 -9999 8.6847 8.6847 8.6847 8.6847 5.2867
-9999 8.3224 8.3224 8.3224 8.3224 8.3224 5.4915
-9999 7.8256 7.8256 7.8256 7.8256 6.5276 5.6885
8.0156 8.0156 8.0156 8.0156 8.0156 6.7176 5.8785
8.1993 8.1993 8.1993 8.1993 8.1993 6.9013 5.7274
8.3774 8.3774 8.3774 8.3774 8.3774 7.0793 5.5936
8.5503 8.5503 8.5503 8.5503 8.5503 5.4749 5.4749
8.7185 8.7185 8.7185 8.7185 8.7185 5.3698 5.3698
14.561 14.561 14.561 14.561 14.561 14.561 14.561
19.043 19.043 19.043 19.043 19.043 19.043 19.043
-9999 19.847 19.847 19.847 19.847 19.847 -9999
-9999 20.64 20.64 20.64 20.64 20.64 -9999
-9999 21.423 21.423 21.423 21.423 21.423 -9999
-9999 -9999 22.198 22.198 22.198 22.198 22.198
-9999 -9999 22.967 22.967 22.967 22.967 22.967
-9999 -9999 -9999 23.729 23.729 23.729 23.729
-9999 -9999 -9999 24.493 24.493 24.493 24.493
-9999 -9999 -9999 25.26 25.26 25.26 25.26
-9999 -9999 -9999 23.719 23.719 23.719 23.719
-9999 -9999 -9999 21.697 21.697 21.697 -9999
-9999 -9999 -9999 -9999 20.901 20.901 -9999
-9999 -9999 -9999 -9999 20.121 20.121 -9999
