outputs_txt/Phd_CSDMS_100k_ky_05_03_2024/Basin_1_RLF_2500.txt
ncols         11
nrows         48
xllcorner     0.000000
yllcorner     0.000000
cellsize      200
NODATA_value  -9999
-9999 -9999 18.62 18.62 18.62 18.62 18.62 18.289 -9999 -9999 -9999
-9999 -9999 18.945 18.945 18.945 18.945 18.945 18.902 -9999 -9999 -9999
-9999 -9999 19.262 19.262 19.262 19.262 19.262 19.129 -9999 -9999 -9999
-9999 -9999 19.574 19.574 19.574 19.574 19.574 19.355 19.262 -9999 -9999
-9999 -9999 19.753 19.753 19.753 19.753 19.753 19.574 19.574 -9999 -9999
-9999 -9999 19.928 19.928 19.928 19.928 19.928 19.753 19.753 -9999 -9999
-9999 -9999 20.1 20.1 20.1 20.1 20.1 19.928 -9999 -9999 -9999
-9999 -9999 20.268 20.268 20.268 20.268 20.268 20.1 20.1 -9999 -9999
-9999 -9999 20.434 20.434 20.434 20.434 20.434 20.268 20.268 20.1 -9999
-9999 -9999 20.598 20.598 20.598 20.598 20.598 20.434 20.434 20.268 -9999
-9999 -9999 20.76 20.76 20.76 20.76 20.76 20.598 20.598 20.434 -9999
-9999 -9999 20.921 20.921 20.921 20.921 20.921 20.76 20.76 20.598 -9999
-9999 -9999 19.986 21.065 21.065 21.065 21.065 20.921 20.921 20.76 -9999
-9999 -9999 20.129 20.129 20.129 20.129 20.129 19.986 19.986 19.841 -9999
-9999 -9999 20.27 20.27 20.27 20.27 20.27 20.129 20.129 19.986 -9999
-9999 -9999 18.735 18.735 20.408 20.408 20.408 20.27 20.27 -9999 -9999
-9999 -9999 17.57 17.57 18.87 18.87 18.87 18.735 -9999 -9999 -9999
-9999 -9999 17.703 17.703 17.703 17.703 17.703 17.57 -9999 -9999 -9999
-9999 -9999 17.834 17.834 17.834 17.834 17.834 17.703 17.703 -9999 -9999
-9999 -9999 17.964 17.964 17.964 17.964 17.964 17.834 17.834 17.703 -9999
-9999 -9999 18.091 18.091 18.091 18.091 18.091 17.964 17.964 17.834 17.834
-9999 -9999 15.849 18.217 18.217 18.217 18.217 18.091 18.091 17.964 17.964
-9999 -9999 14.369 15.973 15.973 18.341 18.341 18.217 18.217 18.091 18.091
-9999 -9999 14.491 14.491 14.491 16.095 16.095 15.973 15.973 15.849 -9999
-9999 -9999 14.612 14.612 14.612 14.612 14.612 14.491 14.491 -9999 -9999
-9999 -9999 14.731 14.731 14.731 14.731 14.731 14.612 14.612 -9999 -9999
-9999 -9999 15.668 15.668 19.094 25.631 25.631 25.517 25.517 -9999 -9999
-9999 -9999 19.673 26.21 26.21 26.21 26.21 25.631 -9999 -9999 -9999
-9999 -9999 26.781 26.781 26.781 26.781 26.781 26.21 -9999 -9999 -9999
-9999 -9999 27.345 27.345 27.345 27.345 27.345 26.781 -9999 -9999 -9999
-9999 -9999 27.902 27.902 27.902 27.902 27.902 27.345 -9999 -9999 -9999
-9999 -9999 28.452 28.452 28.452 28.452 28.452 27.902 -9999 -9999 -9999
-9999 -9999 28.996 28.996 28.996 28.996 28.996 28.452 -9999 -9999 -9999
-9999 -9999 29.536 29.536 29.536 29.536 29.536 28.996 -9999 -9999 -9999
-9999 -9999 30.612 30.612 30.612 30.074 30.074 29.536 -9999 -9999 -9999
-9999 -9999 30.613 30.613 30.613 30.613 30.613 30.613 30.074 -9999 -9999
-9999 -9999 30.613 30.613 30.613 30.613 30.613 30.613 30.613 30.613 -9999
-9999 -9999 30.613 30.613 30.613 30.613 30.613 30.613 30.613 30.613 -9999
-9999 -9999 30.613 30.613 30.613 30.613 30.613 30.613 30.613 30.613 -9999
-9999 -9999 30.613 30.613 30.613 -9999 -9999 -9999 -9999 -9999 -9999
-9999 -9999 30.613 30.613 30.613 -9999 -9999 -9999 -9999 -9999 -9999
-9999 -9999 30.613 30.613 30.613 -9999 -9999 -9999 -9999 -9999 -9999
-9999 -9999 30.613 30.613 30.613 -9999 -9999 -9999 -9999 -9999 -9999
-9999 -9999 30.613 30.613 30.613 -9999 -9999 -9999 -9999 -9999 -9999
-9999 -9999 30.613 30.613 30.613 -9999 -9999 -9999 -9999 -9999 -9999
-9999 -9999 30.613 30.613 -9999 -9999 -9999 -9999 -9999 -9999 -9999
30.613 30.613 30.613 30.613 -9999 -9999 -9999 -9999 -9999 -9999 -9999
30.613 30.613 30.613 30.613 -9999 -9999 -9999 -9999 -9999 -9999 -9999
