outputs_txt/Phd_CSDMS_100k_ky_05_03_2024/Basin_17_RLF_1000.txt
ncols         12
nrows         48
xllcorner     17200.000000
yllcorner     0.000000
cellsize      200
NODATA_value  -9999
-9999 16.839 16.839 16.839 17.462 17.462 14.034 11.736 11.515 11.515 11.515 11.515
-9999 17.167 17.167 17.167 17.799 17.799 14.372 12.074 11.853 11.853 11.853 11.853
-9999 17.481 17.481 17.481 18.111 18.111 14.683 12.385 12.164 12.164 12.164 12.164
16.489 17.776 17.776 17.776 18.402 18.402 14.974 12.676 12.456 12.456 12.456 12.456
-9999 18.056 18.056 18.056 18.682 18.682 15.254 12.956 12.735 12.735 12.735 12.735
-9999 -9999 12.38 12.38 13.008 13.008 11.298 9.5769 9.5769 9.5769 9.5769 8.2487
-9999 -9999 12.42 12.42 13.055 11.666 11.561 8.5117 8.5117 8.5117 8.5117 8.5117
-9999 -9999 12.669 12.669 13.312 11.923 11.817 8.7682 8.7682 8.7682 8.7682 8.7682
-9999 -9999 11.744 11.961 12.175 12.175 12.07 8.7488 8.7488 8.7488 8.7488 8.7488
-9999 -9999 11.639 11.856 12.223 12.223 12.223 8.9014 8.9014 8.9014 8.9014 8.9014
-9999 11.288 11.508 11.725 12.244 12.244 11.662 9.0536 9.0536 9.0536 9.0536 9.0536
-9999 11.288 11.508 11.725 12.392 12.392 11.014 9.202 9.202 9.202 9.202 9.202
-9999 11.288 11.508 11.725 12.538 12.538 10.446 7.9737 6.8002 6.5226 6.5226 6.5226
-9999 -9999 11.508 11.725 12.682 12.682 9.9453 8.1179 6.9444 6.55 5.8607 5.8607
-9999 -9999 -9999 11.725 12.822 12.822 8.2584 8.2584 7.0849 6.6904 4.8545 4.8545
-9999 -9999 -9999 10.493 10.822 10.822 8.3971 8.3971 7.2236 6.8292 4.9933 4.9933
-9999 9.814 10.161 10.493 10.948 10.948 8.5234 8.5234 7.3499 6.9554 5.1195 5.1195
-9999 9.814 10.161 10.493 11.073 11.073 8.6484 8.6484 7.4749 7.0805 5.2446 5.2446
-9999 9.814 10.161 10.493 11.197 11.197 10.945 8.9968 7.5987 7.2043 5.3678 5.3678
9.4515 9.814 10.161 10.493 11.317 11.317 11.065 9.1174 7.5331 7.0847 5.4885 5.4885
9.4515 9.814 10.161 10.611 11.436 11.436 11.184 9.2358 7.6515 6.9017 5.6069 5.6069
-9999 9.562 9.9087 10.359 11.301 11.301 11.301 9.3527 7.7684 5.907 5.7238 5.7238
-9999 -9999 10.418 10.925 11.416 11.416 11.416 9.468 7.8837 5.8391 5.8391 5.8391
-9999 -9999 10.418 10.925 11.527 11.527 11.527 9.5791 7.9948 5.9502 5.9502 5.9502
-9999 -9999 10.418 10.925 11.638 11.638 11.638 9.6895 8.1052 6.0606 6.0606 6.0606
-9999 -9999 10.418 10.925 11.746 11.746 11.746 9.7979 8.2136 6.169 6.169 6.169
-9999 10.294 10.856 11.363 11.854 11.854 11.854 9.9059 5.9209 5.0164 5.0164 5.0164
-9999 -9999 11.026 11.532 12.129 12.129 11.653 7.0812 5.1564 5.1215 5.1215 5.1215
-9999 -9999 11.026 11.532 12.232 12.232 11.482 7.0092 5.2595 5.2247 5.2247 5.2247
-9999 -9999 11.026 11.532 12.334 12.334 11.458 6.9447 5.3617 4.8208 4.8208 4.8208
-9999 10.463 11.026 11.603 12.435 12.435 11.559 7.0453 5.4613 4.9214 4.9214 4.9214
-9999 10.463 11.026 11.7 12.534 12.534 11.658 7.1446 5.5605 5.0207 5.0207 5.0207
-9999 -9999 11.026 11.7 12.632 12.632 11.756 8.0495 5.225 5.1186 5.1186 5.1186
-9999 -9999 11.709 12.233 12.729 12.729 11.853 8.1469 5.3224 5.216 5.216 5.216
-9999 -9999 23.42 23.945 24.535 24.535 24.535 24.535 22.927 17.499 15.52 15.52
-9999 -9999 23.42 23.945 25.01 25.01 25.01 25.01 23.403 22.874 17.933 17.933
-9999 23.915 24.527 25.052 26.586 26.586 26.586 26.586 26.586 26.586 22.856 22.856
-9999 23.915 24.527 25.052 27.052 27.052 27.052 27.052 27.052 27.052 23.322 23.322
-9999 -9999 24.527 25.052 27.515 27.515 27.515 27.515 27.515 27.515 23.784 23.784
-9999 -9999 -9999 -9999 -9999 27.974 27.974 27.974 27.974 27.974 24.244 24.244
-9999 -9999 -9999 -9999 -9999 28.431 28.431 28.431 28.431 28.431 24.701 24.701
-9999 -9999 -9999 -9999 -9999 -9999 28.885 28.885 28.885 28.885 25.154 25.154
-9999 -9999 -9999 -9999 -9999 -9999 29.339 29.339 29.339 29.339 25.608 -9999
-9999 -9999 -9999 -9999 -9999 -9999 29.792 29.792 29.792 29.792 26.062 -9999
-9999 -9999 -9999 -9999 -9999 -9999 29.792 29.792 29.792 29.792 26.062 -9999
-9999 -9999 -9999 -9999 -9999 -9999 -9999 25.62 25.62 25.62 25.62 -9999
-9999 -9999 -9999 -9999 -9999 -9999 -9999 19.353 19.353 19.353 19.353 -9999
-9999 -9999 -9999 -9999 -9999 -9999 -9999 18.892 18.892 18.892 18.892 -9999
