outputs_txt/Phd_CSDMS_100k_ky_05_03_2024/Basin_10_RLF_2500.txt
ncols         10
nrows         48
xllcorner     10200.000000
yllcorner     0.000000
cellsize      200
NODATA_value  -9999
-9999 18.02 18.02 18.02 18.02 18.02 18.02 18.02 18.02 17.827
-9999 18.207 18.207 18.207 18.207 18.207 18.207 18.207 18.207 18.02
-9999 18.388 18.388 18.388 18.388 18.388 18.388 18.388 18.388 18.207
-9999 18.563 18.563 18.563 18.563 18.563 18.563 18.563 18.563 -9999
-9999 18.733 18.733 18.733 18.733 18.733 18.733 18.733 18.733 18.563
-9999 18.898 18.898 18.898 18.898 18.898 18.898 18.898 18.898 -9999
-9999 19.059 19.059 19.059 19.059 19.059 19.059 19.059 19.059 -9999
-9999 19.216 19.216 19.216 19.216 19.216 19.216 19.216 19.216 -9999
-9999 19.37 19.37 19.37 19.37 19.37 19.37 19.37 19.37 -9999
-9999 19.521 19.521 19.521 19.521 19.521 19.521 19.521 19.521 -9999
-9999 19.669 19.669 19.669 19.669 19.669 19.669 19.669 -9999 -9999
-9999 19.815 19.815 19.815 19.815 19.815 19.815 19.815 19.815 -9999
-9999 18.945 18.945 19.958 19.958 19.958 19.958 19.958 19.958 -9999
-9999 19.085 19.085 19.085 19.085 20.098 20.098 20.098 20.098 -9999
-9999 18.589 18.589 18.589 18.589 18.589 18.589 18.589 18.589 -9999
-9999 16.387 16.387 18.725 18.725 18.725 18.725 18.725 18.725 -9999
-9999 15.695 16.521 16.521 16.521 18.858 18.858 18.858 18.858 -9999
-9999 15.063 15.826 15.826 16.652 16.652 16.652 16.652 16.652 -9999
-9999 14.503 15.192 15.192 15.955 15.955 15.955 15.955 -9999 -9999
-9999 13.997 14.63 14.63 15.32 15.32 15.32 15.32 -9999 -9999
-9999 13.135 14.249 14.249 14.881 14.881 14.881 14.881 -9999 -9999
-9999 13.258 13.258 13.258 14.371 14.371 14.371 14.371 -9999 -9999
-9999 12.876 13.379 13.379 13.379 13.379 13.379 13.379 -9999 -9999
-9999 12.532 12.995 12.995 13.498 13.498 13.498 13.498 -9999 -9999
-9999 12.217 12.649 12.649 13.113 13.113 13.113 13.113 -9999 -9999
-9999 11.929 12.333 12.333 12.766 12.766 12.766 12.766 -9999 -9999
-9999 19.855 19.855 23.462 23.462 23.462 23.462 23.462 -9999 -9999
-9999 24.031 24.031 24.031 24.031 24.031 24.031 24.031 23.462 -9999
-9999 24.592 24.592 24.592 24.592 24.592 24.592 24.592 24.031 -9999
-9999 25.149 25.149 25.149 25.149 25.149 25.149 25.149 24.592 -9999
-9999 25.7 25.7 25.7 25.7 25.7 25.7 25.7 25.149 -9999
26.247 26.247 26.247 26.247 26.247 26.247 26.247 26.247 25.7 -9999
26.788 26.788 26.788 26.788 26.788 26.788 26.788 26.788 26.247 -9999
27.327 27.327 27.327 27.327 27.327 27.327 27.327 27.327 26.788 -9999
-9999 27.865 27.865 27.865 27.865 27.865 27.865 27.865 27.327 -9999
-9999 28.402 28.402 28.402 28.402 28.402 28.402 28.402 27.865 -9999
28.402 28.402 28.402 28.402 28.402 28.402 28.402 28.402 28.402 -9999
28.402 28.402 28.402 28.402 28.402 28.402 28.402 28.402 28.402 -9999
28.402 28.402 28.402 28.402 28.402 28.402 28.402 28.402 28.402 -9999
-9999 28.402 28.402 28.402 28.402 28.402 28.402 -9999 -9999 -9999
-9999 28.402 28.402 28.402 28.402 28.402 28.402 -9999 -9999 -9999
-9999 28.402 28.402 28.402 28.402 28.402 28.402 -9999 -9999 -9999
-9999 28.402 28.402 28.402 28.402 28.402 28.402 -9999 -9999 -9999
-9999 28.402 28.402 28.402 28.402 28.402 28.402 -9999 -9999 -9999
-9999 -9999 28.402 28.402 28.402 28.402 -9999 -9999 -9999 -9999
-9999 -9999 28.402 28.402 28.402 -9999 -9999 -9999 -9999 -9999
-9999 -9999 -9999 28.402 -9999 -9999 -9999 -9999 -9999 -9999
-9999 -9999 -9999 28.402 -9999 -9999 -9999 -9999 -9999 -9999
