outputs_txt/Phd_CSDMS_100k_ky_05_03_2024/Basin_17_RLF_2500.txt
ncols         12
nrows         48
xllcorner     17200.000000
yllcorner     0.000000
cellsize      200
NODATA_value  -9999
-9999 19.214 19.471 19.509 19.723 19.723 19.723 19.723 19.723 19.723 19.723 19.723
-9999 19.509 19.723 19.723 19.876 19.876 19.876 19.876 19.876 19.876 19.876 19.876
-9999 19.723 19.876 19.876 20.028 20.028 20.028 20.028 20.028 20.028 20.028 20.028
19.876 19.876 20.028 20.028 20.177 20.177 20.177 20.177 20.177 20.177 20.177 20.177
-9999 20.028 20.177 20.177 20.322 20.322 20.322 20.322 20.322 20.322 20.322 20.322
-9999 -9999 20.322 20.322 20.466 20.466 20.466 20.466 20.466 20.466 20.466 20.466
-9999 -9999 20.466 20.466 20.607 20.607 20.607 20.607 20.607 20.607 20.607 20.607
-9999 -9999 20.607 20.607 20.745 20.745 20.745 20.745 20.745 20.745 20.745 20.745
-9999 -9999 20.745 20.745 20.872 20.872 20.872 20.872 20.872 20.872 20.872 20.872
-9999 -9999 20.872 20.872 20.997 20.997 20.997 20.997 20.997 20.997 20.997 17.569
-9999 20.872 20.997 20.997 21.121 21.121 21.121 21.121 21.121 21.121 17.693 15.395
-9999 20.997 21.121 21.121 21.241 21.241 21.241 21.241 17.814 15.516 15.295 15.295
-9999 21.121 21.241 21.241 21.36 21.36 17.932 15.634 15.413 15.413 15.413 15.413
-9999 -9999 15.416 15.416 15.533 15.533 15.318 15.318 15.318 13.928 13.928 13.823
-9999 -9999 -9999 15.318 15.433 15.433 15.433 14.044 14.044 14.044 13.939 13.939
-9999 -9999 -9999 15.433 15.544 14.155 14.155 14.155 14.05 14.05 14.05 13.918
-9999 14.044 14.155 14.155 14.265 14.265 14.16 14.16 14.16 14.029 14.029 14.029
-9999 14.05 14.16 14.16 14.268 14.268 14.268 14.137 14.137 14.137 14.137 14.137
-9999 14.029 14.137 14.137 14.245 14.245 14.245 14.245 14.245 14.245 14.245 14.245
14.137 14.137 14.245 14.245 14.35 14.35 14.35 14.35 14.35 14.35 14.35 12.211
14.245 14.245 14.35 14.35 14.454 14.454 14.454 14.454 14.454 14.454 12.314 12.314
-9999 14.35 14.454 14.454 14.556 14.556 14.556 14.556 12.416 12.416 12.416 12.416
-9999 -9999 14.556 14.556 14.656 14.656 12.517 12.517 12.517 12.517 12.517 12.517
-9999 -9999 12.517 12.517 12.616 12.616 12.616 12.616 12.616 12.616 12.616 12.616
-9999 -9999 12.616 12.616 12.714 12.714 12.714 12.714 12.714 12.714 12.714 12.714
-9999 -9999 12.714 12.714 12.812 12.812 12.812 12.812 12.812 12.812 12.812 12.729
-9999 24.344 24.441 24.441 24.535 24.535 24.535 24.535 22.927 17.499 15.52 15.52
-9999 -9999 24.535 24.535 25.01 25.01 25.01 25.01 25.01 25.01 23.403 17.975
-9999 -9999 26.117 26.117 26.586 26.586 26.586 26.586 26.586 26.586 25.479 25.479
-9999 -9999 26.586 26.586 27.052 27.052 27.052 27.052 27.052 27.052 27.052 27.052
-9999 26.586 27.052 27.052 27.515 27.515 27.515 27.515 27.515 27.515 27.515 27.515
-9999 27.052 27.515 27.515 27.974 27.974 27.974 27.974 27.974 27.974 27.974 27.974
-9999 -9999 27.974 27.974 28.431 28.431 28.431 28.431 28.431 28.431 28.431 28.431
-9999 -9999 28.431 28.431 28.885 28.885 28.885 28.885 28.885 28.885 28.885 28.885
-9999 -9999 28.885 28.885 29.339 29.339 29.339 29.339 29.339 29.339 29.339 29.339
-9999 -9999 29.339 29.792 29.792 29.792 29.792 29.792 29.792 29.792 29.792 29.792
-9999 29.792 29.792 29.792 29.792 29.792 29.792 29.792 29.792 29.792 29.792 29.792
-9999 29.792 29.792 29.792 29.792 29.792 29.792 29.792 29.792 29.792 29.792 29.792
-9999 -9999 29.792 29.792 29.792 29.792 29.792 29.792 29.792 29.792 29.792 29.792
-9999 -9999 -9999 -9999 -9999 29.792 29.792 29.792 29.792 29.792 29.792 29.792
-9999 -9999 -9999 -9999 -9999 29.792 29.792 29.792 29.792 29.792 29.792 29.792
-9999 -9999 -9999 -9999 -9999 -9999 29.792 29.792 29.792 29.792 29.792 29.792
-9999 -9999 -9999 -9999 -9999 -9999 29.792 29.792 29.792 29.792 29.792 -9999
-9999 -9999 -9999 -9999 -9999 -9999 29.792 29.792 29.792 29.792 29.792 -9999
-9999 -9999 -9999 -9999 -9999 -9999 29.792 29.792 29.792 29.792 29.792 -9999
-9999 -9999 -9999 -9999 -9999 -9999 -9999 29.792 29.792 29.792 29.792 -9999
-9999 -9999 -9999 -9999 -9999 -9999 -9999 29.792 29.792 29.792 29.792 -9999
-9999 -9999 -9999 -9999 -9999 -9999 -9999 29.792 29.792 29.792 29.792 -9999
