outputs_txt/Phd_CSDMS_100k_ky_05_03_2024/Basin_4_DEM.txt
ncols         14
nrows         48
xllcorner     1600.000000
yllcorner     0.000000
cellsize      200
NODATA_value  -9999
24.707 19.009 18.049 16.279 14.991 14.011 14.872 11.231 13.77 19.732 20.296 28.648 -32768 -32768
23.201 15.78 13.906 12.759 11.972 11.381 10.9 10.468 12.573 17.739 15.641 22.735 -32768 -32768
28.756 23.201 20.38 18.417 16.948 15.797 13.479 10.126 13.476 15.128 13.284 19.175 -32768 -32768
-32768 28.142 22.317 18.839 16.49 14.81 12.946 9.8 10.381 11.028 11.898 16.77 -32768 -32768
-32768 19.924 15.388 13.108 11.76 10.852 10.151 9.5247 12.518 15.123 16.763 -32768 -32768 -32768
-32768 22.138 18.283 16.05 14.541 13.431 12.149 9.2776 10.578 12.813 18.016 -32768 -32768 -32768
22.02 14.991 12.658 11.456 10.666 10.056 9.5353 9.0392 10.312 12.437 17.392 -32768 -32768 -32768
-32768 22.138 18.294 16.054 14.542 13.429 11.525 8.8297 9.8875 11.359 13.984 19.794 -32768 -32768
-32768 -32768 22.153 15.598 12.457 10.712 9.5543 8.6261 9.6764 11.106 13.612 19.22 -32768 -32768
-32768 -32768 21.501 15.161 12.161 10.487 9.3549 8.4324 11.003 13.182 13.634 19.29 -32768 -32768
-32768 -32768 16.814 13.301 11.32 10.048 9.0807 8.2441 9.0167 9.8834 11.114 15.296 -32768 -32768
-32768 -32768 20.18 15.951 13.712 12.265 10.541 8.0667 9.0996 10.434 12.661 17.696 -32768 -32768
-32768 -32768 14.224 11.5 10.192 9.3002 8.5713 7.8927 8.9227 10.237 12.394 17.274 -32768 -32768
-32768 -32768 19.369 13.769 11.201 9.7169 8.6412 7.7273 8.7548 10.051 12.145 16.869 -32768 -32768
-32768 -32768 15.171 14.612 14.19 10.472 8.7653 7.5671 8.5924 9.8731 11.909 16.494 -32768 -32768
-32768 15.162 11.044 10.736 11.179 10.583 9.7536 7.4108 8.1314 9.3778 11.275 15.484 -32768 -32768
15.904 11.502 9.6348 9.0377 8.543 8.0873 7.6626 7.2553 7.1104 8.2997 9.9383 13.391 -32768 -32768
18.025 12.797 10.547 10.735 11.18 10.584 10.057 9.2449 6.9686 8.1548 9.7736 13.141 -32768 -32768
-32768 17.188 12.238 14.611 14.896 10.907 9.0804 7.8484 6.8282 8.0126 9.6151 12.907 -32768 -32768
-32768 -32768 17.198 16.727 12.068 9.9562 8.6368 7.5998 6.6907 7.8737 9.4633 12.683 -32768 -32768
-32768 -32768 -32768 16.418 11.864 9.803 8.4986 7.4646 6.5559 8.0263 10.638 11.269 15.491 -32768
-32768 -32768 -32768 16.122 11.676 9.6553 8.3633 7.3317 6.4235 7.6246 10.135 9.3602 12.503 -32768
-32768 -32768 -32768 16.998 13.179 9.782 8.1516 7.1227 6.2928 6.164 8.3606 8.2809 10.924 -32768
-32768 -32768 16.994 12.124 12.919 11.974 10.762 9.4546 8.2159 6.0361 8.2166 7.4442 8.9724 11.953
-32768 17.833 12.682 10.431 9.6767 9.0647 8.5131 9.8214 7.3661 5.9089 7.8061 6.7668 8.2506 10.96
-32768 21.483 15.141 12.119 12.913 10.5 7.9853 9.6714 7.2394 5.7825 5.657 6.1806 7.6453 10.18
-32768 16.075 13.472 13.296 12.016 9.0176 7.4908 9.8852 9.3675 6.9845 5.5354 6.7087 8.2122 10.959
16.065 11.575 9.9861 9.8732 10.084 9.3619 7.0464 9.3606 9.231 6.8639 5.4151 6.5883 8.0871 10.799
14.702 10.755 8.9929 8.2607 7.6459 8.881 6.6305 8.133 9.0888 6.7442 5.2961 6.4688 7.9624 10.639
14.976 10.924 9.0826 7.8512 7.0809 6.647 6.2313 5.9468 8.1315 7.3029 5.1783 6.3505 7.8393 10.483
19.064 14.944 10.913 9.0804 9.3999 8.9034 7.8313 5.6701 7.8308 7.1804 5.0614 6.2332 7.7176 10.329
18.077 13.51 9.7875 8.0228 8.6139 8.1139 7.543 5.4009 7.0376 6.8159 4.9455 6.1169 7.5973 10.179
14.352 10.035 8.0428 6.7806 6.3057 5.8869 5.5015 5.1366 4.9254 4.7161 4.8304 6.0021 7.48 10.037
16.213 11.669 8.815 7.3897 7.523 7.3687 6.9644 7.2647 6.7102 4.6162 5.6277 6.8057 8.3372 11.175
16.535 15.213 10.423 8.1753 9.2682 9.9249 9.3899 8.1989 5.9568 4.5169 5.5288 6.7065 8.2329 11.041
-32768 17.562 12.951 9.3551 12.749 11.235 8.1715 6.6122 5.4308 4.4185 5.4302 6.6069 8.1273 10.903
-32768 -32768 16.766 11.939 12.946 9.9534 8.0445 6.9447 5.8359 4.3212 5.3325 6.5079 8.0215 10.763
-32768 -32768 15.172 11.054 8.1352 6.7607 5.9134 5.267 4.726 4.2245 4.9924 5.8247 6.8599 8.5215
-32768 -32768 31.608 24.475 18.714 23.632 22.418 16.472 12.129 4.1314 11.876 15.605 19.709 26.404
-32768 -32768 -32768 -32768 -32768 -32768 26.505 16.583 9.481 3.6593 9.4793 16.574 26.537 35.588
-32768 -32768 -32768 -32768 -32768 -32768 26.056 16.132 9.0103 3.1925 9.0103 16.132 26.092 -32768
-32768 -32768 -32768 -32768 -32768 -32768 -32768 19.812 9.8408 2.7299 9.8409 19.823 -32768 -32768
-32768 -32768 -32768 -32768 -32768 -32768 -32768 19.367 9.3806 2.2693 9.3806 19.361 -32768 -32768
-32768 -32768 -32768 -32768 -32768 -32768 -32768 18.893 8.9174 1.8116 8.9173 18.877 -32768 -32768
-32768 -32768 -32768 -32768 -32768 -32768 -32768 18.436 8.4695 1.3567 8.4694 18.404 -32768 -32768
-32768 -32768 -32768 -32768 -32768 -32768 -32768 -32768 10.871 0.90497 10.871 -32768 -32768 -32768
-32768 -32768 -32768 -32768 -32768 -32768 -32768 -32768 -32768 0.45299 -32768 -32768 -32768 -32768
-32768 -32768 -32768 -32768 -32768 -32768 -32768 -32768 -32768 0.00098872 -32768 -32768 -32768 -32768
