outputs_txt/Phd_CSDMS_100k_ky_05_03_2024/Basin_9_RLF_2500.txt
ncols         6
nrows         48
xllcorner     9200.000000
yllcorner     0.000000
cellsize      200
NODATA_value  -9999
-9999 -9999 -9999 21.829 21.829 21.829
-9999 -9999 -9999 22.078 22.078 22.078
-9999 -9999 22.319 22.319 22.319 22.319
-9999 -9999 22.548 22.548 22.548 22.548
-9999 22.768 22.768 22.768 22.768 22.768
-9999 22.98 22.98 22.98 22.98 22.98
-9999 23.188 23.188 23.188 23.188 23.188
-9999 23.387 23.387 23.387 23.387 23.387
23.581 23.581 23.581 23.581 23.581 23.581
23.769 23.769 23.769 23.769 23.769 23.769
-9999 23.953 23.953 23.953 23.953 23.953
-9999 24.132 24.132 24.132 24.132 24.132
24.303 24.308 24.308 24.308 24.308 24.308
21.139 21.139 21.139 21.139 21.139 21.139
21.306 21.306 21.306 21.306 21.306 21.306
15.77 15.77 15.77 15.77 15.77 15.77
15.931 15.931 15.931 15.931 15.931 15.931
14.244 14.244 14.244 14.244 14.244 14.244
14.237 14.399 14.399 14.399 14.399 14.399
14.389 14.389 14.389 14.389 14.389 14.389
14.538 14.538 14.538 14.538 14.538 14.538
14.685 14.685 14.685 14.685 14.685 14.685
12.754 14.83 14.83 14.83 14.83 14.83
12.896 12.896 12.896 12.896 12.896 12.896
13.037 13.037 13.037 13.037 13.037 13.037
11.134 13.175 13.175 13.175 13.175 13.175
15.414 15.414 15.414 15.414 15.414 12.623
17.04 22.744 22.744 22.744 22.744 22.744
23.415 23.415 23.415 23.415 23.415 23.415
24.077 24.077 24.077 24.077 24.077 24.077
24.731 24.731 24.731 24.731 24.731 24.731
25.378 25.378 25.378 25.378 25.378 -9999
26.02 26.02 26.02 26.02 26.02 -9999
26.657 26.657 26.657 26.657 26.657 -9999
27.293 27.293 27.293 27.293 27.293 27.293
27.929 27.929 27.929 27.929 27.929 27.929
27.929 27.929 27.929 27.929 27.929 -9999
27.929 27.929 27.929 27.929 27.929 -9999
27.929 27.929 27.929 27.929 27.929 -9999
27.929 27.929 27.929 27.929 27.929 27.929
27.929 27.929 27.929 27.929 27.929 27.929
27.929 27.929 27.929 27.929 27.929 27.929
27.929 27.929 27.929 27.929 27.929 -9999
27.929 27.929 27.929 27.929 27.929 -9999
27.929 27.929 27.929 27.929 -9999 -9999
-9999 27.929 27.929 27.929 -9999 -9999
-9999 27.929 27.929 -9999 -9999 -9999
-9999 27.929 27.929 -9999 -9999 -9999
