outputs_txt/Phd_CSDMS_100k_ky_05_03_2024/Basin_1_RLF_1000.txt
ncols         11
nrows         48
xllcorner     0.000000
yllcorner     0.000000
cellsize      200
NODATA_value  -9999
-9999 -9999 12.199 15.566 15.566 15.566 15.566 15.566 -9999 -9999 -9999
-9999 -9999 12.638 16.005 16.005 16.005 16.005 16.005 -9999 -9999 -9999
-9999 -9999 13.019 16.386 16.386 16.386 16.386 16.386 -9999 -9999 -9999
-9999 -9999 13.438 16.805 16.805 16.805 16.805 16.735 16.735 -9999 -9999
-9999 -9999 13.841 17.208 17.208 17.208 17.208 17.061 17.061 -9999 -9999
-9999 -9999 12.234 13.456 16.506 16.506 16.506 16.295 16.295 -9999 -9999
-9999 -9999 10.322 10.633 16.865 16.865 16.865 16.574 -9999 -9999 -9999
-9999 -9999 8.9404 9.4368 17.209 17.209 17.209 16.843 16.843 -9999 -9999
-9999 -9999 7.9197 8.6406 15.867 15.867 15.867 15.431 15.431 15.431 -9999
-9999 -9999 7.1565 8.9651 14.783 14.891 14.891 14.849 14.619 14.388 -9999
-9999 -9999 6.5779 9.2827 13.197 15.208 15.208 15.076 14.619 14.388 -9999
-9999 -9999 6.1956 9.5946 13.509 15.52 15.52 15.301 14.619 14.388 -9999
-9999 -9999 5.8447 10.76 10.76 15.699 15.699 15.301 14.619 14.388 -9999
-9999 -9999 8.311 10.935 10.935 15.874 15.874 15.301 14.619 14.388 -9999
-9999 -9999 8.4827 11.107 11.107 16.046 16.046 15.301 14.619 14.388 -9999
-9999 -9999 8.6513 11.275 11.275 13.846 13.846 12.933 12.251 -9999 -9999
-9999 -9999 8.8173 11.442 11.442 11.442 12.409 11.33 -9999 -9999 -9999
-9999 -9999 8.9808 11.605 11.605 11.605 12.573 11.33 -9999 -9999 -9999
-9999 -9999 9.143 11.767 11.767 11.767 12.735 11.411 11.411 -9999 -9999
-9999 -9999 9.3039 11.928 11.928 11.928 12.896 12.553 12.206 11.839 -9999
-9999 -9999 9.4483 12.073 12.073 12.073 13.04 12.553 12.206 11.839 11.048
-9999 -9999 9.592 11.126 11.126 11.93 13.184 12.553 12.206 11.839 11.048
-9999 -9999 9.3994 9.3994 11.26 12.07 13.325 12.553 12.206 11.839 11.048
-9999 -9999 8.604 8.825 11.252 12.208 13.463 12.553 12.206 11.839 -9999
-9999 -9999 7.2963 8.9609 11.388 11.388 13.599 12.854 12.206 -9999 -9999
-9999 -9999 5.9288 10.81 11.521 11.521 12.091 11.214 10.566 -9999 -9999
-9999 -9999 6.0605 10.942 11.652 11.652 11.652 10.794 9.9949 -9999 -9999
-9999 -9999 6.19 11.072 11.782 11.782 11.782 10.923 -9999 -9999 -9999
-9999 -9999 6.4265 11.199 11.909 11.909 11.909 10.963 -9999 -9999 -9999
-9999 -9999 6.552 11.325 12.035 12.035 12.035 11.095 -9999 -9999 -9999
-9999 -9999 6.6759 11.448 11.845 11.845 11.845 10.982 -9999 -9999 -9999
-9999 -9999 6.7978 11.57 11.57 11.57 11.57 10.721 -9999 -9999 -9999
-9999 -9999 6.918 11.69 11.69 11.69 11.69 10.721 -9999 -9999 -9999
-9999 -9999 7.0375 11.81 11.81 11.81 11.81 11.332 -9999 -9999 -9999
-9999 -9999 15.668 15.668 19.094 25.631 25.631 25.039 -9999 -9999 -9999
-9999 -9999 17.212 17.212 19.673 26.21 26.21 25.039 24.542 -9999 -9999
-9999 -9999 17.783 17.783 20.244 26.781 26.781 25.039 24.542 23.97 -9999
-9999 -9999 18.347 18.347 20.808 27.345 27.345 25.039 24.542 23.97 -9999
-9999 -9999 18.903 18.903 21.364 27.902 27.902 25.039 24.542 23.97 -9999
-9999 -9999 19.453 19.453 21.914 -9999 -9999 -9999 -9999 -9999 -9999
-9999 -9999 19.998 19.998 22.459 -9999 -9999 -9999 -9999 -9999 -9999
-9999 -9999 20.537 20.537 22.998 -9999 -9999 -9999 -9999 -9999 -9999
-9999 -9999 21.614 21.614 24.075 -9999 -9999 -9999 -9999 -9999 -9999
-9999 -9999 21.614 21.614 21.614 -9999 -9999 -9999 -9999 -9999 -9999
-9999 -9999 21.023 21.023 21.023 -9999 -9999 -9999 -9999 -9999 -9999
-9999 -9999 20.433 20.433 -9999 -9999 -9999 -9999 -9999 -9999 -9999
19.847 19.847 19.847 19.847 -9999 -9999 -9999 -9999 -9999 -9999 -9999
19.266 19.266 19.266 19.266 -9999 -9999 -9999 -9999 -9999 -9999 -9999
