outputs_txt/Phd_CSDMS_100k_ky_05_03_2024/Basin_9_RLF_1000.txt
ncols         6
nrows         48
xllcorner     9200.000000
yllcorner     0.000000
cellsize      200
NODATA_value  -9999
-9999 -9999 -9999 17.271 17.271 17.271
-9999 -9999 -9999 18.84 18.84 18.84
-9999 -9999 19.405 19.405 19.405 19.405
-9999 -9999 20.009 20.009 20.009 20.009
-9999 20.687 20.687 20.687 20.687 20.687
-9999 17.657 17.657 17.657 17.657 17.657
-9999 17.948 17.948 17.948 17.948 17.948
-9999 12.528 12.528 12.528 12.528 12.528
12.79 12.79 12.79 12.79 12.79 12.79
9.6937 11.195 11.195 11.195 11.195 11.195
-9999 11.436 11.436 11.436 11.436 11.436
-9999 11.503 11.503 11.503 11.503 11.503
8.6187 11.723 11.723 11.723 11.723 11.723
8.1235 11.935 11.935 11.935 11.935 11.935
8.0529 12.143 12.143 12.143 12.143 12.143
6.8301 10.267 10.267 10.267 10.267 10.267
7.0238 10.461 10.461 10.461 10.461 10.461
7.1104 10.649 10.649 10.649 10.649 10.649
6.52 8.7915 8.7915 8.7915 8.7915 8.7915
6.318 8.9704 8.9704 8.9704 8.9704 8.9704
6.1634 9.1468 9.1468 9.1468 9.1468 9.1468
6.3342 9.3176 9.3176 9.3176 9.3176 9.3176
5.8403 7.5673 7.5673 7.5673 7.5673 7.5673
5.715 7.731 7.731 7.731 7.731 7.731
5.6022 7.6288 7.6288 7.6288 7.6288 7.6288
5.5005 7.7862 7.7862 7.7862 7.7862 7.7862
5.4103 7.9406 7.9406 7.9406 7.9406 7.9406
5.3222 8.0922 8.0922 8.0922 8.0922 8.0922
5.2459 6.7262 6.7262 6.7262 6.7262 6.7262
5.1764 6.8732 6.8732 6.8732 6.8732 6.8732
5.1126 6.7752 6.7752 6.7752 6.7752 6.7752
5.0539 6.681 6.681 6.681 6.681 -9999
4.9998 6.5941 6.5941 6.5941 6.5941 -9999
4.9498 6.514 6.514 6.514 6.514 -9999
15.414 15.414 15.414 15.414 15.414 12.623
17.04 22.744 22.744 22.744 22.744 22.744
17.71 23.415 23.415 23.415 23.415 -9999
18.372 24.077 24.077 24.077 24.077 -9999
19.026 24.731 24.731 24.731 24.731 -9999
19.674 25.378 25.378 25.378 25.378 25.378
20.315 26.02 26.02 26.02 26.02 26.02
20.953 26.657 26.657 26.657 26.657 26.657
21.589 27.293 27.293 27.293 27.293 -9999
22.224 27.929 27.929 27.929 27.929 -9999
21.557 27.265 27.265 27.265 -9999 -9999
-9999 26.641 26.641 26.641 -9999 -9999
-9999 20.243 20.243 -9999 -9999 -9999
-9999 19.597 19.597 -9999 -9999 -9999
