outputs_txt/Phd_CSDMS_100k_ky_05_03_2024/Basin_12_DEM.txt
ncols         12
nrows         48
xllcorner     11800.000000
yllcorner     0.000000
cellsize      200
NODATA_value  -9999
-32768 -32768 21.27 16.471 14.026 12.601 14.026 16.471 21.268 -32768 -32768 -32768
-32768 -32768 24.823 17.467 13.826 11.898 13.824 17.462 24.818 -32768 -32768 -32768
-32768 -32768 22.756 18.789 15.305 11.398 13.095 16.341 23.221 -32768 -32768 -32768
-32768 22.763 15.922 13.328 11.946 10.976 12.519 15.442 21.868 -32768 -32768 -32768
-32768 -32768 21.23 17.282 12.562 10.63 13.937 15.707 22.214 -32768 -32768 -32768
-32768 21.25 14.976 12.688 11.294 10.306 11.295 12.69 17.625 -32768 -32768 -32768
-32768 22.263 15.797 12.77 11.122 10.021 11.122 12.771 15.805 22.278 -32768 -32768
-32768 21.442 15.251 12.405 10.838 9.7594 11.047 13.235 18.333 -32768 -32768 -32768
-32768 21.953 15.436 14.902 11.16 9.5137 10.776 12.859 17.71 -32768 -32768 -32768
-32768 17.345 12.382 13.487 11.928 9.2781 10.328 11.772 14.321 19.991 -32768 -32768
18.701 13.284 10.964 10.219 9.6164 9.0512 10.093 11.491 13.917 -32768 -32768 -32768
-32768 18.554 13.252 12.61 10.657 8.8466 10.064 11.923 16.166 -32768 -32768 -32768
-32768 18.274 13.24 11.013 9.6778 8.6467 9.8564 11.665 15.748 -32768 -32768 -32768
-32768 17.795 12.94 10.792 9.4814 8.4541 9.6571 11.421 15.359 -32768 -32768 -32768
-32768 17.348 12.661 10.584 9.2928 8.268 9.293 10.584 12.665 17.348 -32768 -32768
-32768 16.932 12.401 10.386 9.1114 8.0884 9.1115 10.386 12.403 -32768 -32768 -32768
-32768 16.547 12.161 10.198 8.9365 7.9148 9.0969 10.671 13.605 -32768 -32768 -32768
-32768 15.025 14.049 10.579 8.9349 7.746 8.9339 10.576 14.039 -32768 -32768 -32768
15.017 11.18 12.711 11.87 9.8662 7.5809 8.743 10.19 12.58 -32768 -32768 -32768
12.795 9.7901 9.6978 9.1006 9.3273 7.4182 8.4376 9.6683 11.497 15.498 -32768 -32768
11.456 8.8545 8.1749 7.6102 7.1005 7.2578 8.1683 9.2056 10.526 12.639 17.294 -32768
13.848 10.455 10.57 9.1637 6.9506 7.8606 8.8909 10.177 12.175 16.556 -32768 -32768
14.346 10.743 9.0338 7.8239 6.8031 7.635 8.551 9.6124 11.013 13.319 18.328 -32768
14.09 10.572 8.8849 7.6801 6.6596 8.1247 10.617 9.6614 11.525 15.62 -32768 -32768
13.847 10.408 8.7411 7.5394 6.5184 8.7025 10.508 8.4227 9.6616 11.532 15.642 -32768
13.607 10.246 8.599 7.4003 6.3788 8.2597 8.0197 7.6504 8.8483 10.528 14.077 -32768
11.985 9.1522 7.93 7.0149 6.2407 6.105 6.5533 7.0357 8.224 9.8183 13.011 -32768
-32768 11.98 10.338 9.2541 8.1231 5.9757 8.0184 8.2211 9.7999 12.93 -32768 -32768
-32768 12.774 9.6572 8.0655 6.8718 5.8468 6.8716 8.064 9.6541 12.774 -32768 -32768
-32768 12.578 9.516 7.9366 6.745 5.7204 6.6412 7.6947 9.0395 11.316 15.182 -32768
-32768 12.393 9.3813 7.8121 6.6213 5.5964 6.5127 7.5895 9.0975 11.967 15.294 -32768
-32768 12.214 9.2496 7.6897 6.4997 5.4747 6.3435 7.391 8.872 11.515 14.38 16.893
-32768 12.039 9.1207 7.5695 6.3804 5.3553 6.2899 7.408 9.0096 11.867 14.625 -32768
-32768 11.873 8.9944 7.4512 6.2629 5.2379 6.1823 7.3204 8.954 11.81 14.366 -32768
-32768 11.709 8.8705 7.3348 6.1473 5.1224 6.0549 7.1795 8.7968 11.549 13.893 -32768
-32768 11.551 8.7493 7.2202 6.0334 5.0087 6.0421 7.2994 9.2763 12.601 13.666 14.916
-32768 11.655 8.6723 7.1102 5.9211 4.8966 6.2154 7.5559 9.4857 12.211 12.13 -32768
-32768 9.2254 7.465 6.4088 5.5647 4.7854 5.329 5.9546 6.7933 8.1631 10.15 -32768
-32768 21.426 24.209 19.121 13.415 4.6791 13.24 19.568 24.25 19.407 13.343 -32768
-32768 -32768 -32768 21.294 11.3 4.1398 11.299 21.293 -32768 -32768 -32768 -32768
-32768 -32768 -32768 20.741 10.757 3.6062 10.757 20.748 -32768 -32768 -32768 -32768
-32768 -32768 -32768 20.19 10.221 3.0774 10.221 20.205 -32768 -32768 -32768 -32768
-32768 -32768 -32768 19.644 9.689 2.5534 9.6891 19.666 -32768 -32768 -32768 -32768
-32768 -32768 -32768 19.104 9.1614 2.0345 9.1615 19.131 -32768 -32768 -32768 -32768
-32768 -32768 -32768 18.574 8.6506 1.5209 8.6507 18.606 -32768 -32768 -32768 -32768
-32768 -32768 -32768 -32768 10.991 1.0128 10.991 -32768 -32768 -32768 -32768 -32768
-32768 -32768 -32768 -32768 9.8693 0.50607 -32768 -32768 -32768 -32768 -32768 -32768
-32768 -32768 -32768 -32768 0.00095111 0.00013694 -32768 -32768 -32768 -32768 -32768 -32768
