outputs_txt/Phd_CSDMS_100k_ky_05_03_2024/Basin_4_RLF_5000.txt
ncols         14
nrows         48
xllcorner     1600.000000
yllcorner     0.000000
cellsize      200
NODATA_value  -9999
22.592 22.72 22.72 22.847 22.847 22.847 22.847 22.847 22.847 22.847 22.847 22.847 -9999 -9999
22.72 22.847 22.847 22.973 23.099 23.099 23.099 23.099 23.099 23.099 23.099 23.099 -9999 -9999
22.847 22.973 23.099 23.099 23.221 23.221 23.221 23.221 23.221 23.221 23.221 23.221 -9999 -9999
-9999 23.099 23.221 23.221 23.341 23.341 23.341 23.341 23.341 23.341 23.341 23.341 -9999 -9999
-9999 23.221 23.341 23.341 23.46 23.46 23.46 23.46 23.46 23.46 23.46 -9999 -9999 -9999
-9999 23.341 23.46 23.46 23.578 23.578 23.578 23.578 23.578 23.578 23.578 -9999 -9999 -9999
23.46 23.46 23.578 23.578 23.695 23.695 23.695 23.695 23.695 23.695 23.695 -9999 -9999 -9999
-9999 23.578 23.695 23.695 23.81 23.81 23.81 23.81 23.81 23.81 23.81 23.81 -9999 -9999
-9999 -9999 23.831 24.04 24.04 24.04 24.04 24.04 24.04 24.04 24.04 24.04 -9999 -9999
-9999 -9999 24.04 24.14 24.14 24.14 24.14 24.14 24.14 24.14 24.14 24.14 -9999 -9999
-9999 -9999 24.14 24.239 24.239 24.239 24.239 24.239 24.239 24.239 24.239 24.239 -9999 -9999
-9999 -9999 24.239 24.338 24.338 24.338 24.338 24.338 24.338 24.338 24.338 24.338 -9999 -9999
-9999 -9999 24.338 24.435 24.435 24.435 24.435 24.435 24.435 24.435 24.435 24.435 -9999 -9999
-9999 -9999 24.435 24.532 24.532 24.532 24.532 24.532 24.532 24.532 24.532 24.532 -9999 -9999
-9999 -9999 27.384 27.477 27.477 27.477 27.477 27.477 27.477 24.625 24.625 24.625 -9999 -9999
-9999 27.477 27.477 27.949 27.949 27.949 27.949 31.928 31.928 31.928 31.928 31.928 -9999 -9999
27.477 27.949 27.949 28.416 28.416 32.395 32.395 32.395 32.395 32.395 32.395 32.395 -9999 -9999
27.949 28.416 28.416 32.858 32.858 32.858 32.858 32.858 32.858 32.858 32.858 32.858 -9999 -9999
-9999 32.858 32.858 33.318 33.318 33.318 33.318 33.318 33.318 33.318 33.318 33.318 -9999 -9999
-9999 -9999 33.318 33.776 33.776 33.776 33.776 33.776 33.776 33.776 33.776 33.776 -9999 -9999
-9999 -9999 -9999 34.231 34.231 34.231 34.231 34.231 34.231 34.231 34.231 34.231 34.231 -9999
-9999 -9999 -9999 34.683 34.683 34.683 34.683 34.683 34.683 34.683 34.683 34.683 34.683 -9999
-9999 -9999 -9999 35.135 35.135 35.135 35.135 35.135 35.135 35.135 35.135 35.135 35.135 -9999
-9999 -9999 35.135 35.587 35.587 35.587 35.587 35.587 35.587 35.587 35.587 35.587 35.587 35.587
-9999 35.587 35.587 35.587 35.587 35.587 35.587 35.587 35.587 35.587 35.587 35.587 35.587 35.587
-9999 35.587 35.587 35.587 35.587 35.587 35.587 35.587 35.587 35.587 35.587 35.587 35.587 35.587
-9999 35.587 35.587 35.587 35.587 35.587 35.587 35.587 35.587 35.587 35.587 35.587 35.587 35.587
35.587 35.587 35.587 35.587 35.587 35.587 35.587 35.587 35.587 35.587 35.587 35.587 35.587 35.587
35.587 35.587 35.587 35.587 35.587 35.587 35.587 35.587 35.587 35.587 35.587 35.587 35.587 35.587
35.587 35.587 35.587 35.587 35.587 35.587 35.587 35.587 35.587 35.587 35.587 35.587 35.587 35.587
35.587 35.587 35.587 35.587 35.587 35.587 35.587 35.587 35.587 35.587 35.587 35.587 35.587 35.587
35.587 35.587 35.587 35.587 35.587 35.587 35.587 35.587 35.587 35.587 35.587 35.587 35.587 35.587
35.587 35.587 35.587 35.587 35.587 35.587 35.587 35.587 35.587 35.587 35.587 35.587 35.587 35.587
35.587 35.587 35.587 35.587 35.587 35.587 35.587 35.587 35.587 35.587 35.587 35.587 35.587 35.587
35.587 35.587 35.587 35.587 35.587 35.587 35.587 35.587 35.587 35.587 35.587 35.587 35.587 35.587
-9999 35.587 35.587 35.587 35.587 35.587 35.587 35.587 35.587 35.587 35.587 35.587 35.587 35.587
-9999 -9999 35.587 35.587 35.587 35.587 35.587 35.587 35.587 35.587 35.587 35.587 35.587 35.587
-9999 -9999 35.587 35.587 35.587 35.587 35.587 35.587 35.587 35.587 35.587 35.587 35.587 35.587
-9999 -9999 35.587 35.587 35.587 35.587 35.587 35.587 35.587 35.587 35.587 35.587 35.587 35.587
-9999 -9999 -9999 -9999 -9999 -9999 35.587 35.587 35.587 35.587 35.587 35.587 35.587 35.587
-9999 -9999 -9999 -9999 -9999 -9999 35.587 35.587 35.587 35.587 35.587 35.587 35.587 -9999
-9999 -9999 -9999 -9999 -9999 -9999 -9999 35.587 35.587 35.587 35.587 35.587 -9999 -9999
-9999 -9999 -9999 -9999 -9999 -9999 -9999 35.587 35.587 35.587 35.587 35.587 -9999 -9999
-9999 -9999 -9999 -9999 -9999 -9999 -9999 35.587 35.587 35.587 35.587 35.587 -9999 -9999
-9999 -9999 -9999 -9999 -9999 -9999 -9999 35.587 35.587 35.587 35.587 35.587 -9999 -9999
-9999 -9999 -9999 -9999 -9999 -9999 -9999 -9999 35.587 35.587 35.587 -9999 -9999 -9999
-9999 -9999 -9999 -9999 -9999 -9999 -9999 -9999 -9999 35.587 -9999 -9999 -9999 -9999
-9999 -9999 -9999 -9999 -9999 -9999 -9999 -9999 -9999 35.587 -9999 -9999 -9999 -9999
