outputs_txt/Phd_CSDMS_100k_ky_05_03_2024/Basin_14_DEM.txt
ncols         21
nrows         48
xllcorner     13600.000000
yllcorner     0.000000
cellsize      200
NODATA_value  -9999
22.983 17.545 14.529 12.659 11.431 12.266 11.566 10.989 10.495 10.054 9.7256 11.339 14.336 20.793 17.855 13.6 20.2 21.396 25.515 -32768 -32768
27.107 18.946 14.49 11.92 10.563 9.9998 9.5294 9.1138 8.7336 8.3739 8.9651 10.353 12.843 18.517 17.488 11.945 17.241 16.277 19.681 -32768 -32768
26.88 18.737 20.228 17.363 14.921 13.858 13.011 12.309 10.773 8.078 10.771 12.932 13.427 19.385 15.527 10.871 11.801 13.138 15.751 -32768 -32768
21.118 14.302 13.846 14.342 13.281 12.425 11.711 11.096 10.388 7.7901 8.5639 9.4444 10.733 15.18 14.476 10.328 12.775 18.587 -32768 -32768 -32768
17.717 12.103 10.986 10.251 9.6679 9.1683 8.7184 8.3017 7.9099 7.5252 8.5628 9.9272 12.246 17.476 13.631 9.873 11.5 14.599 21.257 -32768 -32768
22.79 15.603 15.71 14.341 13.283 12.426 11.712 11.094 9.7835 7.3136 9.7848 11.801 12.209 17.451 12.933 9.4796 10.707 12.709 16.377 23.676 -32768
-32768 21.65 17.682 15.199 15.791 14.688 13.765 11.727 8.6335 7.1044 7.8747 8.7272 9.8978 13.748 12.34 9.1302 10.29 12.12 15.493 22.436 -32768
21.656 14.792 12.136 10.694 11.12 10.471 9.9212 11.418 8.4219 6.9058 8.1053 9.8248 13.604 14.857 10.595 8.8108 9.9269 11.624 14.747 21.347 -32768
19.069 13.059 10.918 9.7522 9.1734 8.6839 8.2379 11.009 8.9178 6.7126 9.0632 10.037 13.955 14.244 10.231 8.5172 9.6041 11.199 14.109 20.389 -32768
-32768 19.056 15.582 13.491 12.478 10.47 7.8306 10.47 8.8478 6.5214 7.3535 8.2829 10.046 13.97 11.009 8.2433 9.3106 10.827 13.558 19.545 -32768
19.346 15.626 14.674 14.752 10.532 8.6694 7.4456 9.9654 8.6369 6.3369 7.5256 9.158 12.581 13.214 9.6043 7.983 9.2311 11.241 15.91 -32768 -32768
15.617 10.992 10.467 10.854 10.18 9.5214 7.0912 8.8054 8.4264 6.1559 7.6384 10.356 12.738 13.089 10.328 7.7348 8.9667 10.895 15.338 -32768 -32768
12.95 9.4301 8.6706 8.1012 7.6069 7.1626 6.7466 6.4859 6.2307 5.9775 7.4552 10.115 9.2601 9.4911 10.016 7.4951 8.7159 10.575 14.808 -32768 -32768
15.611 10.992 10.466 9.7608 9.1902 8.7016 9.1153 8.8058 8.0654 5.8331 7.3079 9.922 7.6129 7.8157 9.1976 7.2632 9.7251 10.915 12.043 14.023 -32768
-32768 15.616 14.666 13.497 12.586 11.843 11.532 8.4385 6.8736 5.6898 7.9122 8.7314 6.4202 6.621 6.8261 7.0339 7.5595 8.1485 8.8847 10.067 14.035
16.93 15.165 13.851 12.74 11.903 11.232 11.315 8.2846 6.7312 5.5483 7.7589 8.5062 6.224 8.5026 9.2012 9.4547 9.1363 9.8188 10.76 14.036 17.049
15.128 10.478 9.901 9.2308 8.697 8.2431 8.6551 8.2282 7.6011 5.4085 7.6067 8.2877 6.0302 7.2178 8.8164 12.073 12.493 13.583 15.151 -32768 -32768
12.342 8.9177 8.156 7.604 7.1342 6.7173 6.3316 5.9648 5.6145 5.2693 7.4519 7.6816 5.8408 8.0751 8.9253 9.5931 10.437 10.473 14.682 -32768 -32768
15.152 10.551 9.4912 9.2302 8.6981 9.1156 8.6521 8.2256 7.3133 5.141 5.3108 5.481 5.6527 6.098 6.5787 7.1234 7.7695 8.6259 11.704 -32768 -32768
-32768 15.41 11.73 12.736 11.905 12.258 8.9069 7.2607 6.0599 5.039 7.2032 7.6837 7.8761 7.5822 8.0842 8.6702 9.4021 10.47 -32768 -32768 -32768
-32768 -32768 16.761 13.749 11.8 10.516 9.546 8.7552 7.1007 4.9377 6.119 7.6341 10.43 10.298 10.978 11.822 12.952 14.677 -32768 -32768 -32768
-32768 17.468 12.235 9.8666 8.6603 7.792 7.0665 6.4222 6.9913 4.8371 6.989 7.5452 9.2356 12.753 11.866 11.306 12.598 14.472 17.566 -32768 -32768
-32768 -32768 15.788 11.197 9.1029 7.7836 6.7448 5.8338 6.8808 4.7366 5.5072 6.3406 7.861 10.729 8.6829 8.3603 9.1823 10.296 12.215 17.575 -32768
-32768 16.768 11.833 9.5549 8.1622 7.101 6.1851 5.3532 4.9928 4.6372 5.8157 7.3154 10.015 9.6093 7.1218 7.6684 8.7361 10.186 12.671 18.122 -32768
-32768 -32768 16.532 11.619 9.3798 8.0102 6.9581 6.124 6.675 4.5422 5.721 7.2195 9.8959 9.0207 6.6401 7.5579 8.6335 10.086 12.54 17.883 -32768
-32768 -32768 14.273 11.355 9.8073 10.084 9.4577 8.1133 5.8971 4.4475 5.901 8.235 8.913 8.5406 6.2324 7.1467 8.2031 9.5842 11.851 16.812 -32768
-32768 -32768 10.153 8.2684 7.1815 7.3591 7.659 7.2052 6.4792 4.3535 6.4785 6.9077 6.4686 7.4591 5.8722 6.8945 8.128 9.9366 13.833 -32768 -32768
-32768 12.935 9.2864 7.5552 6.3286 5.8516 5.4195 5.0147 4.633 4.2594 4.5054 4.7531 5.0063 5.2676 5.5373 6.4489 7.4854 8.7813 10.791 15.166 -32768
-32768 14.925 10.043 7.8878 7.0369 8.1563 7.6574 7.2019 6.2914 4.1745 6.2914 6.908 7.1812 6.733 6.0814 6.6686 7.3163 8.0732 9.2211 13.77 -32768
-32768 -32768 13.539 9.3748 9.7432 10.768 7.846 6.2949 5.1087 4.0893 5.5408 7.8296 9.2353 9.2318 8.4004 9.1384 9.4304 10.301 11.405 17.019 -32768
-32768 -32768 17.526 14.356 12.16 8.807 7.1429 5.9363 4.9156 4.0048 6.1151 6.9078 6.6533 7.9875 8.6765 9.6209 12.23 14.92 15.209 -32768 -32768
-32768 -32768 -32768 15.313 10.502 8.1299 6.7427 5.6756 4.7542 3.9206 4.2996 4.6928 5.1151 5.586 6.1096 6.7304 8.023 10.769 13.937 -32768 -32768
-32768 -32768 15.884 13.578 9.3122 7.4968 7.6158 6.9522 5.9424 3.8394 5.9423 6.9054 7.4053 7.9894 7.7814 7.7195 10.328 14.456 15.14 16.456 -32768
-32768 -32768 12.406 8.9918 6.9061 5.915 5.2784 4.7251 4.2308 3.7579 4.7768 5.9601 7.4894 10.299 10.86 9.5644 13.875 15.722 -32768 -32768 -32768
-32768 -32768 15.203 13.431 9.4466 7.5458 7.616 6.9516 5.7751 3.6783 4.5886 5.6091 6.8182 8.5173 12.135 14.545 16.34 -32768 -32768 -32768 -32768
-32768 -32768 -32768 15.271 11.563 8.2565 6.5811 5.4139 4.4468 3.5989 4.433 5.3624 6.457 7.9482 10.644 15.627 -32768 -32768 -32768 -32768 -32768
-32768 -32768 14.286 13.411 11.567 8.6858 7.1757 6.2097 5.1338 3.5205 4.5369 5.5879 6.7633 8.3163 11.473 16.106 15.388 -32768 -32768 -32768 -32768
-32768 -32768 12.471 9.0138 6.9442 5.8212 5.063 4.4556 3.9336 3.4422 3.978 4.5799 5.2865 6.2009 7.7656 10.893 13.823 -32768 -32768 -32768 -32768
-32768 -32768 19.364 23.39 28.183 24.975 18.636 14.681 11.118 3.367 11.415 15.74 21.523 24.466 20.705 27.605 26.679 -32768 -32768 -32768 -32768
-32768 -32768 -32768 -32768 -32768 30.912 20.954 13.847 8.0402 2.9835 8.8159 15.918 25.854 -32768 -32768 -32768 -32768 -32768 -32768 -32768 -32768
-32768 -32768 -32768 -32768 -32768 -32768 25.481 15.519 8.4243 2.6044 8.432 15.554 25.5 -32768 -32768 -32768 -32768 -32768 -32768 -32768 -32768
-32768 -32768 -32768 -32768 -32768 -32768 25.112 15.169 8.0493 2.2277 9.3477 19.329 -32768 -32768 -32768 -32768 -32768 -32768 -32768 -32768 -32768
-32768 -32768 -32768 -32768 -32768 -32768 -32768 18.938 8.9663 1.8529 8.9721 18.966 -32768 -32768 -32768 -32768 -32768 -32768 -32768 -32768 -32768
-32768 -32768 -32768 -32768 -32768 -32768 -32768 18.562 8.5921 1.4797 8.5922 18.574 -32768 -32768 -32768 -32768 -32768 -32768 -32768 -32768 -32768
-32768 -32768 -32768 -32768 -32768 -32768 -32768 18.169 8.2264 1.1084 8.2265 18.196 -32768 -32768 -32768 -32768 -32768 -32768 -32768 -32768 -32768
-32768 -32768 -32768 -32768 -32768 -32768 -32768 -32768 10.711 0.73933 10.711 -32768 -32768 -32768 -32768 -32768 -32768 -32768 -32768 -32768 -32768
-32768 -32768 -32768 -32768 -32768 -32768 -32768 -32768 -32768 0.3699 9.8661 -32768 -32768 -32768 -32768 -32768 -32768 -32768 -32768 -32768 -32768
-32768 -32768 -32768 -32768 -32768 -32768 -32768 -32768 -32768 0.00045557 0.00045797 -32768 -32768 -32768 -32768 -32768 -32768 -32768 -32768 -32768 -32768
