outputs_txt/Phd_CSDMS_100k_ky_05_03_2024/Basin_5_RLF_5000.txt
ncols         16
nrows         48
xllcorner     3800.000000
yllcorner     0.000000
cellsize      200
NODATA_value  -9999
-9999 21.565 21.565 21.565 21.565 21.565 21.565 21.565 21.565 21.565 21.565 21.565 21.565 21.457 -9999 -9999
-9999 21.672 21.672 21.672 21.672 21.672 21.672 21.672 21.672 21.672 21.672 21.672 21.672 21.565 -9999 -9999
-9999 21.779 21.779 21.779 21.779 21.779 21.779 21.779 21.779 21.779 21.779 21.779 21.779 -9999 -9999 -9999
-9999 21.881 21.881 21.881 21.881 21.881 21.881 21.881 21.881 21.881 21.881 21.881 21.881 21.779 -9999 -9999
21.983 21.983 21.983 21.983 21.983 21.983 21.983 21.983 21.983 21.983 21.983 21.983 21.983 21.881 21.881 -9999
22.084 22.084 22.084 22.084 22.084 22.084 22.084 22.084 22.084 22.084 22.084 22.084 22.084 21.983 21.983 21.881
22.184 22.184 22.184 22.184 22.184 22.184 22.184 22.184 22.184 22.184 22.184 22.184 22.184 22.084 22.084 21.983
-9999 22.282 22.282 22.282 22.282 22.282 22.282 22.282 22.282 22.282 22.282 22.282 22.282 22.184 22.184 22.084
-9999 22.38 22.38 22.38 22.38 22.38 22.38 22.38 22.38 22.38 22.38 22.38 22.38 22.282 22.282 -9999
-9999 22.476 22.476 22.476 22.476 22.476 22.476 22.476 22.476 22.476 22.476 22.476 22.476 22.38 22.38 -9999
-9999 22.571 22.571 22.571 22.571 22.571 22.571 22.571 22.571 22.571 22.571 22.571 22.571 22.476 -9999 -9999
-9999 22.665 22.665 22.665 22.665 22.665 22.665 22.665 22.665 22.665 22.665 22.665 22.665 22.571 22.571 -9999
-9999 22.758 22.758 22.758 22.758 22.758 22.758 22.758 22.758 22.758 22.758 22.758 22.758 22.665 22.665 22.571
-9999 22.851 22.851 22.851 22.851 22.851 22.851 22.851 22.851 22.851 22.851 22.851 22.851 22.758 22.758 22.665
-9999 22.94 22.94 22.94 22.94 26.093 26.093 26.093 26.093 26.093 26.093 26.093 26.093 26.004 26.004 25.911
-9999 23.394 23.394 26.547 26.547 26.547 26.547 26.547 26.547 26.547 26.547 26.547 26.547 26.093 26.093 -9999
-9999 26.997 26.997 26.997 26.997 26.997 26.997 26.997 26.997 26.997 26.997 26.997 26.997 26.547 26.547 -9999
-9999 27.443 27.443 27.443 27.443 27.443 27.443 27.443 27.443 27.443 27.443 27.443 27.443 26.997 26.997 -9999
-9999 27.887 27.887 27.887 27.887 27.887 27.887 27.887 27.887 27.887 27.887 27.887 27.887 27.443 27.443 -9999
-9999 28.329 28.329 28.329 28.329 28.329 28.329 28.329 28.329 28.329 28.329 28.329 28.329 27.887 27.887 -9999
-9999 -9999 28.769 28.769 28.769 28.769 28.769 28.769 28.769 28.769 28.769 28.769 28.769 28.329 28.329 -9999
-9999 -9999 29.206 29.206 29.206 29.206 29.206 29.206 29.206 29.206 29.206 29.206 29.206 28.769 28.769 -9999
-9999 -9999 29.643 29.643 29.643 29.643 29.643 29.643 29.643 29.643 29.643 29.643 29.643 29.206 -9999 -9999
-9999 -9999 -9999 30.08 30.08 30.08 30.08 30.08 30.08 30.08 30.08 30.08 30.08 30.08 -9999 -9999
-9999 -9999 -9999 30.08 30.08 30.08 30.08 30.08 30.08 30.08 30.08 30.08 30.08 30.08 -9999 -9999
-9999 -9999 -9999 30.08 30.08 30.08 30.08 30.08 30.08 30.08 30.08 30.08 30.08 30.08 30.08 -9999
-9999 -9999 -9999 30.08 30.08 30.08 30.08 30.08 30.08 30.08 30.08 30.08 30.08 30.08 30.08 -9999
-9999 -9999 -9999 30.08 30.08 30.08 30.08 30.08 30.08 30.08 30.08 30.08 30.08 30.08 -9999 -9999
-9999 -9999 -9999 30.08 30.08 30.08 30.08 30.08 30.08 30.08 30.08 30.08 30.08 30.08 -9999 -9999
-9999 -9999 -9999 30.08 30.08 30.08 30.08 30.08 30.08 30.08 30.08 30.08 30.08 -9999 -9999 -9999
-9999 -9999 -9999 30.08 30.08 30.08 30.08 30.08 30.08 30.08 30.08 30.08 30.08 -9999 -9999 -9999
-9999 -9999 -9999 30.08 30.08 30.08 30.08 30.08 30.08 30.08 30.08 30.08 30.08 -9999 -9999 -9999
-9999 -9999 -9999 30.08 30.08 30.08 30.08 30.08 30.08 30.08 30.08 30.08 30.08 -9999 -9999 -9999
-9999 -9999 -9999 30.08 30.08 30.08 30.08 30.08 30.08 30.08 30.08 30.08 30.08 -9999 -9999 -9999
-9999 -9999 -9999 30.08 30.08 30.08 30.08 30.08 30.08 30.08 30.08 30.08 30.08 -9999 -9999 -9999
-9999 -9999 -9999 30.08 30.08 30.08 30.08 30.08 30.08 30.08 30.08 30.08 30.08 -9999 -9999 -9999
-9999 -9999 -9999 30.08 30.08 30.08 30.08 30.08 30.08 30.08 30.08 30.08 30.08 30.08 -9999 -9999
-9999 -9999 -9999 30.08 30.08 30.08 30.08 30.08 30.08 30.08 30.08 30.08 30.08 30.08 -9999 -9999
-9999 -9999 -9999 30.08 30.08 30.08 30.08 30.08 30.08 30.08 30.08 30.08 30.08 30.08 -9999 -9999
-9999 -9999 -9999 30.08 30.08 30.08 30.08 30.08 30.08 30.08 -9999 -9999 -9999 -9999 -9999 -9999
-9999 -9999 -9999 30.08 30.08 30.08 30.08 30.08 30.08 30.08 -9999 -9999 -9999 -9999 -9999 -9999
-9999 -9999 -9999 -9999 30.08 30.08 30.08 30.08 30.08 -9999 -9999 -9999 -9999 -9999 -9999 -9999
-9999 -9999 -9999 -9999 30.08 30.08 30.08 30.08 30.08 -9999 -9999 -9999 -9999 -9999 -9999 -9999
-9999 -9999 -9999 -9999 30.08 30.08 30.08 30.08 30.08 -9999 -9999 -9999 -9999 -9999 -9999 -9999
-9999 -9999 -9999 -9999 30.08 30.08 30.08 30.08 30.08 -9999 -9999 -9999 -9999 -9999 -9999 -9999
-9999 -9999 -9999 -9999 -9999 30.08 30.08 30.08 -9999 -9999 -9999 -9999 -9999 -9999 -9999 -9999
-9999 -9999 -9999 -9999 -9999 30.08 30.08 30.08 -9999 -9999 -9999 -9999 -9999 -9999 -9999 -9999
-9999 -9999 -9999 -9999 -9999 30.08 30.08 30.08 -9999 -9999 -9999 -9999 -9999 -9999 -9999 -9999
