outputs_txt/Phd_CSDMS_100k_ky_05_03_2024/Basin_14_RLF_2500.txt
ncols         21
nrows         48
xllcorner     13600.000000
yllcorner     0.000000
cellsize      200
NODATA_value  -9999
20.585 20.77 20.77 20.951 20.951 21.129 21.129 21.129 21.129 21.129 21.129 21.129 21.129 19.537 19.359 19.359 19.178 19.178 18.994 -9999 -9999
20.77 20.951 20.951 21.129 21.129 21.274 21.274 21.274 21.274 21.274 21.274 21.274 21.274 19.682 19.537 19.537 19.359 19.359 19.178 -9999 -9999
20.951 21.129 21.129 21.274 21.274 21.417 21.417 21.417 21.417 21.417 21.417 21.417 21.417 19.825 19.682 19.682 19.537 19.537 19.359 -9999 -9999
21.129 21.274 21.274 21.417 21.417 21.559 21.559 21.559 21.559 21.559 21.559 21.559 21.559 19.967 19.825 19.825 19.682 19.682 -9999 -9999 -9999
21.274 21.417 21.417 21.559 21.559 21.698 21.698 21.698 21.698 21.698 21.698 21.698 21.698 20.107 19.967 19.967 19.825 19.825 19.682 -9999 -9999
21.417 21.559 21.559 21.698 21.698 21.838 21.838 21.838 21.838 21.838 21.838 21.838 21.838 20.246 20.107 20.107 19.967 19.967 19.825 19.682 -9999
-9999 21.698 21.698 21.838 21.838 21.966 21.966 21.966 21.966 21.966 21.966 21.966 21.739 20.374 20.246 20.246 20.107 20.107 19.967 19.825 -9999
21.698 21.838 21.838 21.966 21.966 22.068 22.068 22.068 22.068 22.068 22.068 22.068 20.476 20.476 20.374 20.374 20.246 20.246 20.107 19.967 -9999
21.838 21.966 21.966 22.068 22.068 22.169 22.169 22.169 22.169 22.169 22.169 21.942 20.577 20.577 20.476 20.476 20.374 20.374 20.246 20.107 -9999
-9999 22.068 22.068 22.169 22.169 22.27 22.27 22.27 22.27 22.27 22.27 20.678 20.678 20.678 20.577 20.577 20.476 20.476 20.374 20.246 -9999
22.068 22.169 22.169 22.27 22.27 22.37 22.37 22.37 22.37 22.37 22.144 20.778 20.778 20.778 20.678 20.678 20.577 20.577 20.476 -9999 -9999
22.169 22.27 22.27 22.37 22.37 22.47 22.47 22.47 22.47 22.243 19.038 19.038 20.878 20.878 20.778 20.778 20.678 20.678 20.577 -9999 -9999
22.27 22.37 22.37 22.47 22.47 22.565 22.565 22.338 22.338 19.133 19.133 19.133 19.133 19.133 20.878 20.878 20.778 20.778 20.678 -9999 -9999
22.37 22.47 22.47 22.565 22.565 22.433 22.433 18.342 18.342 19.228 19.228 19.228 19.228 19.228 19.133 19.133 19.038 19.038 18.939 18.838 -9999
-9999 22.338 22.338 22.433 22.433 18.436 18.436 18.436 18.436 18.436 19.322 19.322 19.322 19.322 19.228 19.228 19.133 19.133 19.038 18.939 18.738
18.248 18.342 18.342 18.436 18.436 18.531 18.531 18.531 18.531 17.396 18.177 19.416 19.416 19.416 19.322 19.322 19.228 19.228 19.133 19.038 18.838
18.342 18.436 18.436 18.531 18.531 18.615 18.615 17.481 17.481 17.481 17.172 18.262 18.262 19.501 19.416 19.416 19.322 19.322 19.228 -9999 -9999
18.436 18.531 18.531 18.615 18.615 17.566 17.566 17.566 17.566 15.456 16.3 17.257 17.257 18.347 18.262 19.501 19.416 19.416 19.322 -9999 -9999
17.396 17.481 17.481 17.566 17.566 17.651 17.651 15.341 15.341 15.341 15.54 16.385 16.385 17.342 17.257 18.347 18.262 18.262 18.177 -9999 -9999
-9999 17.566 17.566 17.651 17.651 15.425 15.425 15.425 15.425 15.425 14.202 15.625 15.625 16.469 16.385 17.342 17.257 17.257 -9999 -9999 -9999
-9999 -9999 15.341 15.425 15.425 15.507 15.507 15.507 15.507 14.283 14.283 14.283 14.283 15.706 15.625 16.469 16.385 16.385 -9999 -9999 -9999
-9999 15.425 15.425 15.507 15.507 15.588 15.588 14.364 14.364 14.364 14.364 14.364 14.364 14.364 14.283 15.706 15.625 15.625 15.54 -9999 -9999
-9999 -9999 15.507 15.588 15.588 13.848 13.887 14.444 14.444 14.444 14.444 14.444 14.444 14.444 14.364 14.364 14.283 14.283 14.202 14.117 -9999
-9999 13.768 13.768 13.848 13.848 13.927 13.967 14.523 14.523 14.523 14.523 14.523 14.523 14.523 14.444 14.444 14.364 14.364 14.283 14.202 -9999
-9999 -9999 13.848 13.927 13.927 14.006 14.045 14.602 14.602 14.602 14.602 14.602 14.602 14.602 14.523 14.523 14.444 14.444 14.364 14.283 -9999
-9999 -9999 13.927 14.006 14.006 14.084 14.124 14.68 14.68 14.68 14.68 14.68 14.68 14.68 14.602 14.602 14.523 14.523 14.444 14.364 -9999
-9999 -9999 24.663 24.741 24.741 24.816 24.816 24.816 24.816 21.608 21.099 24.238 24.238 24.238 24.163 24.163 24.085 24.085 24.006 -9999 -9999
-9999 27.47 27.47 27.545 27.545 27.929 27.929 27.929 27.929 27.929 25.2 24.622 24.622 24.622 24.238 24.238 24.163 24.163 24.085 24.006 -9999
-9999 27.545 27.545 27.929 27.929 28.308 28.308 28.308 28.308 28.308 28.308 28.308 25.579 25.001 24.622 24.622 24.238 24.238 24.163 24.085 -9999
-9999 -9999 27.929 28.308 28.308 28.685 28.685 28.685 28.685 28.685 28.685 28.685 28.685 28.685 25.001 25.001 24.622 24.622 24.238 24.163 -9999
-9999 -9999 28.308 28.685 28.685 29.059 29.059 29.059 29.059 29.059 29.059 29.059 29.059 29.059 28.685 25.377 25.001 25.001 24.622 -9999 -9999
-9999 -9999 -9999 29.059 29.059 29.433 29.433 29.433 29.433 29.433 29.433 29.433 29.433 29.433 29.059 29.059 25.377 25.377 25.001 -9999 -9999
-9999 -9999 29.059 29.433 29.433 29.804 29.804 29.804 29.804 29.804 29.804 29.804 29.804 29.804 29.433 29.433 25.752 25.752 25.377 25.001 -9999
-9999 -9999 29.433 29.804 29.804 30.173 30.173 30.173 30.173 30.173 30.173 30.173 30.173 30.173 29.804 29.804 29.433 26.125 -9999 -9999 -9999
-9999 -9999 29.804 30.173 30.173 30.542 30.542 30.542 30.542 30.542 30.542 30.542 30.542 30.542 30.173 30.173 29.804 -9999 -9999 -9999 -9999
-9999 -9999 -9999 30.542 30.542 30.912 30.912 30.912 30.912 30.912 30.912 30.912 30.912 30.912 30.912 30.542 -9999 -9999 -9999 -9999 -9999
-9999 -9999 30.542 30.912 30.912 30.912 30.912 30.912 30.912 30.912 30.912 30.912 30.912 30.912 30.912 30.912 30.912 -9999 -9999 -9999 -9999
-9999 -9999 30.912 30.912 30.912 30.912 30.912 30.912 30.912 30.912 30.912 30.912 30.912 30.912 30.912 30.912 30.912 -9999 -9999 -9999 -9999
-9999 -9999 30.912 30.912 30.912 30.912 30.912 30.912 30.912 30.912 30.912 30.912 30.912 30.912 30.912 30.912 30.912 -9999 -9999 -9999 -9999
-9999 -9999 -9999 -9999 -9999 30.912 30.912 30.912 30.912 30.912 30.912 30.912 30.912 -9999 -9999 -9999 -9999 -9999 -9999 -9999 -9999
-9999 -9999 -9999 -9999 -9999 -9999 30.912 30.912 30.912 30.912 30.912 30.912 30.912 -9999 -9999 -9999 -9999 -9999 -9999 -9999 -9999
-9999 -9999 -9999 -9999 -9999 -9999 30.912 30.912 30.912 30.912 30.912 30.912 -9999 -9999 -9999 -9999 -9999 -9999 -9999 -9999 -9999
-9999 -9999 -9999 -9999 -9999 -9999 -9999 30.912 30.912 30.912 30.912 30.912 -9999 -9999 -9999 -9999 -9999 -9999 -9999 -9999 -9999
-9999 -9999 -9999 -9999 -9999 -9999 -9999 30.912 30.912 30.912 30.912 30.912 -9999 -9999 -9999 -9999 -9999 -9999 -9999 -9999 -9999
-9999 -9999 -9999 -9999 -9999 -9999 -9999 30.912 30.912 30.912 30.912 30.912 -9999 -9999 -9999 -9999 -9999 -9999 -9999 -9999 -9999
-9999 -9999 -9999 -9999 -9999 -9999 -9999 -9999 30.912 30.912 30.912 -9999 -9999 -9999 -9999 -9999 -9999 -9999 -9999 -9999 -9999
-9999 -9999 -9999 -9999 -9999 -9999 -9999 -9999 -9999 30.912 30.912 -9999 -9999 -9999 -9999 -9999 -9999 -9999 -9999 -9999 -9999
-9999 -9999 -9999 -9999 -9999 -9999 -9999 -9999 -9999 30.912 30.912 -9999 -9999 -9999 -9999 -9999 -9999 -9999 -9999 -9999 -9999
