outputs_txt/Phd_CSDMS_100k_ky_05_03_2024/Basin_8_RLF_2500.txt
ncols         17
nrows         48
xllcorner     6400.000000
yllcorner     0.000000
cellsize      200
NODATA_value  -9999
-9999 18.173 18.352 18.352 18.592 18.592 18.74 18.74 18.74 18.74 18.74 18.74 18.74 18.74 18.74 18.592 18.592
-9999 18.352 18.53 18.53 18.74 18.74 18.886 18.886 18.886 18.886 18.886 18.886 18.886 18.886 18.886 18.74 18.74
18.352 18.53 18.678 18.678 18.886 18.886 19.029 19.029 19.029 19.029 19.029 19.029 19.029 19.029 19.029 18.886 -9999
-9999 18.678 18.824 18.824 19.029 19.029 19.17 19.17 19.17 19.17 19.17 19.17 19.17 19.17 19.17 19.029 -9999
-9999 -9999 18.968 18.968 19.17 19.17 19.308 19.308 19.308 19.308 19.308 19.308 19.308 19.308 19.308 -9999 -9999
-9999 -9999 -9999 19.108 19.308 19.308 19.443 19.443 19.443 19.443 19.443 19.443 19.443 19.443 19.443 -9999 -9999
-9999 -9999 -9999 19.246 19.381 19.443 19.576 19.576 19.576 19.576 19.576 19.576 19.576 19.576 19.576 -9999 -9999
-9999 -9999 -9999 19.381 19.514 19.576 19.707 19.707 19.707 19.707 19.707 19.707 19.707 19.707 19.707 -9999 -9999
-9999 -9999 19.514 19.514 19.645 19.645 19.835 19.835 19.835 19.835 19.835 19.835 19.835 19.835 -9999 -9999 -9999
-9999 -9999 19.645 19.645 19.774 19.774 19.962 19.962 19.962 19.962 19.962 19.962 19.962 19.962 -9999 -9999 -9999
-9999 19.645 19.774 19.774 19.9 19.9 20.025 20.087 20.087 20.087 20.087 20.087 20.087 20.087 20.087 -9999 -9999
-9999 -9999 19.9 19.9 20.025 20.025 20.149 20.149 20.211 20.211 20.211 20.211 20.211 20.211 20.211 -9999 -9999
-9999 -9999 -9999 20.025 20.149 20.149 20.27 20.27 20.27 20.159 20.332 20.332 20.332 20.332 -9999 -9999 -9999
-9999 -9999 -9999 -9999 -9999 20.27 20.39 20.279 20.279 20.279 20.279 20.279 20.452 20.452 -9999 -9999 -9999
-9999 -9999 -9999 -9999 -9999 20.279 20.397 20.397 20.397 20.397 20.397 20.397 20.397 20.397 -9999 -9999 -9999
-9999 -9999 -9999 -9999 -9999 -9999 20.514 20.514 20.514 20.514 20.514 20.514 20.514 19.129 -9999 -9999 -9999
-9999 -9999 -9999 -9999 -9999 -9999 20.63 20.63 20.63 20.63 20.63 20.63 19.244 15.179 -9999 -9999 -9999
-9999 -9999 -9999 -9999 -9999 -9999 20.745 20.745 20.745 20.745 19.359 19.359 15.293 15.293 -9999 -9999 -9999
-9999 -9999 -9999 -9999 -9999 -9999 20.858 20.858 19.472 19.472 19.277 15.406 15.406 15.406 -9999 -9999 -9999
-9999 -9999 -9999 -9999 -9999 -9999 19.584 19.584 19.389 15.518 15.518 15.518 15.518 15.518 -9999 -9999 -9999
-9999 -9999 -9999 -9999 -9999 -9999 19.5 15.629 15.629 15.629 15.629 15.629 15.629 15.629 -9999 -9999 -9999
-9999 -9999 -9999 -9999 -9999 -9999 15.739 15.739 15.739 15.739 15.739 15.739 15.739 15.739 -9999 -9999 -9999
-9999 -9999 -9999 -9999 -9999 -9999 15.847 15.847 15.847 15.847 15.847 15.847 15.847 15.847 -9999 -9999 -9999
-9999 -9999 -9999 -9999 -9999 -9999 15.954 15.954 15.954 15.954 15.954 15.954 15.954 15.954 -9999 -9999 -9999
-9999 -9999 -9999 -9999 -9999 -9999 16.061 16.061 16.061 16.061 16.061 16.061 16.061 16.061 -9999 -9999 -9999
-9999 -9999 -9999 -9999 -9999 -9999 -9999 16.166 16.166 16.166 16.166 16.166 11.951 11.951 -9999 -9999 -9999
-9999 -9999 -9999 -9999 -9999 -9999 -9999 18.921 18.921 18.955 18.955 18.955 18.955 18.955 -9999 -9999 -9999
-9999 -9999 -9999 -9999 -9999 -9999 -9999 22.785 22.785 22.785 22.785 22.785 22.778 22.778 -9999 -9999 -9999
-9999 -9999 -9999 -9999 -9999 -9999 -9999 23.298 23.298 23.298 23.298 23.298 23.298 23.298 -9999 -9999 -9999
-9999 -9999 -9999 -9999 -9999 -9999 -9999 23.807 23.807 23.807 23.807 23.807 23.807 23.807 -9999 -9999 -9999
-9999 -9999 -9999 -9999 -9999 -9999 -9999 24.311 24.311 24.311 24.311 24.311 24.311 24.311 -9999 -9999 -9999
-9999 -9999 -9999 -9999 -9999 -9999 -9999 24.81 24.81 24.81 24.81 24.81 24.81 24.81 -9999 -9999 -9999
-9999 -9999 -9999 -9999 -9999 -9999 -9999 25.305 25.305 25.305 25.305 25.305 25.305 25.305 -9999 -9999 -9999
-9999 -9999 -9999 -9999 -9999 -9999 -9999 25.799 25.799 25.799 25.799 25.799 25.799 25.799 -9999 -9999 -9999
-9999 -9999 -9999 -9999 -9999 -9999 -9999 26.291 26.291 26.291 26.291 26.291 26.291 26.291 -9999 -9999 -9999
-9999 -9999 -9999 -9999 -9999 -9999 -9999 26.783 26.783 26.783 26.783 26.783 26.783 26.783 -9999 -9999 -9999
-9999 -9999 -9999 -9999 -9999 -9999 26.783 26.783 26.783 26.783 26.783 26.783 26.783 26.783 -9999 -9999 -9999
-9999 -9999 -9999 -9999 -9999 -9999 26.783 26.783 26.783 26.783 26.783 26.783 26.783 26.783 -9999 -9999 -9999
-9999 -9999 -9999 -9999 -9999 -9999 26.783 26.783 26.783 26.783 26.783 26.783 26.783 26.783 -9999 -9999 -9999
-9999 -9999 -9999 -9999 -9999 -9999 -9999 26.783 26.783 26.783 26.783 26.783 26.783 26.783 -9999 -9999 -9999
-9999 -9999 -9999 -9999 -9999 -9999 -9999 26.783 26.783 26.783 26.783 26.783 26.783 26.783 -9999 -9999 -9999
-9999 -9999 -9999 -9999 -9999 -9999 -9999 26.783 26.783 26.783 26.783 26.783 26.783 26.783 -9999 -9999 -9999
-9999 -9999 -9999 -9999 -9999 -9999 -9999 26.783 26.783 26.783 26.783 26.783 26.783 26.783 -9999 -9999 -9999
-9999 -9999 -9999 -9999 -9999 -9999 -9999 -9999 26.783 26.783 26.783 26.783 26.783 26.783 -9999 -9999 -9999
-9999 -9999 -9999 -9999 -9999 -9999 -9999 -9999 26.783 26.783 26.783 26.783 -9999 -9999 -9999 -9999 -9999
-9999 -9999 -9999 -9999 -9999 -9999 -9999 -9999 -9999 26.783 26.783 26.783 -9999 -9999 -9999 -9999 -9999
-9999 -9999 -9999 -9999 -9999 -9999 -9999 -9999 -9999 26.783 26.783 -9999 -9999 -9999 -9999 -9999 -9999
-9999 -9999 -9999 -9999 -9999 -9999 -9999 -9999 -9999 26.783 26.783 -9999 -9999 -9999 -9999 -9999 -9999
